AFGHANISTAN                         38928341    56103   0.144119     2463   0.006327
ARGENTINA                           45195777  2245771   4.968984    54545   0.120686
AUSTRALIA                           25499881    29206   0.114534      909   0.003565
BELARUS                              9449321   310445   3.285368     2157   0.022827
CANADA                              37742157   939057   2.488085    22656   0.060028
CHILE                               19116209   931939   4.875125    22279   0.116545
EGYPT                              102334403   195418   0.190960    11598   0.011333
GHANA                               31072945    89682   0.288618      725   0.002333
HUNGARY                              9660350   571596   5.916928    18262   0.189041
ITALY                               60461828  3376376   5.584310   104942   0.173567
JAPAN                              126476458   456316   0.360791     8821   0.006974
PHILIPPINES                        109581085   663794   0.605756    12968   0.011834
SAINT-VINCENT-AND-THE-GRENADINES      110947     1696   1.528658        9   0.008112
ZIMBABWE                            14862927    36665   0.246688     1512   0.010173
