AFRIAFRICA          1095324229		-656398849	-29.411125		-2125517199	-95.237602
AFRICA              18379776868630895		-656398849	-29.411125		-2125517199	-95.237602
AFRICAEUROPE        71821824050254		-656398849	-29.411125		-2125517199	-95.237602
ASIA                -8676025768363397352		-673910977	  0.000000		-2125961602	  0.000000
ASIA                -8676025768363397352		-673910977	  0.000000		-2125961602	  0.000000
ASIA                -8676026351141956525		-677780282	  0.000000		-2126040751	  0.000000
ASIA                -5419025842306449250		-1685654129	  0.000000		-2125932350	  0.000000
EUROPE              -8676025768363397352		-673910977	  0.000000		-2125961602	  0.000000
EUROPE              -8676025768363397352		-673910977	  0.000000		-2125961602	  0.000000
EUROPE              5136729545073507917		1093484885	13353658351616.000000		1110262862	-32.063736
NORTH-AMERICA       -8676025769937788176		-679090587	  0.000000		-2126071501	  0.000000
OCEANIA             5139241593228442427		1230261829	-357.634521		-2130689714	-1122.033081
SOEUROPE            6513718377637232969		-676850119	 -0.000000		-2126017199	 -0.000000
SOUTH-AMERICA       4683743612831718968		1313164626	-184.682648		-2130689719	-580.238647
