AFRIAFRICA          1095324229		-656369643	-29.077587		-2125516290	-94.161697
AFRICA              18379776868630872		-656369643	-29.077587		-2125516290	-94.161697
AFRICAEUROPE        71821824050254		-656369643	-29.077587		-2125516290	-94.161697
ASIA                2363578166		-655866274	-27.748875		-2125509891	-89.927635
ASIA                2363578166		-655866274	-27.748875		-2125509891	-89.927635
ASIA                1312904275		-675102781	-167.165680		-2125969653	-526.422302
ASIA                2363578166		-655866274	-27.748875		-2125509891	-89.927635
EUROPE              2363578166		-655866274	-27.748875		-2125509891	-89.927635
EUROPE              2363578166		-655866274	-27.748875		-2125509891	-89.927635
EUROPE              5136729545082230582		1093484885	13353658351616.000000		1110262862	-32.063736
NORTH-AMERICA        403852513		-675102781	-167.165680		-2125969653	-526.422302
OCEANIA             5139241593228442427		1230261829	-357.634521		-2130689714	-1122.033081
SOEUROPE             352338249		-676683023	-184.682648		-2126012706	-580.238647
SOUTH-AMERICA       4683743612831718968		1313164626	-184.682648		-2130689719	-580.238647
