2020-03-07	0	0	7132530	74.25
2020-03-08	1	0	7132530	74.25
2020-03-09	0	0	7132530	74.25
2020-03-10	0	0	7132530	74.25
2020-03-11	4	0	7132530	74.25
2020-03-12	0	0	7132530	74.25
2020-03-13	1	0	7132530	74.25
2020-03-14	0	0	7132530	74.25
2020-03-15	0	0	7132530	74.25
2020-03-16	2	0	7132530	74.25
2020-03-17	1	0	7132530	74.25
2020-03-18	2	0	7132530	74.25
2020-03-19	0	0	7132530	74.25
2020-03-20	2	0	7132530	74.25
2020-03-21	5	1	7132530	74.25
2020-03-22	4	0	7132530	74.25
2020-03-23	0	0	7132530	74.25
2020-03-24	5	1	7132530	74.25
2020-03-25	10	1	7132530	74.25
2020-03-26	4	0	7132530	74.25
2020-03-27	11	0	7132530	74.25
2020-03-28	4	0	7132530	74.25
2020-03-29	3	0	7132530	74.25
2020-03-30	5	0	7132530	74.25
2020-03-31	1	0	7132530	74.25
2020-04-01	4	0	7132530	74.25
2020-04-02	8	0	7132530	74.25
2020-04-03	15	0	7132530	74.25
2020-04-04	4	0	7132530	74.25
2020-04-05	8	0	7132530	74.25
2020-04-06	9	2	7132530	74.25
2020-04-07	2	0	7132530	74.25
2020-04-08	4	0	7132530	74.25
2020-04-09	5	0	7132530	74.25
2020-04-10	5	1	7132530	74.25
2020-04-11	4	0	7132530	74.25
2020-04-12	1	0	7132530	74.25
2020-04-13	13	0	7132530	74.25
2020-04-14	12	1	7132530	74.25
2020-04-15	2	1	7132530	74.25
2020-04-16	13	0	7132530	74.25
2020-04-17	25	0	7132530	74.25
2020-04-18	3	0	7132530	74.25
2020-04-19	4	0	7132530	74.25
2020-04-20	2	0	7132530	74.25
2020-04-21	0	0	7132530	74.25
2020-04-22	5	1	7132530	74.25
2020-04-23	0	0	7132530	74.25
2020-04-24	10	0	7132530	74.25
2020-04-25	5	0	7132530	74.25
2020-04-26	0	0	7132530	74.25
2020-04-27	0	0	7132530	74.25
2020-04-28	11	0	7132530	74.25
2020-04-29	0	0	7132530	74.25
2020-04-30	27	1	7132530	74.25
2020-05-01	67	0	7132530	74.25
2020-05-02	37	0	7132530	74.25
2020-05-03	26	0	7132530	74.25
2020-05-04	19	0	7132530	74.25
2020-05-05	16	0	7132530	74.25
2020-05-06	9	0	7132530	74.25
2020-05-07	22	0	7132530	74.25
2020-05-08	101	0	7132530	74.25
2020-05-09	126	0	7132530	74.25
2020-05-10	24	0	7132530	74.25
2020-05-11	11	0	7132530	74.25
2020-05-12	13	0	7132530	74.25
2020-05-13	3	1	7132530	74.25
2020-05-14	14	0	7132530	74.25
2020-05-15	5	0	7132530	74.25
2020-05-16	19	0	7132530	74.25
2020-05-17	8	0	7132530	74.25
2020-05-18	2	0	7132530	74.25
2020-05-19	41	0	7132530	74.25
2020-05-20	4	0	7132530	74.25
2020-05-21	3	0	7132530	74.25
2020-05-22	2	0	7132530	74.25
2020-05-23	12	0	7132530	74.25
2020-05-24	12	0	7132530	74.25
2020-05-25	3	0	7132530	74.25
2020-05-26	12	0	7132530	74.25
2020-05-27	7	0	7132530	74.25
2020-05-28	16	0	7132530	74.25
2020-05-29	17	0	7132530	74.25
2020-05-30	47	0	7132530	74.25
2020-05-31	22	0	7132530	74.25
2020-06-01	9	0	7132530	74.25
2020-06-02	18	0	7132530	74.25
2020-06-03	57	0	7132530	74.25
2020-06-04	16	0	7132530	74.25
2020-06-05	1	0	7132530	74.25
2020-06-06	3	0	7132530	74.25
2020-06-07	45	0	7132530	74.25
2020-06-08	10	0	7132530	74.25
2020-06-09	42	0	7132530	74.25
2020-06-10	15	0	7132530	74.25
2020-06-11	28	0	7132530	74.25
2020-06-12	24	0	7132530	74.25
2020-06-13	7	0	7132530	74.25
2020-06-14	28	0	7132530	74.25
2020-06-15	7	1	7132530	74.25
2020-06-16	7	1	7132530	74.25
2020-06-17	5	0	7132530	74.25
2020-06-18	22	0	7132530	74.25
2020-06-19	6	0	7132530	74.25
2020-06-20	26	0	7132530	74.25
2020-06-21	17	0	7132530	74.25
2020-06-22	13	0	7132530	74.25
2020-06-23	30	0	7132530	74.25
2020-06-24	106	0	7132530	74.25
2020-06-25	41	0	7132530	74.25
2020-06-26	142	0	7132530	74.25
2020-06-27	231	2	7132530	74.25
2020-06-28	185	0	7132530	74.25
2020-06-29	64	1	7132530	74.25
2020-06-30	30	1	7132530	74.25
2020-07-01	39	2	7132530	74.25
2020-07-02	43	0	7132530	74.25
2020-07-03	46	0	7132530	74.25
2020-07-04	36	1	7132530	74.25
2020-07-05	42	0	7132530	74.25
2020-07-06	29	0	7132530	74.25
2020-07-07	46	0	7132530	74.25
2020-07-08	52	0	7132530	74.25
2020-07-09	84	0	7132530	74.25
2020-07-10	98	0	7132530	74.25
2020-07-11	84	1	7132530	74.25
2020-07-12	128	1	7132530	74.25
2020-07-13	32	3	7132530	74.25
2020-07-14	94	0	7132530	74.25
2020-07-15	124	0	7132530	74.25
2020-07-16	144	2	7132530	74.25
2020-07-17	115	1	7132530	74.25
2020-07-18	172	1	7132530	74.25
2020-07-19	92	2	7132530	74.25
2020-07-20	27	2	7132530	74.25
2020-07-21	69	2	7132530	74.25
2020-07-22	183	1	7132530	74.25
2020-07-23	113	0	7132530	74.25
2020-07-24	111	2	7132530	74.25
2020-07-25	104	2	7132530	74.25
2020-07-26	116	1	7132530	74.25
2020-07-27	104	2	7132530	74.25
2020-07-28	126	2	7132530	74.25
2020-07-29	192	1	7132530	74.25
2020-07-30	341	1	7132530	74.25
2020-07-31	131	2	7132530	74.25
2020-08-01	147	3	7132530	74.25
2020-08-02	159	0	7132530	74.25
2020-08-03	80	3	7132530	74.25
2020-08-04	128	4	7132530	74.25
2020-08-05	208	2	7132530	74.25
2020-08-06	315	5	7132530	74.25
2020-08-07	133	3	7132530	74.25
2020-08-08	197	3	7132530	74.25
2020-08-09	202	3	7132530	74.25
2020-08-10	327	7	7132530	74.25
2020-08-11	285	4	7132530	74.25
2020-08-12	499	7	7132530	74.25
2020-08-13	371	4	7132530	74.25
2020-08-14	633	11	7132530	74.25
2020-08-15	359	19	7132530	74.25
2020-08-16	410	11	7132530	74.25
2020-08-17	344	7	7132530	74.25
2020-08-18	471	16	7132530	74.25
2020-08-19	527	4	7132530	74.25
2020-08-20	684	5	7132530	74.25
2020-08-21	719	12	7132530	74.25
2020-08-22	438	10	7132530	74.25
2020-08-23	259	13	7132530	74.25
2020-08-24	369	14	7132530	74.25
2020-08-25	626	12	7132530	74.25
2020-08-26	644	16	7132530	74.25
2020-08-27	418	18	7132530	74.25
2020-08-28	583	15	7132530	74.25
2020-08-29	601	14	7132530	74.25
2020-08-30	631	14	7132530	74.25
2020-08-31	557	18	7132530	74.25
2020-09-01	676	22	7132530	74.25
2020-09-02	800	10	7132530	74.25
2020-09-03	821	15	7132530	74.25
2020-09-04	695	25	7132530	74.25
2020-09-05	1217	14	7132530	74.25
2020-09-06	615	23	7132530	74.25
2020-09-07	867	14	7132530	74.25
2020-09-08	861	14	7132530	74.25
2020-09-09	812	11	7132530	74.25
2020-09-10	605	11	7132530	74.25
2020-09-11	881	11	7132530	74.25
2020-09-12	812	18	7132530	74.25
2020-09-13	493	11	7132530	74.25
2020-09-14	550	14	7132530	74.25
2020-09-15	931	13	7132530	74.25
2020-09-16	1121	14	7132530	74.25
2020-09-17	694	18	7132530	74.25
2020-09-18	1014	27	7132530	74.25
2020-09-19	888	25	7132530	74.25
2020-09-20	505	23	7132530	74.25
2020-09-21	740	17	7132530	74.25
2020-09-22	568	29	7132530	74.25
2020-09-23	743	22	7132530	74.25
2020-09-24	833	16	7132530	74.25
2020-09-25	822	18	7132530	74.25
2020-09-26	696	21	7132530	74.25
2020-09-27	762	21	7132530	74.25
2020-09-28	748	15	7132530	74.25
2020-09-29	669	23	7132530	74.25
2020-09-30	657	16	7132530	74.25
2020-10-01	1041	12	7132530	74.25
2020-10-02	885	21	7132530	74.25
2020-10-03	768	23	7132530	74.25
2020-10-04	730	16	7132530	74.25
2020-10-05	533	18	7132530	74.25
2020-10-06	932	19	7132530	74.25
2020-10-07	788	23	7132530	74.25
2020-10-08	881	23	7132530	74.25
2020-10-09	959	33	7132530	74.25
2020-10-10	703	20	7132530	74.25
2020-10-11	697	12	7132530	74.25
2020-10-12	669	19	7132530	74.25
2020-10-13	853	12	7132530	74.25
2020-10-14	648	23	7132530	74.25
2020-10-15	751	19	7132530	74.25
2020-10-16	886	15	7132530	74.25
2020-10-17	533	14	7132530	74.25
2020-10-18	709	9	7132530	74.25
2020-10-19	728	19	7132530	74.25
2020-10-20	621	24	7132530	74.25
2020-10-21	746	19	7132530	74.25
2020-10-22	707	12	7132530	74.25
2020-10-23	733	16	7132530	74.25
2020-10-24	784	15	7132530	74.25
2020-10-25	551	16	7132530	74.25
2020-10-26	515	24	7132530	74.25
2020-10-27	448	14	7132530	74.25
2020-10-28	733	12	7132530	74.25
2020-10-29	760	14	7132530	74.25
2020-10-30	546	14	7132530	74.25
2020-10-31	589	17	7132530	74.25
2020-11-01	546	14	7132530	74.25
2020-11-02	425	11	7132530	74.25
2020-11-03	472	12	7132530	74.25
2020-11-04	630	13	7132530	74.25
2020-11-05	520	8	7132530	74.25
2020-11-06	703	10	7132530	74.25
2020-11-07	460	7	7132530	74.25
2020-11-08	648	11	7132530	74.25
2020-11-09	359	12	7132530	74.25
2020-11-10	549	14	7132530	74.25
2020-11-11	609	16	7132530	74.25
2020-11-12	547	11	7132530	74.25
2020-11-13	739	13	7132530	74.25
2020-11-14	673	13	7132530	74.25
2020-11-15	509	18	7132530	74.25
2020-11-16	525	15	7132530	74.25
2020-11-17	758	11	7132530	74.25
2020-11-18	782	11	7132530	74.25
2020-11-19	856	12	7132530	74.25
2020-11-20	563	11	7132530	74.25
2020-11-21	799	5	7132530	74.25
2020-11-22	619	5	7132530	74.25
2020-11-23	596	8	7132530	74.25
2020-11-24	819	12	7132530	74.25
2020-11-25	987	14	7132530	74.25
2020-11-26	639	13	7132530	74.25
2020-11-27	919	16	7132530	74.25
2020-11-28	695	11	7132530	74.25
2020-11-29	775	12	7132530	74.25
2020-11-30	518	13	7132530	74.25
2020-12-01	1055	15	7132530	74.25
2020-12-02	1003	12	7132530	74.25
2020-12-03	995	13	7132530	74.25
2020-12-04	1022	17	7132530	74.25
2020-12-05	714	20	7132530	74.25
2020-12-06	707	20	7132530	74.25
2020-12-07	803	19	7132530	74.25
2020-12-08	698	15	7132530	74.25
2020-12-09	725	14	7132530	74.25
2020-12-10	812	13	7132530	74.25
2020-12-11	1155	13	7132530	74.25
2020-12-12	800	10	7132530	74.25
2020-12-13	669	16	7132530	74.25
2020-12-14	641	18	7132530	74.25
2020-12-15	1130	20	7132530	74.25
2020-12-16	856	23	7132530	74.25
2020-12-17	819	18	7132530	74.25
2020-12-18	1268	18	7132530	74.25
2020-12-19	861	22	7132530	74.25
2020-12-20	632	16	7132530	74.25
2020-12-21	823	15	7132530	74.25
2020-12-22	932	17	7132530	74.25
2020-12-23	827	18	7132530	74.25
2020-12-24	958	16	7132530	74.25
2020-12-25	559	0	7132530	74.25
2020-12-26	274	20	7132530	74.25
2020-12-27	260	14	7132530	74.25
2020-12-28	952	14	7132530	74.25
2020-12-29	762	18	7132530	74.25
2020-12-30	822	22	7132530	74.25
2020-12-31	974	20	7132530	74.25
2021-01-01	417	0	7132530	74.25
2021-01-02	369	17	7132530	74.25
2021-01-03	355	13	7132530	74.25
2021-01-04	764	13	7132530	74.25
2021-01-05	959	16	7132530	74.25
2021-01-06	898	16	7132530	74.25
2021-01-07	1162	15	7132530	74.25
2021-01-08	1138	20	7132530	74.25
2021-01-09	1032	15	7132530	74.25
2021-01-10	707	18	7132530	74.25
2021-01-11	802	15	7132530	74.25
2021-01-12	1055	17	7132530	74.25
2021-01-13	1002	14	7132530	74.25
2021-01-14	1048	15	7132530	74.25
2021-01-15	1149	13	7132530	74.25
2021-01-16	859	16	7132530	74.25
2021-01-17	512	10	7132530	74.25
2021-01-18	428	13	7132530	74.25
2021-01-19	771	17	7132530	74.25
2021-01-20	1088	21	7132530	74.25
2021-01-21	1071	14	7132530	74.25
2021-01-22	852	15	7132530	74.25
2021-01-23	711	22	7132530	74.25
2021-01-24	571	10	7132530	74.25
2021-01-25	714	15	7132530	74.25
2021-01-26	1028	19	7132530	74.25
2021-01-27	769	17	7132530	74.25
2021-01-28	754	13	7132530	74.25
2021-01-29	969	12	7132530	74.25
2021-01-30	662	11	7132530	74.25
2021-01-31	679	14	7132530	74.25
2021-02-01	554	15	7132530	74.25
2021-02-02	701	17	7132530	74.25
2021-02-03	747	15	7132530	74.25
2021-02-04	794	14	7132530	74.25
2021-02-05	867	12	7132530	74.25
2021-02-06	713	16	7132530	74.25
2021-02-07	515	19	7132530	74.25
2021-02-08	827	20	7132530	74.25
2021-02-09	874	16	7132530	74.25
2021-02-10	978	14	7132530	74.25
2021-02-11	978	15	7132530	74.25
2021-02-12	823	13	7132530	74.25
2021-02-13	845	16	7132530	74.25
2021-02-14	599	16	7132530	74.25
2021-02-15	1053	17	7132530	74.25
2021-02-16	1121	18	7132530	74.25
2021-02-17	1037	20	7132530	74.25
2021-02-18	1369	17	7132530	74.25
2021-02-19	1062	18	7132530	74.25
2021-02-20	1047	19	7132530	74.25
2021-02-21	987	20	7132530	74.25
2021-02-22	940	15	7132530	74.25
2021-02-23	1132	21	7132530	74.25
2021-02-24	1114	18	7132530	74.25
2021-02-25	1285	16	7132530	74.25
2021-02-26	1414	17	7132530	74.25
2021-02-27	934	15	7132530	74.25
2021-02-28	937	14	7132530	74.25
2021-03-01	974	17	7132530	74.25
2021-03-02	1082	20	7132530	74.25
2021-03-03	1341	21	7132530	74.25
2021-03-04	1439	17	7132530	74.25
2021-03-05	1501	22	7132530	74.25
2021-03-06	1158	16	7132530	74.25
2021-03-07	1074	24	7132530	74.25
2021-03-08	1817	25	7132530	74.25
2021-03-09	2125	17	7132530	74.25
2021-03-10	2028	27	7132530	74.25
2021-03-11	1814	24	7132530	74.25
2021-03-12	1766	25	7132530	74.25
2021-03-13	1479	20	7132530	74.25
2021-03-14	942	20	7132530	74.25
2021-03-15	1400	41	7132530	74.25
2021-03-16	1934	37	7132530	74.25
2021-03-17	2540	34	7132530	74.25
2021-03-18	2605	32	7132530	74.25
2021-03-19	2006	42	7132530	74.25
2021-03-20	2100	33	7132530	74.25
2021-03-21	1523	35	7132530	74.25

