2020-02-25	0	0	2877800		78.57
2020-02-26	0	0	2877800		78.57
2020-02-27	0	0	2877800		78.57
2020-02-28	0	0	2877800		78.57
2020-02-29	0	0	2877800		78.57
2020-03-01	0	0	2877800		78.57
2020-03-02	0	0	2877800		78.57
2020-03-03	0	0	2877800		78.57
2020-03-04	0	0	2877800		78.57
2020-03-05	0	0	2877800		78.57
2020-03-06	0	0	2877800		78.57
2020-03-07	0	0	2877800		78.57
2020-03-08	0	0	2877800		78.57
2020-03-09	2	0	2877800		78.57
2020-03-10	8	0	2877800		78.57
2020-03-11	2	1	2877800		78.57
2020-03-12	11	0	2877800		78.57
2020-03-13	10	0	2877800		78.57
2020-03-14	5	0	2877800		78.57
2020-03-15	4	0	2877800		78.57
2020-03-16	9	0	2877800		78.57
2020-03-17	4	0	2877800		78.57
2020-03-18	4	1	2877800		78.57
2020-03-19	5	0	2877800		78.57
2020-03-20	6	0	2877800		78.57
2020-03-21	6	0	2877800		78.57
2020-03-22	13	0	2877800		78.57
2020-03-23	15	2	2877800		78.57
2020-03-24	19	1	2877800		78.57
2020-03-25	23	0	2877800		78.57
2020-03-26	28	1	2877800		78.57
2020-03-27	12	2	2877800		78.57
2020-03-28	11	2	2877800		78.57
2020-03-29	15	0	2877800		78.57
2020-03-30	11	1	2877800		78.57
2020-03-31	20	4	2877800		78.57
2020-04-01	16	0	2877800		78.57
2020-04-02	18	1	2877800		78.57
2020-04-03	27	1	2877800		78.57
2020-04-04	29	3	2877800		78.57
2020-04-05	28	0	2877800		78.57
2020-04-06	16	1	2877800		78.57
2020-04-07	6	1	2877800		78.57
2020-04-08	17	0	2877800		78.57
2020-04-09	9	1	2877800		78.57
2020-04-10	7	0	2877800		78.57
2020-04-11	17	0	2877800		78.57
2020-04-12	13	0	2877800		78.57
2020-04-13	21	0	2877800		78.57
2020-04-14	8	1	2877800		78.57
2020-04-15	19	1	2877800		78.57
2020-04-16	24	1	2877800		78.57
2020-04-17	21	0	2877800		78.57
2020-04-18	9	0	2877800		78.57
2020-04-19	14	0	2877800		78.57
2020-04-20	22	0	2877800		78.57
2020-04-21	25	0	2877800		78.57
2020-04-22	25	1	2877800		78.57
2020-04-23	29	0	2877800		78.57
2020-04-24	15	0	2877800		78.57
2020-04-25	34	0	2877800		78.57
2020-04-26	14	1	2877800		78.57
2020-04-27	10	0	2877800		78.57
2020-04-28	14	2	2877800		78.57
2020-04-29	16	0	2877800		78.57
2020-04-30	7	1	2877800		78.57
2020-05-01	9	0	2877800		78.57
2020-05-02	7	0	2877800		78.57
2020-05-03	6	0	2877800		78.57
2020-05-04	8	0	2877800		78.57
2020-05-05	17	0	2877800		78.57
2020-05-06	12	0	2877800		78.57
2020-05-07	10	0	2877800		78.57
2020-05-08	8	0	2877800		78.57
2020-05-09	6	0	2877800		78.57
2020-05-10	12	0	2877800		78.57
2020-05-11	4	0	2877800		78.57
2020-05-12	4	0	2877800		78.57
2020-05-13	4	0	2877800		78.57
2020-05-14	18	0	2877800		78.57
2020-05-15	18	0	2877800		78.57
2020-05-16	17	0	2877800		78.57
2020-05-17	13	0	2877800		78.57
2020-05-18	2	0	2877800		78.57
2020-05-19	1	0	2877800		78.57
2020-05-20	15	0	2877800		78.57
2020-05-21	5	0	2877800		78.57
2020-05-22	12	0	2877800		78.57
2020-05-23	8	0	2877800		78.57
2020-05-24	9	1	2877800		78.57
2020-05-25	6	0	2877800		78.57
2020-05-26	25	1	2877800		78.57
2020-05-27	21	0	2877800		78.57
2020-05-28	26	0	2877800		78.57
2020-05-29	23	0	2877800		78.57
2020-05-30	23	0	2877800		78.57
2020-05-31	15	0	2877800		78.57
2020-06-01	6	0	2877800		78.57
2020-06-02	21	0	2877800		78.57
2020-06-03	20	0	2877800		78.57
2020-06-04	13	0	2877800		78.57
2020-06-05	15	0	2877800		78.57
2020-06-06	20	1	2877800		78.57
2020-06-07	14	0	2877800		78.57
2020-06-08	17	0	2877800		78.57
2020-06-09	36	0	2877800		78.57
2020-06-10	42	0	2877800		78.57
2020-06-11	44	1	2877800		78.57
2020-06-12	31	1	2877800		78.57
2020-06-13	48	0	2877800		78.57
2020-06-14	57	0	2877800		78.57
2020-06-15	69	0	2877800		78.57
2020-06-16	82	1	2877800		78.57
2020-06-17	50	1	2877800		78.57
2020-06-18	66	1	2877800		78.57
2020-06-19	50	3	2877800		78.57
2020-06-20	53	1	2877800		78.57
2020-06-21	71	1	2877800		78.57
2020-06-22	33	0	2877800		78.57
2020-06-23	52	1	2877800		78.57
2020-06-24	67	2	2877800		78.57
2020-06-25	78	2	2877800		78.57
2020-06-26	77	2	2877800		78.57
2020-06-27	61	2	2877800		78.57
2020-06-28	72	2	2877800		78.57
2020-06-29	64	3	2877800		78.57
2020-06-30	69	4	2877800		78.57
2020-07-01	45	3	2877800		78.57
2020-07-02	82	4	2877800		78.57
2020-07-03	90	3	2877800		78.57
2020-07-04	67	2	2877800		78.57
2020-07-05	74	2	2877800		78.57
2020-07-06	71	3	2877800		78.57
2020-07-07	74	2	2877800		78.57
2020-07-08	68	2	2877800		78.57
2020-07-09	82	0	2877800		78.57
2020-07-10	90	2	2877800		78.57
2020-07-11	93	4	2877800		78.57
2020-07-12	83	4	2877800		78.57
2020-07-13	117	2	2877800		78.57
2020-07-14	96	2	2877800		78.57
2020-07-15	85	4	2877800		78.57
2020-07-16	99	3	2877800		78.57
2020-07-17	55	3	2877800		78.57
2020-07-18	102	4	2877800		78.57
2020-07-19	82	1	2877800		78.57
2020-07-20	81	1	2877800		78.57
2020-07-21	119	4	2877800		78.57
2020-07-22	68	3	2877800		78.57
2020-07-23	108	3	2877800		78.57
2020-07-24	104	5	2877800		78.57
2020-07-25	67	6	2877800		78.57
2020-07-26	126	4	2877800		78.57
2020-07-27	117	6	2877800		78.57
2020-07-28	117	4	2877800		78.57
2020-07-29	108	2	2877800		78.57
2020-07-30	92	4	2877800		78.57
2020-07-31	79	3	2877800		78.57
2020-08-01	120	4	2877800		78.57
2020-08-02	123	5	2877800		78.57
2020-08-03	101	6	2877800		78.57
2020-08-04	130	4	2877800		78.57
2020-08-05	139	6	2877800		78.57
2020-08-06	127	6	2877800		78.57
2020-08-07	135	1	2877800		78.57
2020-08-08	124	4	2877800		78.57
2020-08-09	136	6	2877800		78.57
2020-08-10	125	1	2877800		78.57
2020-08-11	140	5	2877800		78.57
2020-08-12	141	3	2877800		78.57
2020-08-13	154	5	2877800		78.57
2020-08-14	146	6	2877800		78.57
2020-08-15	143	6	2877800		78.57
2020-08-16	120	3	2877800		78.57
2020-08-17	119	2	2877800		78.57
2020-08-18	155	2	2877800		78.57
2020-08-19	158	2	2877800		78.57
2020-08-20	155	4	2877800		78.57
2020-08-21	152	2	2877800		78.57
2020-08-22	156	5	2877800		78.57
2020-08-23	152	5	2877800		78.57
2020-08-24	178	4	2877800		78.57
2020-08-25	154	5	2877800		78.57
2020-08-26	168	4	2877800		78.57
2020-08-27	156	3	2877800		78.57
2020-08-28	112	5	2877800		78.57
2020-08-29	84	4	2877800		78.57
2020-08-30	101	5	2877800		78.57
2020-08-31	133	4	2877800		78.57
2020-09-01	93	6	2877800		78.57
2020-09-02	122	6	2877800		78.57
2020-09-03	116	5	2877800		78.57
2020-09-04	123	5	2877800		78.57
2020-09-05	135	6	2877800		78.57
2020-09-06	153	4	2877800		78.57
2020-09-07	151	3	2877800		78.57
2020-09-08	147	2	2877800		78.57
2020-09-09	151	1	2877800		78.57
2020-09-10	156	2	2877800		78.57
2020-09-11	161	3	2877800		78.57
2020-09-12	164	3	2877800		78.57
2020-09-13	168	4	2877800		78.57
2020-09-14	167	4	2877800		78.57
2020-09-15	152	2	2877800		78.57
2020-09-16	144	3	2877800		78.57
2020-09-17	132	4	2877800		78.57
2020-09-18	125	6	2877800		78.57
2020-09-19	153	5	2877800		78.57
2020-09-20	159	4	2877800		78.57
2020-09-21	150	2	2877800		78.57
2020-09-22	131	3	2877800		78.57
2020-09-23	121	3	2877800		78.57
2020-09-24	134	0	2877800		78.57
2020-09-25	124	3	2877800		78.57
2020-09-26	108	2	2877800		78.57
2020-09-27	106	2	2877800		78.57
2020-09-28	132	3	2877800		78.57
2020-09-29	127	4	2877800		78.57
2020-09-30	131	3	2877800		78.57
2020-10-01	157	1	2877800		78.57
2020-10-02	159	1	2877800		78.57
2020-10-03	152	3	2877800		78.57
2020-10-04	149	4	2877800		78.57
2020-10-05	144	4	2877800		78.57
2020-10-06	158	3	2877800		78.57
2020-10-07	162	4	2877800		78.57
2020-10-08	169	4	2877800		78.57
2020-10-09	167	2	2877800		78.57
2020-10-10	165	3	2877800		78.57
2020-10-11	168	4	2877800		78.57
2020-10-12	171	4	2877800		78.57
2020-10-13	182	5	2877800		78.57
2020-10-14	203	5	2877800		78.57
2020-10-15	257	5	2877800		78.57
2020-10-16	289	4	2877800		78.57
2020-10-17	273	5	2877800		78.57
2020-10-18	281	3	2877800		78.57
2020-10-19	295	3	2877800		78.57
2020-10-20	301	4	2877800		78.57
2020-10-21	297	4	2877800		78.57
2020-10-22	302	3	2877800		78.57
2020-10-23	306	4	2877800		78.57
2020-10-24	302	4	2877800		78.57
2020-10-25	299	4	2877800		78.57
2020-10-26	288	3	2877800		78.57
2020-10-27	284	7	2877800		78.57
2020-10-28	311	6	2877800		78.57
2020-10-29	275	6	2877800		78.57
2020-10-30	319	3	2877800		78.57
2020-10-31	241	7	2877800		78.57
2020-11-01	327	9	2877800		78.57
2020-11-02	321	9	2877800		78.57
2020-11-03	381	5	2877800		78.57
2020-11-04	396	4	2877800		78.57
2020-11-05	421	7	2877800		78.57
2020-11-06	489	6	2877800		78.57
2020-11-07	495	8	2877800		78.57
2020-11-08	501	2	2877800		78.57
2020-11-09	525	12	2877800		78.57
2020-11-10	563	8	2877800		78.57
2020-11-11	507	11	2877800		78.57
2020-11-12	410	8	2877800		78.57
2020-11-13	490	7	2877800		78.57
2020-11-14	532	7	2877800		78.57
2020-11-15	597	11	2877800		78.57
2020-11-16	602	8	2877800		78.57
2020-11-17	694	6	2877800		78.57
2020-11-18	711	9	2877800		78.57
2020-11-19	786	11	2877800		78.57
2020-11-20	836	15	2877800		78.57
2020-11-21	737	13	2877800		78.57
2020-11-22	565	14	2877800		78.57
2020-11-23	795	17	2877800		78.57
2020-11-24	744	19	2877800		78.57
2020-11-25	644	8	2877800		78.57
2020-11-26	656	10	2877800		78.57
2020-11-27	645	18	2877800		78.57
2020-11-28	545	16	2877800		78.57
2020-11-29	835	11	2877800		78.57
2020-11-30	557	12	2877800		78.57
2020-12-01	832	12	2877800		78.57
2020-12-02	705	17	2877800		78.57
2020-12-03	782	13	2877800		78.57
2020-12-04	801	18	2877800		78.57
2020-12-05	846	19	2877800		78.57
2020-12-06	840	16	2877800		78.57
2020-12-07	695	17	2877800		78.57
2020-12-08	753	14	2877800		78.57
2020-12-09	752	15	2877800		78.57
2020-12-10	873	14	2877800		78.57
2020-12-11	802	12	2877800		78.57
2020-12-12	879	12	2877800		78.57
2020-12-13	788	14	2877800		78.57
2020-12-14	661	13	2877800		78.57
2020-12-15	809	12	2877800		78.57
2020-12-16	637	12	2877800		78.57
2020-12-17	787	15	2877800		78.57
2020-12-18	580	11	2877800		78.57
2020-12-19	538	8	2877800		78.57
2020-12-20	461	14	2877800		78.57
2020-12-21	422	10	2877800		78.57
2020-12-22	389	13	2877800		78.57
2020-12-23	503	6	2877800		78.57
2020-12-24	510	8	2877800		78.57
2020-12-25	553	9	2877800		78.57
2020-12-26	375	9	2877800		78.57
2020-12-27	499	10	2877800		78.57
2020-12-28	318	11	2877800		78.57
2020-12-29	574	6	2877800		78.57
2020-12-30	581	4	2877800		78.57
2020-12-31	589	7	2877800		78.57
2021-01-01	0	0	2877800		78.57
2021-01-02	675	9	2877800		78.57
2021-01-03	447	3	2877800		78.57
2021-01-04	185	6	2877800		78.57
2021-01-05	660	11	2877800		78.57
2021-01-06	725	7	2877800		78.57
2021-01-07	697	6	2877800		78.57
2021-01-08	673	7	2877800		78.57
2021-01-09	655	3	2877800		78.57
2021-01-10	562	8	2877800		78.57
2021-01-11	376	6	2877800		78.57
2021-01-12	656	5	2877800		78.57
2021-01-13	707	4	2877800		78.57
2021-01-14	660	5	2877800		78.57
2021-01-15	641	4	2877800		78.57
2021-01-16	581	5	2877800		78.57
2021-01-17	474	7	2877800		78.57
2021-01-18	292	4	2877800		78.57
2021-01-19	586	6	2877800		78.57
2021-01-20	670	4	2877800		78.57
2021-01-21	678	5	2877800		78.57
2021-01-22	739	7	2877800		78.57
2021-01-23	786	7	2877800		78.57
2021-01-24	833	5	2877800		78.57
2021-01-25	538	9	2877800		78.57
2021-01-26	879	8	2877800		78.57
2021-01-27	876	7	2877800		78.57
2021-01-28	887	11	2877800		78.57
2021-01-29	896	8	2877800		78.57
2021-01-30	901	11	2877800		78.57
2021-01-31	876	11	2877800		78.57
2021-02-01	865	13	2877800		78.57
2021-02-02	942	5	2877800		78.57
2021-02-03	1007	6	2877800		78.57
2021-02-04	1052	14	2877800		78.57
2021-02-05	1089	15	2877800		78.57
2021-02-06	1130	13	2877800		78.57
2021-02-07	1124	14	2877800		78.57
2021-02-08	953	12	2877800		78.57
2021-02-09	1239	16	2877800		78.57
2021-02-10	1143	15	2877800		78.57
2021-02-11	1105	14	2877800		78.57
2021-02-12	1059	14	2877800		78.57
2021-02-13	1152	12	2877800		78.57
2021-02-14	1088	12	2877800		78.57
2021-02-15	775	12	2877800		78.57
2021-02-16	801	15	2877800		78.57
2021-02-17	1075	18	2877800		78.57
2021-02-18	1112	17	2877800		78.57
2021-02-19	1071	19	2877800		78.57
2021-02-20	1153	17	2877800		78.57
2021-02-21	1184	13	2877800		78.57
2021-02-22	1039	15	2877800		78.57
2021-02-23	1021	15	2877800		78.57
2021-02-24	1021	19	2877800		78.57
2021-02-25	986	21	2877800		78.57
2021-02-26	916	20	2877800		78.57
2021-02-27	986	19	2877800		78.57
2021-02-28	952	21	2877800		78.57
2021-03-01	764	20	2877800		78.57
2021-03-02	892	19	2877800		78.57
2021-03-03	851	21	2877800		78.57
2021-03-04	847	20	2877800		78.57
2021-03-05	780	21	2877800		78.57
2021-03-06	777	21	2877800		78.57
2021-03-07	819	21	2877800		78.57
2021-03-08	683	17	2877800		78.57
2021-03-09	629	13	2877800		78.57
2021-03-10	631	17	2877800		78.57
2021-03-11	602	16	2877800		78.57
2021-03-12	681	16	2877800		78.57
2021-03-13	698	12	2877800		78.57
2021-03-14	653	15	2877800		78.57
2021-03-15	543	15	2877800		78.57
2021-03-16	475	17	2877800		78.57
2021-03-17	446	15	2877800		78.57
2021-03-18	590	14	2877800		78.57
2021-03-19	494	16	2877800		78.57
2021-03-20	519	11	2877800		78.57
2021-03-21	659	4	2877800		78.57