2020-01-01	0	0	45195777	76.67
2020-01-02	0	0	45195777	76.67
2020-01-03	0	0	45195777	76.67
2020-01-04	0	0	45195777	76.67
2020-01-05	0	0	45195777	76.67
2020-01-06	0	0	45195777	76.67
2020-01-07	0	0	45195777	76.67
2020-01-08	0	0	45195777	76.67
2020-01-09	0	0	45195777	76.67
2020-01-10	0	0	45195777	76.67
2020-01-11	0	0	45195777	76.67
2020-01-12	0	0	45195777	76.67
2020-01-13	0	0	45195777	76.67
2020-01-14	0	0	45195777	76.67
2020-01-15	0	0	45195777	76.67
2020-01-16	0	0	45195777	76.67
2020-01-17	0	0	45195777	76.67
2020-01-18	0	0	45195777	76.67
2020-01-19	0	0	45195777	76.67
2020-01-20	0	0	45195777	76.67
2020-01-21	0	0	45195777	76.67
2020-01-22	0	0	45195777	76.67
2020-01-23	0	0	45195777	76.67
2020-01-24	0	0	45195777	76.67
2020-01-25	0	0	45195777	76.67
2020-01-26	0	0	45195777	76.67
2020-01-27	0	0	45195777	76.67
2020-01-28	0	0	45195777	76.67
2020-01-29	0	0	45195777	76.67
2020-01-30	0	0	45195777	76.67
2020-01-31	0	0	45195777	76.67
2020-02-01	0	0	45195777	76.67
2020-02-02	0	0	45195777	76.67
2020-02-03	0	0	45195777	76.67
2020-02-04	0	0	45195777	76.67
2020-02-05	0	0	45195777	76.67
2020-02-06	0	0	45195777	76.67
2020-02-07	0	0	45195777	76.67
2020-02-08	0	0	45195777	76.67
2020-02-09	0	0	45195777	76.67
2020-02-10	0	0	45195777	76.67
2020-02-11	0	0	45195777	76.67
2020-02-12	0	0	45195777	76.67
2020-02-13	0	0	45195777	76.67
2020-02-14	0	0	45195777	76.67
2020-02-15	0	0	45195777	76.67
2020-02-16	0	0	45195777	76.67
2020-02-17	0	0	45195777	76.67
2020-02-18	0	0	45195777	76.67
2020-02-19	0	0	45195777	76.67
2020-02-20	0	0	45195777	76.67
2020-02-21	0	0	45195777	76.67
2020-02-22	0	0	45195777	76.67
2020-02-23	0	0	45195777	76.67
2020-02-24	0	0	45195777	76.67
2020-02-25	0	0	45195777	76.67
2020-02-26	0	0	45195777	76.67
2020-02-27	0	0	45195777	76.67
2020-02-28	0	0	45195777	76.67
2020-02-29	0	0	45195777	76.67
2020-03-01	0	0	45195777	76.67
2020-03-02	0	0	45195777	76.67
2020-03-03	1	0	45195777	76.67
2020-03-04	0	0	45195777	76.67
2020-03-05	0	0	45195777	76.67
2020-03-06	1	0	45195777	76.67
2020-03-07	6	0	45195777	76.67
2020-03-08	4	1	45195777	76.67
2020-03-09	0	0	45195777	76.67
2020-03-10	5	0	45195777	76.67
2020-03-11	2	0	45195777	76.67
2020-03-12	0	0	45195777	76.67
2020-03-13	12	1	45195777	76.67
2020-03-14	3	0	45195777	76.67
2020-03-15	11	0	45195777	76.67
2020-03-16	11	0	45195777	76.67
2020-03-17	12	0	45195777	76.67
2020-03-18	11	0	45195777	76.67
2020-03-19	18	1	45195777	76.67
2020-03-20	31	0	45195777	76.67
2020-03-21	30	1	45195777	76.67
2020-03-22	108	0	45195777	76.67
2020-03-23	35	0	45195777	76.67
2020-03-24	86	2	45195777	76.67
2020-03-25	0	2	45195777	76.67
2020-03-26	115	1	45195777	76.67
2020-03-27	87	4	45195777	76.67
2020-03-28	101	5	45195777	76.67
2020-03-29	55	1	45195777	76.67
2020-03-30	75	4	45195777	76.67
2020-03-31	234	4	45195777	76.67
2020-04-01	0	1	45195777	76.67
2020-04-02	79	8	45195777	76.67
2020-04-03	132	3	45195777	76.67
2020-04-04	186	4	45195777	76.67
2020-04-05	0	1	45195777	76.67
2020-04-06	103	4	45195777	76.67
2020-04-07	74	8	45195777	76.67
2020-04-08	87	7	45195777	76.67
2020-04-09	80	9	45195777	76.67
2020-04-10	180	10	45195777	76.67
2020-04-11	0	1	45195777	76.67
2020-04-12	167	7	45195777	76.67
2020-04-13	66	7	45195777	76.67
2020-04-14	69	5	45195777	76.67
2020-04-15	166	9	45195777	76.67
2020-04-16	128	4	45195777	76.67
2020-04-17	98	8	45195777	76.67
2020-04-18	89	6	45195777	76.67
2020-04-19	81	3	45195777	76.67
2020-04-20	102	4	45195777	76.67
2020-04-21	90	11	45195777	76.67
2020-04-22	113	5	45195777	76.67
2020-04-23	291	13	45195777	76.67
2020-04-24	172	11	45195777	76.67
2020-04-25	173	9	45195777	76.67
2020-04-26	112	7	45195777	76.67
2020-04-27	111	5	45195777	76.67
2020-04-28	124	10	45195777	76.67
2020-04-29	158	7	45195777	76.67
2020-04-30	143	4	45195777	76.67
2020-05-01	104	7	45195777	76.67
2020-05-02	149	12	45195777	76.67
2020-05-03	102	9	45195777	76.67
2020-05-04	104	14	45195777	76.67
2020-05-05	133	4	45195777	76.67
2020-05-06	188	9	45195777	76.67
2020-05-07	163	9	45195777	76.67
2020-05-08	240	11	45195777	76.67
2020-05-09	165	7	45195777	76.67
2020-05-10	258	5	45195777	76.67
2020-05-11	244	9	45195777	76.67
2020-05-12	285	5	45195777	76.67
2020-05-13	316	10	45195777	76.67
2020-05-14	255	24	45195777	76.67
2020-05-15	345	3	45195777	76.67
2020-05-16	326	7	45195777	76.67
2020-05-17	263	10	45195777	76.67
2020-05-18	303	9	45195777	76.67
2020-05-19	438	11	45195777	76.67
2020-05-20	474	10	45195777	76.67
2020-05-21	648	13	45195777	76.67
2020-05-22	718	17	45195777	76.67
2020-05-23	704	12	45195777	76.67
2020-05-24	723	7	45195777	76.67
2020-05-25	552	15	45195777	76.67
2020-05-26	600	17	45195777	76.67
2020-05-27	705	16	45195777	76.67
2020-05-28	769	8	45195777	76.67
2020-05-29	717	12	45195777	76.67
2020-05-30	795	8	45195777	76.67
2020-05-31	637	11	45195777	76.67
2020-06-01	564	17	45195777	76.67
2020-06-02	904	13	45195777	76.67
2020-06-03	949	14	45195777	76.67
2020-06-04	929	25	45195777	76.67
2020-06-05	840	24	45195777	76.67
2020-06-06	983	16	45195777	76.67
2020-06-07	774	16	45195777	76.67
2020-06-08	826	29	45195777	76.67
2020-06-09	1141	24	45195777	76.67
2020-06-10	1226	18	45195777	76.67
2020-06-11	1386	30	45195777	76.67
2020-06-12	1391	20	45195777	76.67
2020-06-13	1531	30	45195777	76.67
2020-06-14	1282	18	45195777	76.67
2020-06-15	1208	21	45195777	76.67
2020-06-16	1374	24	45195777	76.67
2020-06-17	1393	35	45195777	76.67
2020-06-18	1958	35	45195777	76.67
2020-06-19	2060	31	45195777	76.67
2020-06-20	1634	13	45195777	76.67
2020-06-21	1581	19	45195777	76.67
2020-06-22	2146	32	45195777	76.67
2020-06-23	2272	35	45195777	76.67
2020-06-24	2648	38	45195777	76.67
2020-06-25	2606	34	45195777	76.67
2020-06-26	2886	34	45195777	76.67
2020-06-27	2401	23	45195777	76.67
2020-06-28	2189	25	45195777	76.67
2020-06-29	2335	48	45195777	76.67
2020-06-30	2262	27	45195777	76.67
2020-07-01	2667	44	45195777	76.67
2020-07-02	2744	34	45195777	76.67
2020-07-03	2845	52	45195777	76.67
2020-07-04	2590	44	45195777	76.67
2020-07-05	2439	26	45195777	76.67
2020-07-06	2632	75	45195777	76.67
2020-07-07	2979	62	45195777	76.67
2020-07-08	3604	50	45195777	76.67
2020-07-09	3663	26	45195777	76.67
2020-07-10	3367	54	45195777	76.67
2020-07-11	3449	36	45195777	76.67
2020-07-12	2657	35	45195777	76.67
2020-07-13	3099	58	45195777	76.67
2020-07-14	3645	65	45195777	76.67
2020-07-15	4236	82	45195777	76.67
2020-07-16	3637	62	45195777	76.67
2020-07-17	4518	66	45195777	76.67
2020-07-18	3223	42	45195777	76.67
2020-07-19	4231	40	45195777	76.67
2020-07-20	4019	113	45195777	76.67
2020-07-21	5344	117	45195777	76.67
2020-07-22	5782	98	45195777	76.67
2020-07-23	6127	114	45195777	76.67
2020-07-24	5493	105	45195777	76.67
2020-07-25	4814	86	45195777	76.67
2020-07-26	4192	46	45195777	76.67
2020-07-27	4890	120	45195777	76.67
2020-07-28	5939	120	45195777	76.67
2020-07-29	5641	109	45195777	76.67
2020-07-30	6377	153	45195777	76.67
2020-07-31	5929	102	45195777	76.67
2020-08-01	5241	53	45195777	76.67
2020-08-02	5376	52	45195777	76.67
2020-08-03	4824	165	45195777	76.67
2020-08-04	6792	166	45195777	76.67
2020-08-05	7147	127	45195777	76.67
2020-08-06	7513	145	45195777	76.67
2020-08-07	7482	160	45195777	76.67
2020-08-08	6134	112	45195777	76.67
2020-08-09	4688	83	45195777	76.67
2020-08-10	7369	158	45195777	76.67
2020-08-11	7043	240	45195777	76.67
2020-08-12	7663	209	45195777	76.67
2020-08-13	7498	149	45195777	76.67
2020-08-14	6365	165	45195777	76.67
2020-08-15	6663	110	45195777	76.67
2020-08-16	5469	66	45195777	76.67
2020-08-17	4557	111	45195777	76.67
2020-08-18	6840	234	45195777	76.67
2020-08-19	6693	282	45195777	76.67
2020-08-20	8225	187	45195777	76.67
2020-08-21	8159	213	45195777	76.67
2020-08-22	7759	118	45195777	76.67
2020-08-23	5352	137	45195777	76.67
2020-08-24	8713	381	45195777	76.67
2020-08-25	8771	197	45195777	76.67
2020-08-26	10550	276	45195777	76.67
2020-08-27	10104	211	45195777	76.67
2020-08-28	11717	221	45195777	76.67
2020-08-29	9230	82	45195777	76.67
2020-08-30	7187	104	45195777	76.67
2020-08-31	9309	203	45195777	76.67
2020-09-01	10504	259	45195777	76.67
2020-09-02	10933	199	45195777	76.67
2020-09-03	12026	243	45195777	76.67
2020-09-04	10684	262	45195777	76.67
2020-09-05	9924	116	45195777	76.67
2020-09-06	6986	120	45195777	76.67
2020-09-07	9215	270	45195777	76.67
2020-09-08	12027	276	45195777	76.67
2020-09-09	12259	253	45195777	76.67
2020-09-10	11905	249	45195777	76.67
2020-09-11	11507	241	45195777	76.67
2020-09-12	10776	115	45195777	76.67
2020-09-13	9056	89	45195777	76.67
2020-09-14	9909	315	45195777	76.67
2020-09-15	11892	185	45195777	76.67
2020-09-16	11674	264	45195777	76.67
2020-09-17	12701	344	45195777	76.67
2020-09-18	11945	196	45195777	76.67
2020-09-19	9276	143	45195777	76.67
2020-09-20	8431	254	45195777	76.67
2020-09-21	8782	429	45195777	76.67
2020-09-22	12027	470	45195777	76.67
2020-09-23	12625	424	45195777	76.67
2020-09-24	13467	390	45195777	76.67
2020-09-25	12969	442	45195777	76.67
2020-09-26	11249	335	45195777	76.67
2020-09-27	8841	206	45195777	76.67
2020-09-28	11807	364	45195777	76.67
2020-09-29	13477	406	45195777	76.67
2020-09-30	14392	418	45195777	76.67
2020-10-01	14001	3351	45195777	76.67
2020-10-02	14687	311	45195777	76.67
2020-10-03	11129	196	45195777	76.67
2020-10-04	7668	223	45195777	76.67
2020-10-05	11242	450	45195777	76.67
2020-10-06	14740	359	45195777	76.67
2020-10-07	16447	399	45195777	76.67
2020-10-08	15454	484	45195777	76.67
2020-10-09	15099	515	45195777	76.67
2020-10-10	12414	356	45195777	76.67
2020-10-11	10324	287	45195777	76.67
2020-10-12	9524	318	45195777	76.67
2020-10-13	13305	386	45195777	76.67
2020-10-14	14932	349	45195777	76.67
2020-10-15	17096	421	45195777	76.67
2020-10-16	16546	381	45195777	76.67
2020-10-17	13510	384	45195777	76.67
2020-10-18	10561	160	45195777	76.67
2020-10-19	12982	449	45195777	76.67
2020-10-20	16337	384	45195777	76.67
2020-10-21	18326	419	45195777	76.67
2020-10-22	16325	438	45195777	76.67
2020-10-23	15718	381	45195777	76.67
2020-10-24	11968	275	45195777	76.67
2020-10-25	9253	283	45195777	76.67
2020-10-26	11712	405	45195777	76.67
2020-10-27	14308	429	45195777	76.67
2020-10-28	13924	341	45195777	76.67
2020-10-29	13267	371	45195777	76.67
2020-10-30	13379	350	45195777	76.67
2020-10-31	9745	210	45195777	76.67
2020-11-01	6609	138	45195777	76.67
2020-11-02	9598	483	45195777	76.67
2020-11-03	12145	429	45195777	76.67
2020-11-04	10652	468	45195777	76.67
2020-11-05	11100	246	45195777	76.67
2020-11-06	11786	370	45195777	76.67
2020-11-07	8037	212	45195777	76.67
2020-11-08	5331	212	45195777	76.67
2020-11-09	8317	347	45195777	76.67
2020-11-10	11977	276	45195777	76.67
2020-11-11	10880	348	45195777	76.67
2020-11-12	11163	251	45195777	76.67
2020-11-13	11859	263	45195777	76.67
2020-11-14	8468	262	45195777	76.67
2020-11-15	5645	129	45195777	76.67
2020-11-16	7893	291	45195777	76.67
2020-11-17	10621	379	45195777	76.67
2020-11-18	10332	241	45195777	76.67
2020-11-19	10097	185	45195777	76.67
2020-11-20	9608	258	45195777	76.67
2020-11-21	7140	112	45195777	76.67
2020-11-22	4184	100	45195777	76.67
2020-11-23	4265	120	45195777	76.67
2020-11-24	7164	310	45195777	76.67
2020-11-25	8593	282	45195777	76.67
2020-11-26	9043	227	45195777	76.67
2020-11-27	7846	275	45195777	76.67
2020-11-28	6098	106	45195777	76.67
2020-11-29	5432	151	45195777	76.67
2020-11-30	5726	257	45195777	76.67
2020-12-01	8037	198	45195777	76.67
2020-12-02	7533	228	45195777	76.67
2020-12-03	7629	149	45195777	76.67
2020-12-04	6899	207	45195777	76.67
2020-12-05	5201	120	45195777	76.67
2020-12-06	3278	138	45195777	76.67
2020-12-07	3199	118	45195777	76.67
2020-12-08	3610	121	45195777	76.67
2020-12-09	5303	213	45195777	76.67
2020-12-10	6994	209	45195777	76.67
2020-12-11	7112	175	45195777	76.67
2020-12-12	5274	62	45195777	76.67
2020-12-13	3558	98	45195777	76.67
2020-12-14	5062	275	45195777	76.67
2020-12-15	6981	163	45195777	76.67
2020-12-16	6843	161	45195777	76.67
2020-12-17	7326	169	45195777	76.67
2020-12-18	7002	138	45195777	76.67
2020-12-19	5795	91	45195777	76.67
2020-12-20	4116	50	45195777	76.67
2020-12-21	5853	184	45195777	76.67
2020-12-22	8141	257	45195777	76.67
2020-12-23	8586	60	45195777	76.67
2020-12-24	0	0	45195777	76.67
2020-12-25	10689	108	45195777	76.67
2020-12-26	3713	79	45195777	76.67
2020-12-27	5030	149	45195777	76.67
2020-12-28	7216	218	45195777	76.67
2020-12-29	11650	150	45195777	76.67
2020-12-30	11765	145	45195777	76.67
2020-12-31	11586	82	45195777	76.67
2021-01-01	4080	74	45195777	76.67
2021-01-02	5240	56	45195777	76.67
2021-01-03	5884	107	45195777	76.67
2021-01-04	8222	152	45195777	76.67
2021-01-05	13790	151	45195777	76.67
2021-01-06	13441	191	45195777	76.67
2021-01-07	13835	146	45195777	76.67
2021-01-08	13346	151	45195777	76.67
2021-01-09	11057	144	45195777	76.67
2021-01-10	7808	78	45195777	76.67
2021-01-11	8704	159	45195777	76.67
2021-01-12	13783	194	45195777	76.67
2021-01-13	12725	135	45195777	76.67
2021-01-14	13286	142	45195777	76.67
2021-01-15	12332	102	45195777	76.67
2021-01-16	8932	68	45195777	76.67
2021-01-17	7264	112	45195777	76.67
2021-01-18	8185	425	45195777	76.67
2021-01-19	12141	234	45195777	76.67
2021-01-20	12112	150	45195777	76.67
2021-01-21	11396	139	45195777	76.67
2021-01-22	10753	220	45195777	76.67
2021-01-23	8362	162	45195777	76.67
2021-01-24	5031	90	45195777	76.67
2021-01-25	7578	207	45195777	76.67
2021-01-26	10409	219	45195777	76.67
2021-01-27	10843	182	45195777	76.67
2021-01-28	9471	166	45195777	76.67
2021-01-29	9838	174	45195777	76.67
2021-01-30	6902	156	45195777	76.67
2021-01-31	4975	43	45195777	76.67
2021-02-01	6614	275	45195777	76.67
2021-02-02	9695	177	45195777	76.67
2021-02-03	9196	113	45195777	76.67
2021-02-04	8891	161	45195777	76.67
2021-02-05	8374	285	45195777	76.67
2021-02-06	6680	125	45195777	76.67
2021-02-07	3658	61	45195777	76.67
2021-02-08	5154	227	45195777	76.67
2021-02-09	7794	168	45195777	76.67
2021-02-10	7739	108	45195777	76.67
2021-02-11	7311	200	45195777	76.67
2021-02-12	7151	155	45195777	76.67
2021-02-13	6057	159	45195777	76.67
2021-02-14	4245	48	45195777	76.67
2021-02-15	3259	91	45195777	76.67
2021-02-16	4003	105	45195777	76.67
2021-02-17	6064	184	45195777	76.67
2021-02-18	7671	241	45195777	76.67
2021-02-19	7886	143	45195777	76.67
2021-02-20	5944	122	45195777	76.67
2021-02-21	3709	76	45195777	76.67
2021-02-22	5417	161	45195777	76.67
2021-02-23	7477	151	45195777	76.67
2021-02-24	8183	140	45195777	76.67
2021-02-25	8234	145	45195777	76.67
2021-02-26	5083	92	45195777	76.67
2021-02-27	5469	59	45195777	76.67
2021-02-28	3168	19	45195777	76.67
2021-03-01	4658	112	45195777	76.67
2021-03-02	6653	115	45195777	76.67
2021-03-03	7855	261	45195777	76.67
2021-03-04	7432	191	45195777	76.67
2021-03-05	7891	140	45195777	76.67
2021-03-06	4860	86	45195777	76.67
2021-03-07	2922	10	45195777	76.67
2021-03-08	5058	241	45195777	76.67
2021-03-09	7307	131	45195777	76.67
2021-03-10	7693	107	45195777	76.67
2021-03-11	8204	134	45195777	76.67
2021-03-12	7849	85	45195777	76.67
2021-03-13	6278	68	45195777	76.67
2021-03-14	3697	24	45195777	76.67
2021-03-15	6164	166	45195777	76.67
2021-03-16	8235	200	45195777	76.67
2021-03-17	8304	195	45195777	76.67
2021-03-18	8328	155	45195777	76.67
2021-03-19	8160	90	45195777	76.67
2021-03-20	6826	41	45195777	76.67
2021-03-21	4032	28	45195777	76.67
