2020-03-01	1	0	2963234	75.09
2020-03-02	0	0	2963234	75.09
2020-03-03	0	0	2963234	75.09
2020-03-04	0	0	2963234	75.09
2020-03-05	0	0	2963234	75.09
2020-03-06	0	0	2963234	75.09
2020-03-07	0	0	2963234	75.09
2020-03-08	0	0	2963234	75.09
2020-03-09	0	0	2963234	75.09
2020-03-10	0	0	2963234	75.09
2020-03-11	0	0	2963234	75.09
2020-03-12	3	0	2963234	75.09
2020-03-13	4	0	2963234	75.09
2020-03-14	10	0	2963234	75.09
2020-03-15	8	0	2963234	75.09
2020-03-16	26	0	2963234	75.09
2020-03-17	26	0	2963234	75.09
2020-03-18	6	0	2963234	75.09
2020-03-19	31	0	2963234	75.09
2020-03-20	21	0	2963234	75.09
2020-03-21	24	0	2963234	75.09
2020-03-22	34	0	2963234	75.09
2020-03-23	41	0	2963234	75.09
2020-03-24	14	0	2963234	75.09
2020-03-25	16	0	2963234	75.09
2020-03-26	25	1	2963234	75.09
2020-03-27	39	0	2963234	75.09
2020-03-28	78	0	2963234	75.09
2020-03-29	17	2	2963234	75.09
2020-03-30	58	0	2963234	75.09
2020-03-31	50	0	2963234	75.09
2020-04-01	39	1	2963234	75.09
2020-04-02	92	3	2963234	75.09
2020-04-03	73	0	2963234	75.09
2020-04-04	34	0	2963234	75.09
2020-04-05	52	0	2963234	75.09
2020-04-06	11	1	2963234	75.09
2020-04-07	20	0	2963234	75.09
2020-04-08	28	1	2963234	75.09
2020-04-09	40	1	2963234	75.09
2020-04-10	16	2	2963234	75.09
2020-04-11	30	1	2963234	75.09
2020-04-12	46	0	2963234	75.09
2020-04-13	26	1	2963234	75.09
2020-04-14	28	2	2963234	75.09
2020-04-15	44	1	2963234	75.09
2020-04-16	48	1	2963234	75.09
2020-04-17	42	1	2963234	75.09
2020-04-18	47	1	2963234	75.09
2020-04-19	43	0	2963234	75.09
2020-04-20	48	2	2963234	75.09
2020-04-21	62	2	2963234	75.09
2020-04-22	72	0	2963234	75.09
2020-04-23	50	0	2963234	75.09
2020-04-24	73	3	2963234	75.09
2020-04-25	81	1	2963234	75.09
2020-04-26	69	0	2963234	75.09
2020-04-27	62	1	2963234	75.09
2020-04-28	59	1	2963234	75.09
2020-04-29	65	0	2963234	75.09
2020-04-30	134	2	2963234	75.09
2020-05-01	82	1	2963234	75.09
2020-05-02	125	0	2963234	75.09
2020-05-03	113	2	2963234	75.09
2020-05-04	121	4	2963234	75.09
2020-05-05	112	1	2963234	75.09
2020-05-06	163	0	2963234	75.09
2020-05-07	102	2	2963234	75.09
2020-05-08	145	1	2963234	75.09
2020-05-09	146	1	2963234	75.09
2020-05-10	138	1	2963234	75.09
2020-05-11	79	1	2963234	75.09
2020-05-12	146	1	2963234	75.09
2020-05-13	180	1	2963234	75.09
2020-05-14	142	1	2963234	75.09
2020-05-15	184	3	2963234	75.09
2020-05-16	239	3	2963234	75.09
2020-05-17	189	5	2963234	75.09
2020-05-18	351	1	2963234	75.09
2020-05-19	218	3	2963234	75.09
2020-05-20	230	3	2963234	75.09
2020-05-21	335	3	2963234	75.09
2020-05-22	322	4	2963234	75.09
2020-05-23	374	3	2963234	75.09
2020-05-24	359	4	2963234	75.09
2020-05-25	452	6	2963234	75.09
2020-05-26	289	4	2963234	75.09
2020-05-27	372	7	2963234	75.09
2020-05-28	442	15	2963234	75.09
2020-05-29	460	7	2963234	75.09
2020-05-30	251	7	2963234	75.09
2020-05-31	355	4	2963234	75.09
2020-06-01	210	8	2963234	75.09
2020-06-02	517	19	2963234	75.09
2020-06-03	515	12	2963234	75.09
2020-06-04	697	6	2963234	75.09
2020-06-05	596	7	2963234	75.09
2020-06-06	547	7	2963234	75.09
2020-06-07	766	10	2963234	75.09
2020-06-08	195	11	2963234	75.09
2020-06-09	350	6	2963234	75.09
2020-06-10	428	10	2963234	75.09
2020-06-11	566	18	2963234	75.09
2020-06-12	612	13	2963234	75.09
2020-06-13	723	6	2963234	75.09
2020-06-14	663	5	2963234	75.09
2020-06-15	397	16	2963234	75.09
2020-06-16	425	8	2963234	75.09
2020-06-17	544	9	2963234	75.09
2020-06-18	665	7	2963234	75.09
2020-06-19	459	10	2963234	75.09
2020-06-20	551	13	2963234	75.09
2020-06-21	560	18	2963234	75.09
2020-06-22	320	10	2963234	75.09
2020-06-23	418	12	2963234	75.09
2020-06-24	711	14	2963234	75.09
2020-06-25	771	11	2963234	75.09
2020-06-26	759	13	2963234	75.09
2020-06-27	662	11	2963234	75.09
2020-06-28	736	5	2963234	75.09
2020-06-29	482	7	2963234	75.09
2020-06-30	415	10	2963234	75.09
2020-07-01	523	10	2963234	75.09
2020-07-02	593	6	2963234	75.09
2020-07-03	662	10	2963234	75.09
2020-07-04	580	8	2963234	75.09
2020-07-05	706	7	2963234	75.09
2020-07-06	330	7	2963234	75.09
2020-07-07	349	12	2963234	75.09
2020-07-08	535	18	2963234	75.09
2020-07-09	526	14	2963234	75.09
2020-07-10	557	11	2963234	75.09
2020-07-11	489	13	2963234	75.09
2020-07-12	577	6	2963234	75.09
2020-07-13	182	8	2963234	75.09
2020-07-14	339	8	2963234	75.09
2020-07-15	515	11	2963234	75.09
2020-07-16	554	15	2963234	75.09
2020-07-17	442	13	2963234	75.09
2020-07-18	461	11	2963234	75.09
2020-07-19	415	10	2963234	75.09
2020-07-20	104	9	2963234	75.09
2020-07-21	273	12	2963234	75.09
2020-07-22	439	16	2963234	75.09
2020-07-23	469	10	2963234	75.09
2020-07-24	451	4	2963234	75.09
2020-07-25	383	8	2963234	75.09
2020-07-26	321	5	2963234	75.09
2020-07-27	73	6	2963234	75.09
2020-07-28	239	8	2963234	75.09
2020-07-29	308	4	2963234	75.09
2020-07-30	259	5	2963234	75.09
2020-07-31	354	10	2963234	75.09
2020-08-01	291	11	2963234	75.09
2020-08-02	209	5	2963234	75.09
2020-08-03	52	8	2963234	75.09
2020-08-04	196	6	2963234	75.09
2020-08-05	288	2	2963234	75.09
2020-08-06	233	2	2963234	75.09
2020-08-07	166	5	2963234	75.09
2020-08-08	200	8	2963234	75.09
2020-08-09	225	6	2963234	75.09
2020-08-10	23	5	2963234	75.09
2020-08-11	160	7	2963234	75.09
2020-08-12	201	3	2963234	75.09
2020-08-13	229	3	2963234	75.09
2020-08-14	276	5	2963234	75.09
2020-08-15	196	3	2963234	75.09
2020-08-16	168	1	2963234	75.09
2020-08-17	38	6	2963234	75.09
2020-08-18	145	8	2963234	75.09
2020-08-19	210	1	2963234	75.09
2020-08-20	263	3	2963234	75.09
2020-08-21	158	6	2963234	75.09
2020-08-22	139	8	2963234	75.09
2020-08-23	176	2	2963234	75.09
2020-08-24	33	2	2963234	75.09
2020-08-25	111	4	2963234	75.09
2020-08-26	131	3	2963234	75.09
2020-08-27	203	3	2963234	75.09
2020-08-28	181	5	2963234	75.09
2020-08-29	175	3	2963234	75.09
2020-08-30	124	5	2963234	75.09
2020-08-31	31	2	2963234	75.09
2020-09-01	97	2	2963234	75.09
2020-09-02	197	3	2963234	75.09
2020-09-03	196	3	2963234	75.09
2020-09-04	190	4	2963234	75.09
2020-09-05	188	4	2963234	75.09
2020-09-06	134	2	2963234	75.09
2020-09-07	62	3	2963234	75.09
2020-09-08	108	3	2963234	75.09
2020-09-09	199	2	2963234	75.09
2020-09-10	174	1	2963234	75.09
2020-09-11	177	3	2963234	75.09
2020-09-12	172	2	2963234	75.09
2020-09-13	187	5	2963234	75.09
2020-09-14	107	3	2963234	75.09
2020-09-15	150	1	2963234	75.09
2020-09-16	257	3	2963234	75.09
2020-09-17	295	2	2963234	75.09
2020-09-18	239	1	2963234	75.09
2020-09-19	244	2	2963234	75.09
2020-09-20	277	2	2963234	75.09
2020-09-21	121	6	2963234	75.09
2020-09-22	115	2	2963234	75.09
2020-09-23	210	4	2963234	75.09
2020-09-24	374	3	2963234	75.09
2020-09-25	392	2	2963234	75.09
2020-09-26	429	1	2963234	75.09
2020-09-27	328	3	2963234	75.09
2020-09-28	174	6	2963234	75.09
2020-09-29	327	1	2963234	75.09
2020-09-30	458	1	2963234	75.09
2020-10-01	491	4	2963234	75.09
2020-10-02	532	3	2963234	75.09
2020-10-03	543	6	2963234	75.09
2020-10-04	571	5	2963234	75.09
2020-10-05	181	7	2963234	75.09
2020-10-06	406	6	2963234	75.09
2020-10-07	672	5	2963234	75.09
2020-10-08	718	9	2963234	75.09
2020-10-09	614	6	2963234	75.09
2020-10-10	649	6	2963234	75.09
2020-10-11	715	4	2963234	75.09
2020-10-12	370	6	2963234	75.09
2020-10-13	745	6	2963234	75.09
2020-10-14	1058	7	2963234	75.09
2020-10-15	1371	7	2963234	75.09
2020-10-16	1465	10	2963234	75.09
2020-10-17	1540	11	2963234	75.09
2020-10-18	1694	14	2963234	75.09
2020-10-19	766	10	2963234	75.09
2020-10-20	1234	10	2963234	75.09
2020-10-21	1836	20	2963234	75.09
2020-10-22	2306	10	2963234	75.09
2020-10-23	2474	14	2963234	75.09
2020-10-24	2213	12	2963234	75.09
2020-10-25	2314	23	2963234	75.09
2020-10-26	973	16	2963234	75.09
2020-10-27	1600	26	2963234	75.09
2020-10-28	2241	21	2963234	75.09
2020-10-29	2383	29	2963234	75.09
2020-10-30	2398	28	2963234	75.09
2020-10-31	2381	41	2963234	75.09
2020-11-01	2441	22	2963234	75.09
2020-11-02	1194	28	2963234	75.09
2020-11-03	1328	22	2963234	75.09
2020-11-04	2374	35	2963234	75.09
2020-11-05	2413	28	2963234	75.09
2020-11-06	2210	30	2963234	75.09
2020-11-07	2476	27	2963234	75.09
2020-11-08	2175	26	2963234	75.09
2020-11-09	1042	21	2963234	75.09
2020-11-10	1221	29	2963234	75.09
2020-11-11	1861	27	2963234	75.09
2020-11-12	2132	32	2963234	75.09
2020-11-13	1703	29	2963234	75.09
2020-11-14	1472	41	2963234	75.09
2020-11-15	1482	25	2963234	75.09
2020-11-16	549	25	2963234	75.09
2020-11-17	984	23	2963234	75.09
2020-11-18	1589	28	2963234	75.09
2020-11-19	1520	31	2963234	75.09
2020-11-20	1667	30	2963234	75.09
2020-11-21	1193	31	2963234	75.09
2020-11-22	1385	21	2963234	75.09
2020-11-23	485	24	2963234	75.09
2020-11-24	813	26	2963234	75.09
2020-11-25	1563	38	2963234	75.09
2020-11-26	1785	28	2963234	75.09
2020-11-27	1476	22	2963234	75.09
2020-11-28	1248	31	2963234	75.09
2020-11-29	1174	21	2963234	75.09
2020-11-30	356	22	2963234	75.09
2020-12-01	843	29	2963234	75.09
2020-12-02	1264	35	2963234	75.09
2020-12-03	1277	26	2963234	75.09
2020-12-04	1184	23	2963234	75.09
2020-12-05	1267	32	2963234	75.09
2020-12-06	978	17	2963234	75.09
2020-12-07	407	18	2963234	75.09
2020-12-08	584	28	2963234	75.09
2020-12-09	1138	21	2963234	75.09
2020-12-10	1174	23	2963234	75.09
2020-12-11	1077	29	2963234	75.09
2020-12-12	995	17	2963234	75.09
2020-12-13	1013	24	2963234	75.09
2020-12-14	357	17	2963234	75.09
2020-12-15	438	26	2963234	75.09
2020-12-16	1098	27	2963234	75.09
2020-12-17	1174	25	2963234	75.09
2020-12-18	861	15	2963234	75.09
2020-12-19	920	20	2963234	75.09
2020-12-20	652	14	2963234	75.09
2020-12-21	240	26	2963234	75.09
2020-12-22	537	17	2963234	75.09
2020-12-23	838	18	2963234	75.09
2020-12-24	702	23	2963234	75.09
2020-12-25	621	19	2963234	75.09
2020-12-26	586	19	2963234	75.09
2020-12-27	485	16	2963234	75.09
2020-12-28	114	7	2963234	75.09
2020-12-29	348	22	2963234	75.09
2020-12-30	582	10	2963234	75.09
2020-12-31	531	16	2963234	75.09
2021-01-01	329	5	2963234	75.09
2021-01-02	60	8	2963234	75.09
2021-01-03	229	14	2963234	75.09
2021-01-04	193	14	2963234	75.09
2021-01-05	324	14	2963234	75.09
2021-01-06	309	12	2963234	75.09
2021-01-07	201	11	2963234	75.09
2021-01-08	361	7	2963234	75.09
2021-01-09	379	14	2963234	75.09
2021-01-10	337	7	2963234	75.09
2021-01-11	157	2	2963234	75.09
2021-01-12	355	10	2963234	75.09
2021-01-13	485	10	2963234	75.09
2021-01-14	448	12	2963234	75.09
2021-01-15	396	11	2963234	75.09
2021-01-16	263	13	2963234	75.09
2021-01-17	351	5	2963234	75.09
2021-01-18	90	6	2963234	75.09
2021-01-19	236	9	2963234	75.09
2021-01-20	309	9	2963234	75.09
2021-01-21	307	5	2963234	75.09
2021-01-22	183	9	2963234	75.09
2021-01-23	198	4	2963234	75.09
2021-01-24	127	5	2963234	75.09
2021-01-25	58	8	2963234	75.09
2021-01-26	138	5	2963234	75.09
2021-01-27	195	4	2963234	75.09
2021-01-28	242	11	2963234	75.09
2021-01-29	59	2	2963234	75.09
2021-01-30	173	2	2963234	75.09
2021-01-31	125	9	2963234	75.09
2021-02-01	62	4	2963234	75.09
2021-02-02	143	5	2963234	75.09
2021-02-03	190	7	2963234	75.09
2021-02-04	147	11	2963234	75.09
2021-02-05	158	2	2963234	75.09
2021-02-06	211	5	2963234	75.09
2021-02-07	151	3	2963234	75.09
2021-02-08	89	6	2963234	75.09
2021-02-09	123	3	2963234	75.09
2021-02-10	196	4	2963234	75.09
2021-02-11	180	5	2963234	75.09
2021-02-12	154	3	2963234	75.09
2021-02-13	192	2	2963234	75.09
2021-02-14	145	1	2963234	75.09
2021-02-15	88	6	2963234	75.09
2021-02-16	136	3	2963234	75.09
2021-02-17	206	5	2963234	75.09
2021-02-18	223	1	2963234	75.09
2021-02-19	191	2	2963234	75.09
2021-02-20	223	1	2963234	75.09
2021-02-21	168	5	2963234	75.09
2021-02-22	104	3	2963234	75.09
2021-02-23	166	4	2963234	75.09
2021-02-24	273	4	2963234	75.09
2021-02-25	282	4	2963234	75.09
2021-02-26	283	4	2963234	75.09
2021-02-27	283	7	2963234	75.09
2021-02-28	265	2	2963234	75.09
2021-03-01	158	3	2963234	75.09
2021-03-02	240	5	2963234	75.09
2021-03-03	360	2	2963234	75.09
2021-03-04	491	6	2963234	75.09
2021-03-05	442	7	2963234	75.09
2021-03-06	508	4	2963234	75.09
2021-03-07	422	2	2963234	75.09
2021-03-08	337	4	2963234	75.09
2021-03-09	182	7	2963234	75.09
2021-03-10	340	5	2963234	75.09
2021-03-11	748	2	2963234	75.09
2021-03-12	818	4	2963234	75.09
2021-03-13	795	10	2963234	75.09
2021-03-14	486	2	2963234	75.09
2021-03-15	317	10	2963234	75.09
2021-03-16	585	12	2963234	75.09
2021-03-17	854	5	2963234	75.09
2021-03-18	1024	19	2963234	75.09
2021-03-19	891	19	2963234	75.09
2021-03-20	1071	12	2963234	75.09
2021-03-21	586	16	2963234	75.09
