2020-02-25	2	0	9006400		81.54
2020-02-26	0	0	9006400		81.54
2020-02-27	1	0	9006400		81.54
2020-02-28	0	0	9006400		81.54
2020-02-29	6	0	9006400		81.54
2020-03-01	5	0	9006400		81.54
2020-03-02	4	0	9006400		81.54
2020-03-03	3	0	9006400		81.54
2020-03-04	8	0	9006400		81.54
2020-03-05	12	0	9006400		81.54
2020-03-06	14	0	9006400		81.54
2020-03-07	24	0	9006400		81.54
2020-03-08	25	0	9006400		81.54
2020-03-09	27	0	9006400		81.54
2020-03-10	51	0	9006400		81.54
2020-03-11	64	0	9006400		81.54
2020-03-12	56	1	9006400		81.54
2020-03-13	202	0	9006400		81.54
2020-03-14	151	0	9006400		81.54
2020-03-15	205	0	9006400		81.54
2020-03-16	158	2	9006400		81.54
2020-03-17	314	0	9006400		81.54
2020-03-18	314	1	9006400		81.54
2020-03-19	367	2	9006400		81.54
2020-03-20	375	0	9006400		81.54
2020-03-21	426	2	9006400		81.54
2020-03-22	768	8	9006400		81.54
2020-03-23	892	5	9006400		81.54
2020-03-24	809	7	9006400		81.54
2020-03-25	305	2	9006400		81.54
2020-03-26	1321	19	9006400		81.54
2020-03-27	748	9	9006400		81.54
2020-03-28	614	10	9006400		81.54
2020-03-29	517	18	9006400		81.54
2020-03-30	830	22	9006400		81.54
2020-03-31	562	20	9006400		81.54
2020-04-01	531	18	9006400		81.54
2020-04-02	418	12	9006400		81.54
2020-04-03	395	10	9006400		81.54
2020-04-04	257	18	9006400		81.54
2020-04-05	270	18	9006400		81.54
2020-04-06	246	16	9006400		81.54
2020-04-07	342	23	9006400		81.54
2020-04-08	303	30	9006400		81.54
2020-04-09	302	22	9006400		81.54
2020-04-10	311	24	9006400		81.54
2020-04-11	251	18	9006400		81.54
2020-04-12	139	13	9006400		81.54
2020-04-13	96	18	9006400		81.54
2020-04-14	185	16	9006400		81.54
2020-04-15	110	9	9006400		81.54
2020-04-16	140	17	9006400		81.54
2020-04-17	119	21	9006400		81.54
2020-04-18	76	12	9006400		81.54
2020-04-19	78	9	9006400		81.54
2020-04-20	46	18	9006400		81.54
2020-04-21	78	21	9006400		81.54
2020-04-22	52	19	9006400		81.54
2020-04-23	77	12	9006400		81.54
2020-04-24	69	8	9006400		81.54
2020-04-25	77	6	9006400		81.54
2020-04-26	77	6	9006400		81.54
2020-04-27	49	7	9006400		81.54
2020-04-28	83	20	9006400		81.54
2020-04-29	45	11	9006400		81.54
2020-04-30	50	4	9006400		81.54
2020-05-01	79	5	9006400		81.54
2020-05-02	27	7	9006400		81.54
2020-05-03	39	2	9006400		81.54
2020-05-04	24	2	9006400		81.54
2020-05-05	29	6	9006400		81.54
2020-05-06	34	2	9006400		81.54
2020-05-07	68	1	9006400		81.54
2020-05-08	22	5	9006400		81.54
2020-05-09	59	1	9006400		81.54
2020-05-10	38	3	9006400		81.54
2020-05-11	11	2	9006400		81.54
2020-05-12	79	3	9006400		81.54
2020-05-13	36	1	9006400		81.54
2020-05-14	61	2	9006400		81.54
2020-05-15	51	2	9006400		81.54
2020-05-16	92	1	9006400		81.54
2020-05-17	41	0	9006400		81.54
2020-05-18	27	0	9006400		81.54
2020-05-19	52	3	9006400		81.54
2020-05-20	32	1	9006400		81.54
2020-05-21	51	0	9006400		81.54
2020-05-22	32	2	9006400		81.54
2020-05-23	50	4	9006400		81.54
2020-05-24	17	1	9006400		81.54
2020-05-25	36	1	9006400		81.54
2020-05-26	18	2	9006400		81.54
2020-05-27	34	2	9006400		81.54
2020-05-28	37	23	9006400		81.54
2020-05-29	27	0	9006400		81.54
2020-05-30	30	0	9006400		81.54
2020-05-31	46	0	9006400		81.54
2020-06-01	2	0	9006400		81.54
2020-06-02	26	1	9006400		81.54
2020-06-03	12	1	9006400		81.54
2020-06-04	34	0	9006400		81.54
2020-06-05	38	2	9006400		81.54
2020-06-06	55	0	9006400		81.54
2020-06-07	4	0	9006400		81.54
2020-06-08	66	0	9006400		81.54
2020-06-09	11	0	9006400		81.54
2020-06-10	26	1	9006400		81.54
2020-06-11	29	1	9006400		81.54
2020-06-12	30	1	9006400		81.54
2020-06-13	14	2	9006400		81.54
2020-06-14	31	0	9006400		81.54
2020-06-15	26	1	9006400		81.54
2020-06-16	54	3	9006400		81.54
2020-06-17	14	6	9006400		81.54
2020-06-18	20	1	9006400		81.54
2020-06-19	48	0	9006400		81.54
2020-06-20	52	0	9006400		81.54
2020-06-21	18	2	9006400		81.54
2020-06-22	39	0	9006400		81.54
2020-06-23	28	3	9006400		81.54
2020-06-24	41	0	9006400		81.54
2020-06-25	28	5	9006400		81.54
2020-06-26	45	0	9006400		81.54
2020-06-27	58	2	9006400		81.54
2020-06-28	74	2	9006400		81.54
2020-06-29	69	1	9006400		81.54
2020-06-30	43	2	9006400		81.54
2020-07-01	107	0	9006400		81.54
2020-07-02	68	0	9006400		81.54
2020-07-03	109	0	9006400		81.54
2020-07-04	115	0	9006400		81.54
2020-07-05	115	1	9006400		81.54
2020-07-06	85	0	9006400		81.54
2020-07-07	56	0	9006400		81.54
2020-07-08	92	0	9006400		81.54
2020-07-09	102	0	9006400		81.54
2020-07-10	94	0	9006400		81.54
2020-07-11	74	0	9006400		81.54
2020-07-12	114	2	9006400		81.54
2020-07-13	51	0	9006400		81.54
2020-07-14	73	1	9006400		81.54
2020-07-15	133	1	9006400		81.54
2020-07-16	116	1	9006400		81.54
2020-07-17	169	0	9006400		81.54
2020-07-18	134	0	9006400		81.54
2020-07-19	82	0	9006400		81.54
2020-07-20	88	0	9006400		81.54
2020-07-21	84	-1	9006400		81.54
2020-07-22	102	1	9006400		81.54
2020-07-23	170	0	9006400		81.54
2020-07-24	115	0	9006400		81.54
2020-07-25	124	1	9006400		81.54
2020-07-26	134	0	9006400		81.54
2020-07-27	86	1	9006400		81.54
2020-07-28	119	0	9006400		81.54
2020-07-29	173	3	9006400		81.54
2020-07-30	105	2	9006400		81.54
2020-07-31	175	0	9006400		81.54
2020-08-01	82	0	9006400		81.54
2020-08-02	92	0	9006400		81.54
2020-08-03	81	0	9006400		81.54
2020-08-04	96	1	9006400		81.54
2020-08-05	85	0	9006400		81.54
2020-08-06	130	0	9006400		81.54
2020-08-07	141	1	9006400		81.54
2020-08-08	82	1	9006400		81.54
2020-08-09	114	0	9006400		81.54
2020-08-10	73	2	9006400		81.54
2020-08-11	139	0	9006400		81.54
2020-08-12	194	1	9006400		81.54
2020-08-13	155	1	9006400		81.54
2020-08-14	282	0	9006400		81.54
2020-08-15	303	3	9006400		81.54
2020-08-16	191	0	9006400		81.54
2020-08-17	164	1	9006400		81.54
2020-08-18	295	0	9006400		81.54
2020-08-19	255	0	9006400		81.54
2020-08-20	347	0	9006400		81.54
2020-08-21	331	1	9006400		81.54
2020-08-22	300	2	9006400		81.54
2020-08-23	191	0	9006400		81.54
2020-08-24	242	1	9006400		81.54
2020-08-25	211	0	9006400		81.54
2020-08-26	327	0	9006400		81.54
2020-08-27	328	0	9006400		81.54
2020-08-28	229	0	9006400		81.54
2020-08-29	395	0	9006400		81.54
2020-08-30	181	0	9006400		81.54
2020-08-31	272	0	9006400		81.54
2020-09-01	204	1	9006400		81.54
2020-09-02	327	0	9006400		81.54
2020-09-03	403	1	9006400		81.54
2020-09-04	357	0	9006400		81.54
2020-09-05	358	0	9006400		81.54
2020-09-06	184	1	9006400		81.54
2020-09-07	290	10	9006400		81.54
2020-09-08	520	1	9006400		81.54
2020-09-09	502	0	9006400		81.54
2020-09-10	664	1	9006400		81.54
2020-09-11	580	2	9006400		81.54
2020-09-12	869	4	9006400		81.54
2020-09-13	463	2	9006400		81.54
2020-09-14	382	1	9006400		81.54
2020-09-15	764	0	9006400		81.54
2020-09-16	768	1	9006400		81.54
2020-09-17	780	0	9006400		81.54
2020-09-18	808	5	9006400		81.54
2020-09-19	813	2	9006400		81.54
2020-09-20	621	1	9006400		81.54
2020-09-21	563	1	9006400		81.54
2020-09-22	645	4	9006400		81.54
2020-09-23	681	6	9006400		81.54
2020-09-24	832	6	9006400		81.54
2020-09-25	684	3	9006400		81.54
2020-09-26	714	1	9006400		81.54
2020-09-27	662	0	9006400		81.54
2020-09-28	556	3	9006400		81.54
2020-09-29	609	6	9006400		81.54
2020-09-30	772	3	9006400		81.54
2020-10-01	873	3	9006400		81.54
2020-10-02	688	1	9006400		81.54
2020-10-03	1058	6	9006400		81.54
2020-10-04	714	4	9006400		81.54
2020-10-05	750	5	9006400		81.54
2020-10-06	923	4	9006400		81.54
2020-10-07	1029	8	9006400		81.54
2020-10-08	1209	8	9006400		81.54
2020-10-09	1131	4	9006400		81.54
2020-10-10	1235	10	9006400		81.54
2020-10-11	896	-1	9006400		81.54
2020-10-12	979	4	9006400		81.54
2020-10-13	1028	6	9006400		81.54
2020-10-14	1346	11	9006400		81.54
2020-10-15	1552	5	9006400		81.54
2020-10-16	1163	5	9006400		81.54
2020-10-17	1747	7	9006400		81.54
2020-10-18	1672	4	9006400		81.54
2020-10-19	1121	11	9006400		81.54
2020-10-20	1524	10	9006400		81.54
2020-10-21	1958	11	9006400		81.54
2020-10-22	2435	16	9006400		81.54
2020-10-23	2571	13	9006400		81.54
2020-10-24	3614	11	9006400		81.54
2020-10-25	2782	14	9006400		81.54
2020-10-26	2456	13	9006400		81.54
2020-10-27	2835	13	9006400		81.54
2020-10-28	3394	22	9006400		81.54
2020-10-29	4453	29	9006400		81.54
2020-10-30	5627	26	9006400		81.54
2020-10-31	5349	27	9006400		81.54
2020-11-01	4956	21	9006400		81.54
2020-11-02	4135	29	9006400		81.54
2020-11-03	4182	33	9006400		81.54
2020-11-04	6901	35	9006400		81.54
2020-11-05	7416	41	9006400		81.54
2020-11-06	6464	72	9006400		81.54
2020-11-07	8241	37	9006400		81.54
2020-11-08	5933	34	9006400		81.54
2020-11-09	5593	43	9006400		81.54
2020-11-10	6120	45	9006400		81.54
2020-11-11	7514	65	9006400		81.54
2020-11-12	9262	44	9006400		81.54
2020-11-13	9586	53	9006400		81.54
2020-11-14	7063	85	9006400		81.54
2020-11-15	5665	83	9006400		81.54
2020-11-16	4657	58	9006400		81.54
2020-11-17	5984	58	9006400		81.54
2020-11-18	7091	109	9006400		81.54
2020-11-19	6995	62	9006400		81.54
2020-11-20	6668	108	9006400		81.54
2020-11-21	6611	104	9006400		81.54
2020-11-22	5226	60	9006400		81.54
2020-11-23	3145	71	9006400		81.54
2020-11-24	4377	118	9006400		81.54
2020-11-25	5802	90	9006400		81.54
2020-11-26	5526	106	9006400		81.54
2020-11-27	4954	113	9006400		81.54
2020-11-28	4669	132	9006400		81.54
2020-11-29	4047	87	9006400		81.54
2020-11-30	2748	79	9006400		81.54
2020-12-01	3033	141	9006400		81.54
2020-12-02	3972	121	9006400		81.54
2020-12-03	3969	92	9006400		81.54
2020-12-04	3815	113	9006400		81.54
2020-12-05	3444	106	9006400		81.54
2020-12-06	2741	83	9006400		81.54
2020-12-07	2263	57	9006400		81.54
2020-12-08	2377	105	9006400		81.54
2020-12-09	2932	54	9006400		81.54
2020-12-10	2686	107	9006400		81.54
2020-12-11	2893	126	9006400		81.54
2020-12-12	3241	126	9006400		81.54
2020-12-13	2641	58	9006400		81.54
2020-12-14	2588	57	9006400		81.54
2020-12-15	2628	118	9006400		81.54
2020-12-16	2664	116	9006400		81.54
2020-12-17	2485	218	9006400		81.54
2020-12-18	2085	145	9006400		81.54
2020-12-19	2296	82	9006400		81.54
2020-12-20	1645	142	9006400		81.54
2020-12-21	1519	84	9006400		81.54
2020-12-22	1853	105	9006400		81.54
2020-12-23	2131	114	9006400		81.54
2020-12-24	2847	91	9006400		81.54
2020-12-25	1851	38	9006400		81.54
2020-12-26	1429	60	9006400		81.54
2020-12-27	1408	38	9006400		81.54
2020-12-28	1592	50	9006400		81.54
2020-12-29	1868	128	9006400		81.54
2020-12-30	2550	90	9006400		81.54
2020-12-31	2913	73	9006400		81.54
2021-01-01	2096	39	9006400		81.54
2021-01-02	1391	14	9006400		81.54
2021-01-03	1466	49	9006400		81.54
2021-01-04	1642	33	9006400		81.54
2021-01-05	2311	100	9006400		81.54
2021-01-06	2469	68	9006400		81.54
2021-01-07	2540	43	9006400		81.54
2021-01-08	2063	73	9006400		81.54
2021-01-09	2278	46	9006400		81.54
2021-01-10	1651	36	9006400		81.54
2021-01-11	1536	24	9006400		81.54
2021-01-12	1575	72	9006400		81.54
2021-01-13	1917	49	9006400		81.54
2021-01-14	3510	53	9006400		81.54
2021-01-15	1528	66	9006400		81.54
2021-01-16	1723	66	9006400		81.54
2021-01-17	1267	29	9006400		81.54
2021-01-18	1161	40	9006400		81.54
2021-01-19	1486	77	9006400		81.54
2021-01-20	1671	38	9006400		81.54
2021-01-21	1702	51	9006400		81.54
2021-01-22	2088	42	9006400		81.54
2021-01-23	1626	59	9006400		81.54
2021-01-24	1202	29	9006400		81.54
2021-01-25	1009	33	9006400		81.54
2021-01-26	1417	64	9006400		81.54
2021-01-27	1641	49	9006400		81.54
2021-01-28	1449	43	9006400		81.54
2021-01-29	1500	51	9006400		81.54
2021-01-30	1478	45	9006400		81.54
2021-01-31	1190	18	9006400		81.54
2021-02-01	1124	57	9006400		81.54
2021-02-02	1241	69	9006400		81.54
2021-02-03	1520	55	9006400		81.54
2021-02-04	1518	34	9006400		81.54
2021-02-05	1388	37	9006400		81.54
2021-02-06	1333	21	9006400		81.54
2021-02-07	1317	18	9006400		81.54
2021-02-08	1057	20	9006400		81.54
2021-02-09	1197	39	9006400		81.54
2021-02-10	1469	43	9006400		81.54
2021-02-11	1577	24	9006400		81.54
2021-02-12	1731	32	9006400		81.54
2021-02-13	1433	25	9006400		81.54
2021-02-14	1184	16	9006400		81.54
2021-02-15	1225	10	9006400		81.54
2021-02-16	1427	39	9006400		81.54
2021-02-17	1735	30	9006400		81.54
2021-02-18	1967	22	9006400		81.54
2021-02-19	1818	36	9006400		81.54
2021-02-20	1877	20	9006400		81.54
2021-02-21	1838	18	9006400		81.54
2021-02-22	1270	11	9006400		81.54
2021-02-23	1727	37	9006400		81.54
2021-02-24	2005	36	9006400		81.54
2021-02-25	2391	23	9006400		81.54
2021-02-26	2093	22	9006400		81.54
2021-02-27	2457	23	9006400		81.54
2021-02-28	2123	23	9006400		81.54
2021-03-01	1409	13	9006400		81.54
2021-03-02	1920	31	9006400		81.54
2021-03-03	2553	20	9006400		81.54
2021-03-04	2324	27	9006400		81.54
2021-03-05	2668	17	9006400		81.54
2021-03-06	2557	25	9006400		81.54
2021-03-07	2199	19	9006400		81.54
2021-03-08	1910	19	9006400		81.54
2021-03-09	2411	25	9006400		81.54
2021-03-10	2528	19	9006400		81.54
2021-03-11	2997	22	9006400		81.54
2021-03-12	3126	33	9006400		81.54
2021-03-13	3023	25	9006400		81.54
2021-03-14	2503	17	9006400		81.54
2021-03-15	1896	19	9006400		81.54
2021-03-16	2425	33	9006400		81.54
2021-03-17	3335	31	9006400		81.54
2021-03-18	3357	26	9006400		81.54
2021-03-19	3515	42	9006400		81.54
2021-03-20	3344	28	9006400		81.54
2021-03-21	2713	22	9006400		81.54