2020-03-01	3	0	10139175	73
2020-03-02	0	0	10139175	73
2020-03-03	0	0	10139175	73
2020-03-04	0	0	10139175	73
2020-03-05	3	0	10139175	73
2020-03-06	0	0	10139175	73
2020-03-07	3	0	10139175	73
2020-03-08	0	0	10139175	73
2020-03-09	0	0	10139175	73
2020-03-10	2	0	10139175	73
2020-03-11	0	0	10139175	73
2020-03-12	0	0	10139175	73
2020-03-13	4	1	10139175	73
2020-03-14	0	0	10139175	73
2020-03-15	8	0	10139175	73
2020-03-16	5	0	10139175	73
2020-03-17	0	0	10139175	73
2020-03-18	0	0	10139175	73
2020-03-19	16	0	10139175	73
2020-03-20	0	0	10139175	73
2020-03-21	9	0	10139175	73
2020-03-22	12	0	10139175	73
2020-03-23	7	0	10139175	73
2020-03-24	15	0	10139175	73
2020-03-25	6	1	10139175	73
2020-03-26	29	1	10139175	73
2020-03-27	43	0	10139175	73
2020-03-28	17	1	10139175	73
2020-03-29	27	0	10139175	73
2020-03-30	64	0	10139175	73
2020-03-31	25	1	10139175	73
2020-04-01	61	0	10139175	73
2020-04-02	41	0	10139175	73
2020-04-03	43	0	10139175	73
2020-04-04	78	0	10139175	73
2020-04-05	63	2	10139175	73
2020-04-06	57	0	10139175	73
2020-04-07	76	1	10139175	73
2020-04-08	105	0	10139175	73
2020-04-09	104	1	10139175	73
2020-04-10	65	1	10139175	73
2020-04-11	67	1	10139175	73
2020-04-12	40	0	10139175	73
2020-04-13	50	1	10139175	73
2020-04-14	49	1	10139175	73
2020-04-15	56	0	10139175	73
2020-04-16	30	2	10139175	73
2020-04-17	57	0	10139175	73
2020-04-18	33	3	10139175	73
2020-04-19	25	1	10139175	73
2020-04-20	38	0	10139175	73
2020-04-21	44	1	10139175	73
2020-04-22	38	0	10139175	73
2020-04-23	30	0	10139175	73
2020-04-24	44	1	10139175	73
2020-04-25	25	0	10139175	73
2020-04-26	28	0	10139175	73
2020-04-27	33	1	10139175	73
2020-04-28	39	0	10139175	73
2020-04-29	49	1	10139175	73
2020-04-30	38	1	10139175	73
2020-05-01	50	1	10139175	73
2020-05-02	40	0	10139175	73
2020-05-03	38	0	10139175	73
2020-05-04	52	1	10139175	73
2020-05-05	76	0	10139175	73
2020-05-06	67	2	10139175	73
2020-05-07	77	0	10139175	73
2020-05-08	75	0	10139175	73
2020-05-09	143	3	10139175	73
2020-05-10	97	1	10139175	73
2020-05-11	70	0	10139175	73
2020-05-12	104	1	10139175	73
2020-05-13	65	2	10139175	73
2020-05-14	121	0	10139175	73
2020-05-15	101	1	10139175	73
2020-05-16	158	0	10139175	73
2020-05-17	136	3	10139175	73
2020-05-18	113	1	10139175	73
2020-05-19	131	1	10139175	73
2020-05-20	113	2	10139175	73
2020-05-21	118	1	10139175	73
2020-05-22	106	2	10139175	73
2020-05-23	127	3	10139175	73
2020-05-24	140	0	10139175	73
2020-05-25	149	2	10139175	73
2020-05-26	132	1	10139175	73
2020-05-27	165	2	10139175	73
2020-05-28	191	2	10139175	73
2020-05-29	230	2	10139175	73
2020-05-30	257	3	10139175	73
2020-05-31	248	2	10139175	73
2020-06-01	168	5	10139175	73
2020-06-02	273	3	10139175	73
2020-06-03	325	5	10139175	73
2020-06-04	262	2	10139175	73
2020-06-05	338	4	10139175	73
2020-06-06	379	2	10139175	73
2020-06-07	314	4	10139175	73
2020-06-08	323	5	10139175	73
2020-06-09	315	5	10139175	73
2020-06-10	339	4	10139175	73
2020-06-11	352	6	10139175	73
2020-06-12	336	5	10139175	73
2020-06-13	352	2	10139175	73
2020-06-14	387	4	10139175	73
2020-06-15	367	3	10139175	73
2020-06-16	338	4	10139175	73
2020-06-17	329	7	10139175	73
2020-06-18	338	6	10139175	73
2020-06-19	438	4	10139175	73
2020-06-20	471	5	10139175	73
2020-06-21	491	6	10139175	73
2020-06-22	478	7	10139175	73
2020-06-23	508	6	10139175	73
2020-06-24	590	7	10139175	73
2020-06-25	547	6	10139175	73
2020-06-26	517	7	10139175	73
2020-06-27	521	6	10139175	73
2020-06-28	534	5	10139175	73
2020-06-29	544	8	10139175	73
2020-06-30	556	7	10139175	73
2020-07-01	588	7	10139175	73
2020-07-02	572	8	10139175	73
2020-07-03	583	7	10139175	73
2020-07-04	534	6	10139175	73
2020-07-05	523	9	10139175	73
2020-07-06	513	8	10139175	73
2020-07-07	537	7	10139175	73
2020-07-08	542	9	10139175	73
2020-07-09	548	10	10139175	73
2020-07-10	526	8	10139175	73
2020-07-11	531	6	10139175	73
2020-07-12	520	8	10139175	73
2020-07-13	529	7	10139175	73
2020-07-14	543	6	10139175	73
2020-07-15	559	7	10139175	73
2020-07-16	493	8	10139175	73
2020-07-17	471	7	10139175	73
2020-07-18	497	8	10139175	73
2020-07-19	388	5	10139175	73
2020-07-20	369	9	10139175	73
2020-07-21	352	13	10139175	73
2020-07-22	391	9	10139175	73
2020-07-23	347	6	10139175	73
2020-07-24	332	9	10139175	73
2020-07-25	321	8	10139175	73
2020-07-26	417	9	10139175	73
2020-07-27	396	6	10139175	73
2020-07-28	412	7	10139175	73
2020-07-29	363	8	10139175	73
2020-07-30	339	3	10139175	73
2020-07-31	318	7	10139175	73
2020-08-01	279	6	10139175	73
2020-08-02	286	8	10139175	73
2020-08-03	241	6	10139175	73
2020-08-04	226	5	10139175	73
2020-08-05	193	3	10139175	73
2020-08-06	144	3	10139175	73
2020-08-07	129	4	10139175	73
2020-08-08	105	5	10139175	73
2020-08-09	87	2	10139175	73
2020-08-10	79	2	10139175	73
2020-08-11	84	3	10139175	73
2020-08-12	93	2	10139175	73
2020-08-13	91	3	10139175	73
2020-08-14	103	4	10139175	73
2020-08-15	89	2	10139175	73
2020-08-16	112	0	10139175	73
2020-08-17	124	2	10139175	73
2020-08-18	131	1	10139175	73
2020-08-19	146	1	10139175	73
2020-08-20	139	0	10139175	73
2020-08-21	162	2	10139175	73
2020-08-22	184	3	10139175	73
2020-08-23	169	3	10139175	73
2020-08-24	152	1	10139175	73
2020-08-25	133	2	10139175	73
2020-08-26	148	1	10139175	73
2020-08-27	137	2	10139175	73
2020-08-28	142	3	10139175	73
2020-08-29	188	2	10139175	73
2020-08-30	135	2	10139175	73
2020-08-31	126	3	10139175	73
2020-09-01	143	2	10139175	73
2020-09-02	154	2	10139175	73
2020-09-03	167	3	10139175	73
2020-09-04	132	2	10139175	73
2020-09-05	161	2	10139175	73
2020-09-06	137	3	10139175	73
2020-09-07	89	3	10139175	73
2020-09-08	139	1	10139175	73
2020-09-09	175	3	10139175	73
2020-09-10	142	1	10139175	73
2020-09-11	163	1	10139175	73
2020-09-12	135	2	10139175	73
2020-09-13	155	3	10139175	73
2020-09-14	76	2	10139175	73
2020-09-15	114	2	10139175	73
2020-09-16	141	3	10139175	73
2020-09-17	119	2	10139175	73
2020-09-18	117	1	10139175	73
2020-09-19	148	2	10139175	73
2020-09-20	146	1	10139175	73
2020-09-21	92	1	10139175	73
2020-09-22	98	2	10139175	73
2020-09-23	146	2	10139175	73
2020-09-24	162	1	10139175	73
2020-09-25	101	2	10139175	73
2020-09-26	108	2	10139175	73
2020-09-27	128	1	10139175	73
2020-09-28	38	2	10139175	73
2020-09-29	58	2	10139175	73
2020-09-30	110	1	10139175	73
2020-10-01	80	2	10139175	73
2020-10-02	144	1	10139175	73
2020-10-03	108	1	10139175	73
2020-10-04	130	1	10139175	73
2020-10-05	97	2	10139175	73
2020-10-06	143	2	10139175	73
2020-10-07	182	2	10139175	73
2020-10-08	191	1	10139175	73
2020-10-09	215	2	10139175	73
2020-10-10	233	3	10139175	73
2020-10-11	230	1	10139175	73
2020-10-12	122	0	10139175	73
2020-10-13	277	3	10139175	73
2020-10-14	369	4	10139175	73
2020-10-15	530	3	10139175	73
2020-10-16	509	2	10139175	73
2020-10-17	528	2	10139175	73
2020-10-18	647	3	10139175	73
2020-10-19	331	4	10139175	73
2020-10-20	584	5	10139175	73
2020-10-21	714	7	10139175	73
2020-10-22	825	6	10139175	73
2020-10-23	803	8	10139175	73
2020-10-24	792	8	10139175	73
2020-10-25	946	7	10139175	73
2020-10-26	527	8	10139175	73
2020-10-27	663	9	10139175	73
2020-10-28	988	11	10139175	73
2020-10-29	1015	9	10139175	73
2020-10-30	1022	10	10139175	73
2020-10-31	1095	12	10139175	73
2020-11-01	1175	10	10139175	73
2020-11-02	596	13	10139175	73
2020-11-03	1242	15	10139175	73
2020-11-04	1227	12	10139175	73
2020-11-05	1364	14	10139175	73
2020-11-06	1465	17	10139175	73
2020-11-07	1410	13	10139175	73
2020-11-08	1663	16	10139175	73
2020-11-09	635	12	10139175	73
2020-11-10	1346	15	10139175	73
2020-11-11	1202	18	10139175	73
2020-11-12	1622	20	10139175	73
2020-11-13	1364	22	10139175	73
2020-11-14	1849	19	10139175	73
2020-11-15	2259	21	10139175	73
2020-11-16	1395	18	10139175	73
2020-11-17	2075	20	10139175	73
2020-11-18	2239	25	10139175	73
2020-11-19	2597	23	10139175	73
2020-11-20	3169	26	10139175	73
2020-11-21	2735	28	10139175	73
2020-11-22	3196	24	10139175	73
2020-11-23	2187	29	10139175	73
2020-11-24	3646	34	10139175	73
2020-11-25	3469	30	10139175	73
2020-11-26	3705	32	10139175	73
2020-11-27	3712	35	10139175	73
2020-11-28	4212	32	10139175	73
2020-11-29	4170	38	10139175	73
2020-11-30	2981	31	10139175	73
2020-12-01	4426	41	10139175	73
2020-12-02	3942	37	10139175	73
2020-12-03	4189	40	10139175	73
2020-12-04	4267	41	10139175	73
2020-12-05	4323	42	10139175	73
2020-12-06	4356	39	10139175	73
2020-12-07	3086	43	10139175	73
2020-12-08	4387	38	10139175	73
2020-12-09	4403	42	10139175	73
2020-12-10	4219	38	10139175	73
2020-12-11	4381	47	10139175	73
2020-12-12	4268	43	10139175	73
2020-12-13	4451	39	10139175	73
2020-12-14	3112	44	10139175	73
2020-12-15	4273	41	10139175	73
2020-12-16	4077	43	10139175	73
2020-12-17	4124	38	10139175	73
2020-12-18	3962	45	10139175	73
2020-12-19	3705	42	10139175	73
2020-12-20	2961	35	10139175	73
2020-12-21	1505	43	10139175	73
2020-12-22	2284	41	10139175	73
2020-12-23	2334	46	10139175	73
2020-12-24	1850	40	10139175	73
2020-12-25	1703	36	10139175	73
2020-12-26	1428	38	10139175	73
2020-12-27	1519	45	10139175	73
2020-12-28	772	39	10139175	73
2020-12-29	1101	37	10139175	73
2020-12-30	1052	34	10139175	73
2020-12-31	1064	32	10139175	73
2021-01-01	341	29	10139175	73
2021-01-02	421	33	10139175	73
2021-01-03	803	30	10139175	73
2021-01-04	334	28	10139175	73
2021-01-05	802	31	10139175	73
2021-01-06	799	26	10139175	73
2021-01-07	685	27	10139175	73
2021-01-08	532	24	10139175	73
2021-01-09	633	21	10139175	73
2021-01-10	601	19	10139175	73
2021-01-11	176	17	10139175	73
2021-01-12	519	15	10139175	73
2021-01-13	474	16	10139175	73
2021-01-14	380	14	10139175	73
2021-01-15	349	12	10139175	73
2021-01-16	402	15	10139175	73
2021-01-17	322	11	10139175	73
2021-01-18	118	13	10139175	73
2021-01-19	305	10	10139175	73
2021-01-20	332	12	10139175	73
2021-01-21	218	9	10139175	73
2021-01-22	280	11	10139175	73
2021-01-23	162	8	10139175	73
2021-01-24	287	10	10139175	73
2021-01-25	57	11	10139175	73
2021-01-26	326	7	10139175	73
2021-01-27	226	5	10139175	73
2021-01-28	209	8	10139175	73
2021-01-29	142	6	10139175	73
2021-01-30	131	7	10139175	73
2021-01-31	153	6	10139175	73
2021-02-01	77	4	10139175	73
2021-02-02	159	5	10139175	73
2021-02-03	162	4	10139175	73
2021-02-04	152	3	10139175	73
2021-02-05	138	5	10139175	73
2021-02-06	115	3	10139175	73
2021-02-07	132	2	10139175	73
2021-02-08	44	3	10139175	73
2021-02-09	164	2	10139175	73
2021-02-10	147	4	10139175	73
2021-02-11	140	3	10139175	73
2021-02-12	191	3	10139175	73
2021-02-13	155	5	10139175	73
2021-02-14	128	2	10139175	73
2021-02-15	74	3	10139175	73
2021-02-16	140	2	10139175	73
2021-02-17	154	2	10139175	73
2021-02-18	145	3	10139175	73
2021-02-19	193	3	10139175	73
2021-02-20	144	2	10139175	73
2021-02-21	156	3	10139175	73
2021-02-22	72	4	10139175	73
2021-02-23	223	2	10139175	73
2021-02-24	220	2	10139175	73
2021-02-25	126	3	10139175	73
2021-02-26	219	4	10139175	73
2021-02-27	278	5	10139175	73
2021-02-28	270	2	10139175	73
2021-03-01	125	3	10139175	73
2021-03-02	352	2	10139175	73
2021-03-03	319	5	10139175	73
2021-03-04	314	2	10139175	73
2021-03-05	365	3	10139175	73
2021-03-06	353	3	10139175	73
2021-03-07	403	3	10139175	73
2021-03-08	195	6	10139175	73
2021-03-09	297	3	10139175	73
2021-03-10	515	7	10139175	73
2021-03-11	608	5	10139175	73
2021-03-12	576	6	10139175	73
2021-03-13	733	8	10139175	73
2021-03-14	603	6	10139175	73
2021-03-15	376	4	10139175	73
2021-03-16	980	12	10139175	73
2021-03-17	840	9	10139175	73
2021-03-18	933	7	10139175	73
2021-03-19	879	11	10139175	73
2021-03-20	1187	14	10139175	73
2021-03-21	814	12	10139175	73
