2020-03-03	0	0	164689383	72.59
2020-03-04	0	0	164689383	72.59
2020-03-05	0	0	164689383	72.59
2020-03-06	0	0	164689383	72.59
2020-03-07	0	0	164689383	72.59
2020-03-08	3	0	164689383	72.59
2020-03-09	0	0	164689383	72.59
2020-03-10	0	0	164689383	72.59
2020-03-11	0	0	164689383	72.59
2020-03-12	0	0	164689383	72.59
2020-03-13	0	0	164689383	72.59
2020-03-14	0	0	164689383	72.59
2020-03-15	2	0	164689383	72.59
2020-03-16	3	0	164689383	72.59
2020-03-17	2	0	164689383	72.59
2020-03-18	4	1	164689383	72.59
2020-03-19	3	0	164689383	72.59
2020-03-20	3	0	164689383	72.59
2020-03-21	5	1	164689383	72.59
2020-03-22	2	0	164689383	72.59
2020-03-23	6	1	164689383	72.59
2020-03-24	6	1	164689383	72.59
2020-03-25	0	1	164689383	72.59
2020-03-26	5	0	164689383	72.59
2020-03-27	4	0	164689383	72.59
2020-03-28	0	0	164689383	72.59
2020-03-29	0	0	164689383	72.59
2020-03-30	1	0	164689383	72.59
2020-03-31	2	0	164689383	72.59
2020-04-01	3	1	164689383	72.59
2020-04-02	2	0	164689383	72.59
2020-04-03	5	0	164689383	72.59
2020-04-04	9	2	164689383	72.59
2020-04-05	18	1	164689383	72.59
2020-04-06	35	3	164689383	72.59
2020-04-07	41	5	164689383	72.59
2020-04-08	54	3	164689383	72.59
2020-04-09	112	1	164689383	72.59
2020-04-10	94	6	164689383	72.59
2020-04-11	58	3	164689383	72.59
2020-04-12	139	4	164689383	72.59
2020-04-13	182	5	164689383	72.59
2020-04-14	209	7	164689383	72.59
2020-04-15	219	4	164689383	72.59
2020-04-16	341	10	164689383	72.59
2020-04-17	266	15	164689383	72.59
2020-04-18	306	9	164689383	72.59
2020-04-19	312	7	164689383	72.59
2020-04-20	492	10	164689383	72.59
2020-04-21	434	9	164689383	72.59
2020-04-22	390	10	164689383	72.59
2020-04-23	414	7	164689383	72.59
2020-04-24	503	4	164689383	72.59
2020-04-25	309	9	164689383	72.59
2020-04-26	418	5	164689383	72.59
2020-04-27	497	7	164689383	72.59
2020-04-28	549	3	164689383	72.59
2020-04-29	641	8	164689383	72.59
2020-04-30	564	5	164689383	72.59
2020-05-01	571	2	164689383	72.59
2020-05-02	552	5	164689383	72.59
2020-05-03	665	2	164689383	72.59
2020-05-04	688	5	164689383	72.59
2020-05-05	786	1	164689383	72.59
2020-05-06	790	3	164689383	72.59
2020-05-07	706	13	164689383	72.59
2020-05-08	709	7	164689383	72.59
2020-05-09	636	8	164689383	72.59
2020-05-10	887	14	164689383	72.59
2020-05-11	1034	11	164689383	72.59
2020-05-12	969	11	164689383	72.59
2020-05-13	1162	19	164689383	72.59
2020-05-14	1041	14	164689383	72.59
2020-05-15	1202	15	164689383	72.59
2020-05-16	930	16	164689383	72.59
2020-05-17	1273	14	164689383	72.59
2020-05-18	1602	21	164689383	72.59
2020-05-19	1251	21	164689383	72.59
2020-05-20	1617	16	164689383	72.59
2020-05-21	1773	22	164689383	72.59
2020-05-22	1694	24	164689383	72.59
2020-05-23	1873	20	164689383	72.59
2020-05-24	1532	28	164689383	72.59
2020-05-25	1975	21	164689383	72.59
2020-05-26	1166	21	164689383	72.59
2020-05-27	1541	22	164689383	72.59
2020-05-28	2029	15	164689383	72.59
2020-05-29	2523	23	164689383	72.59
2020-05-30	1764	28	164689383	72.59
2020-05-31	2545	40	164689383	72.59
2020-06-01	2381	22	164689383	72.59
2020-06-02	2911	37	164689383	72.59
2020-06-03	2695	37	164689383	72.59
2020-06-04	2423	35	164689383	72.59
2020-06-05	2828	30	164689383	72.59
2020-06-06	2635	35	164689383	72.59
2020-06-07	2743	42	164689383	72.59
2020-06-08	2735	42	164689383	72.59
2020-06-09	3171	45	164689383	72.59
2020-06-10	3190	37	164689383	72.59
2020-06-11	3187	37	164689383	72.59
2020-06-12	3471	46	164689383	72.59
2020-06-13	2856	44	164689383	72.59
2020-06-14	3141	32	164689383	72.59
2020-06-15	3099	38	164689383	72.59
2020-06-16	3862	53	164689383	72.59
2020-06-17	4008	43	164689383	72.59
2020-06-18	3803	38	164689383	72.59
2020-06-19	3243	45	164689383	72.59
2020-06-20	3240	37	164689383	72.59
2020-06-21	3531	39	164689383	72.59
2020-06-22	3480	38	164689383	72.59
2020-06-23	3412	43	164689383	72.59
2020-06-24	3462	37	164689383	72.59
2020-06-25	3946	39	164689383	72.59
2020-06-26	3868	40	164689383	72.59
2020-06-27	3504	34	164689383	72.59
2020-06-28	3809	43	164689383	72.59
2020-06-29	4014	45	164689383	72.59
2020-06-30	3682	64	164689383	72.59
2020-07-01	3775	41	164689383	72.59
2020-07-02	4019	38	164689383	72.59
2020-07-03	3114	42	164689383	72.59
2020-07-04	3288	29	164689383	72.59
2020-07-05	2738	55	164689383	72.59
2020-07-06	3201	44	164689383	72.59
2020-07-07	3027	55	164689383	72.59
2020-07-08	3489	46	164689383	72.59
2020-07-09	3360	41	164689383	72.59
2020-07-10	2949	37	164689383	72.59
2020-07-11	2686	30	164689383	72.59
2020-07-12	2666	47	164689383	72.59
2020-07-13	3099	39	164689383	72.59
2020-07-14	3163	33	164689383	72.59
2020-07-15	3533	33	164689383	72.59
2020-07-16	2733	39	164689383	72.59
2020-07-17	3034	51	164689383	72.59
2020-07-18	2709	34	164689383	72.59
2020-07-19	2459	37	164689383	72.59
2020-07-20	2928	50	164689383	72.59
2020-07-21	3057	41	164689383	72.59
2020-07-22	2744	42	164689383	72.59
2020-07-23	2856	50	164689383	72.59
2020-07-24	2548	35	164689383	72.59
2020-07-25	2520	38	164689383	72.59
2020-07-26	2275	54	164689383	72.59
2020-07-27	2772	37	164689383	72.59
2020-07-28	2960	35	164689383	72.59
2020-07-29	3009	35	164689383	72.59
2020-07-30	2695	48	164689383	72.59
2020-07-31	2772	28	164689383	72.59
2020-08-01	2199	21	164689383	72.59
2020-08-02	886	22	164689383	72.59
2020-08-03	1356	30	164689383	72.59
2020-08-04	1918	50	164689383	72.59
2020-08-05	2654	33	164689383	72.59
2020-08-06	2977	39	164689383	72.59
2020-08-07	2851	27	164689383	72.59
2020-08-08	2611	32	164689383	72.59
2020-08-09	2487	34	164689383	72.59
2020-08-10	2907	39	164689383	72.59
2020-08-11	2996	33	164689383	72.59
2020-08-12	2995	42	164689383	72.59
2020-08-13	2617	44	164689383	72.59
2020-08-14	2766	34	164689383	72.59
2020-08-15	2644	34	164689383	72.59
2020-08-16	2024	32	164689383	72.59
2020-08-17	2595	37	164689383	72.59
2020-08-18	3200	46	164689383	72.59
2020-08-19	2747	41	164689383	72.59
2020-08-20	2868	41	164689383	72.59
2020-08-21	2401	39	164689383	72.59
2020-08-22	2265	46	164689383	72.59
2020-08-23	1973	34	164689383	72.59
2020-08-24	2485	42	164689383	72.59
2020-08-25	2545	45	164689383	72.59
2020-08-26	2519	54	164689383	72.59
2020-08-27	2436	45	164689383	72.59
2020-08-28	2211	47	164689383	72.59
2020-08-29	2131	32	164689383	72.59
2020-08-30	1897	42	164689383	72.59
2020-08-31	2174	33	164689383	72.59
2020-09-01	1950	35	164689383	72.59
2020-09-02	2582	35	164689383	72.59
2020-09-03	2158	32	164689383	72.59
2020-09-04	1929	29	164689383	72.59
2020-09-05	1950	35	164689383	72.59
2020-09-06	1592	32	164689383	72.59
2020-09-07	2202	37	164689383	72.59
2020-09-08	1892	36	164689383	72.59
2020-09-09	1827	41	164689383	72.59
2020-09-10	1892	41	164689383	72.59
2020-09-11	1792	34	164689383	72.59
2020-09-12	1282	34	164689383	72.59
2020-09-13	1476	31	164689383	72.59
2020-09-14	1812	26	164689383	72.59
2020-09-15	1724	43	164689383	72.59
2020-09-16	1615	21	164689383	72.59
2020-09-17	1593	36	164689383	72.59
2020-09-18	1541	22	164689383	72.59
2020-09-19	1567	32	164689383	72.59
2020-09-20	1546	26	164689383	72.59
2020-09-21	1703	40	164689383	72.59
2020-09-22	1557	28	164689383	72.59
2020-09-23	1666	37	164689383	72.59
2020-09-24	1540	28	164689383	72.59
2020-09-25	1383	21	164689383	72.59
2020-09-26	1106	36	164689383	72.59
2020-09-27	1275	32	164689383	72.59
2020-09-28	1407	32	164689383	72.59
2020-09-29	1488	26	164689383	72.59
2020-09-30	1436	32	164689383	72.59
2020-10-01	1508	21	164689383	72.59
2020-10-02	1396	33	164689383	72.59
2020-10-03	1182	20	164689383	72.59
2020-10-04	1125	23	164689383	72.59
2020-10-05	1442	27	164689383	72.59
2020-10-06	1499	30	164689383	72.59
2020-10-07	1520	35	164689383	72.59
2020-10-08	1441	20	164689383	72.59
2020-10-09	1278	17	164689383	72.59
2020-10-10	1203	23	164689383	72.59
2020-10-11	1193	24	164689383	72.59
2020-10-12	1472	31	164689383	72.59
2020-10-13	1537	22	164689383	72.59
2020-10-14	1684	16	164689383	72.59
2020-10-15	1600	15	164689383	72.59
2020-10-16	1527	15	164689383	72.59
2020-10-17	1209	23	164689383	72.59
2020-10-18	1274	14	164689383	72.59
2020-10-19	1637	21	164689383	72.59
2020-10-20	1380	18	164689383	72.59
2020-10-21	1545	24	164689383	72.59
2020-10-22	1696	24	164689383	72.59
2020-10-23	1586	14	164689383	72.59
2020-10-24	1094	19	164689383	72.59
2020-10-25	1308	23	164689383	72.59
2020-10-26	1436	15	164689383	72.59
2020-10-27	1335	20	164689383	72.59
2020-10-28	1493	23	164689383	72.59
2020-10-29	1681	25	164689383	72.59
2020-10-30	1604	19	164689383	72.59
2020-10-31	1320	18	164689383	72.59
2020-11-01	1568	18	164689383	72.59
2020-11-02	1736	25	164689383	72.59
2020-11-03	1659	17	164689383	72.59
2020-11-04	1517	21	164689383	72.59
2020-11-05	1842	17	164689383	72.59
2020-11-06	1469	15	164689383	72.59
2020-11-07	1289	13	164689383	72.59
2020-11-08	1474	18	164689383	72.59
2020-11-09	1683	25	164689383	72.59
2020-11-10	1699	16	164689383	72.59
2020-11-11	1733	19	164689383	72.59
2020-11-12	1845	13	164689383	72.59
2020-11-13	1767	19	164689383	72.59
2020-11-14	1531	14	164689383	72.59
2020-11-15	1837	21	164689383	72.59
2020-11-16	2139	21	164689383	72.59
2020-11-17	2212	39	164689383	72.59
2020-11-18	2111	21	164689383	72.59
2020-11-19	2364	30	164689383	72.59
2020-11-20	2275	17	164689383	72.59
2020-11-21	1847	28	164689383	72.59
2020-11-22	2060	38	164689383	72.59
2020-11-23	2419	28	164689383	72.59
2020-11-24	2230	32	164689383	72.59
2020-11-25	2156	39	164689383	72.59
2020-11-26	2292	37	164689383	72.59
2020-11-27	2273	20	164689383	72.59
2020-11-28	1908	36	164689383	72.59
2020-11-29	1788	29	164689383	72.59
2020-11-30	2525	35	164689383	72.59
2020-12-01	2293	31	164689383	72.59
2020-12-02	2198	38	164689383	72.59
2020-12-03	2316	35	164689383	72.59
2020-12-04	2252	24	164689383	72.59
2020-12-05	1798	35	164689383	72.59
2020-12-06	1756	31	164689383	72.59
2020-12-07	2198	36	164689383	72.59
2020-12-08	2202	32	164689383	72.59
2020-12-09	2159	24	164689383	72.59
2020-12-10	1861	37	164689383	72.59
2020-12-11	1884	19	164689383	72.59
2020-12-12	1329	34	164689383	72.59
2020-12-13	1355	32	164689383	72.59
2020-12-14	1799	37	164689383	72.59
2020-12-15	1877	40	164689383	72.59
2020-12-16	1632	27	164689383	72.59
2020-12-17	1134	36	164689383	72.59
2020-12-18	1318	25	164689383	72.59
2020-12-19	1267	25	164689383	72.59
2020-12-20	1153	38	164689383	72.59
2020-12-21	1470	32	164689383	72.59
2020-12-22	1318	17	164689383	72.59
2020-12-23	1367	30	164689383	72.59
2020-12-24	1234	19	164689383	72.59
2020-12-25	1163	20	164689383	72.59
2020-12-26	834	30	164689383	72.59
2020-12-27	1049	24	164689383	72.59
2020-12-28	932	27	164689383	72.59
2020-12-29	1181	30	164689383	72.59
2020-12-30	1235	22	164689383	72.59
2020-12-31	1014	28	164689383	72.59
2021-01-01	990	17	164689383	72.59
2021-01-02	684	23	164689383	72.59
2021-01-03	835	27	164689383	72.59
2021-01-04	910	24	164689383	72.59
2021-01-05	991	20	164689383	72.59
2021-01-06	978	17	164689383	72.59
2021-01-07	1007	31	164689383	72.59
2021-01-08	785	16	164689383	72.59
2021-01-09	692	22	164689383	72.59
2021-01-10	1071	25	164689383	72.59
2021-01-11	849	22	164689383	72.59
2021-01-12	718	16	164689383	72.59
2021-01-13	890	14	164689383	72.59
2021-01-14	813	16	164689383	72.59
2021-01-15	762	13	164689383	72.59
2021-01-16	578	21	164689383	72.59
2021-01-17	569	23	164689383	72.59
2021-01-18	697	16	164689383	72.59
2021-01-19	702	20	164689383	72.59
2021-01-20	656	8	164689383	72.59
2021-01-21	584	16	164689383	72.59
2021-01-22	619	15	164689383	72.59
2021-01-23	436	22	164689383	72.59
2021-01-24	473	20	164689383	72.59
2021-01-25	602	18	164689383	72.59
2021-01-26	515	14	164689383	72.59
2021-01-27	528	17	164689383	72.59
2021-01-28	509	15	164689383	72.59
2021-01-29	454	7	164689383	72.59
2021-01-30	363	17	164689383	72.59
2021-01-31	369	16	164689383	72.59
2021-02-01	443	10	164689383	72.59
2021-02-02	525	12	164689383	72.59
2021-02-03	438	13	164689383	72.59
2021-02-04	485	13	164689383	72.59
2021-02-05	435	7	164689383	72.59
2021-02-06	305	8	164689383	72.59
2021-02-07	292	15	164689383	72.59
2021-02-08	316	16	164689383	72.59
2021-02-09	387	8	164689383	72.59
2021-02-10	388	10	164689383	72.59
2021-02-11	378	9	164689383	72.59
2021-02-12	444	5	164689383	72.59
2021-02-13	291	13	164689383	72.59
2021-02-14	326	8	164689383	72.59
2021-02-15	446	11	164689383	72.59
2021-02-16	396	13	164689383	72.59
2021-02-17	443	16	164689383	72.59
2021-02-18	391	15	164689383	72.59
2021-02-19	406	8	164689383	72.59
2021-02-20	350	5	164689383	72.59
2021-02-21	327	7	164689383	72.59
2021-02-22	366	7	164689383	72.59
2021-02-23	399	18	164689383	72.59
2021-02-24	428	5	164689383	72.59
2021-02-25	410	5	164689383	72.59
2021-02-26	470	11	164689383	72.59
2021-02-27	407	5	164689383	72.59
2021-02-28	385	8	164689383	72.59
2021-03-01	585	8	164689383	72.59
2021-03-02	515	7	164689383	72.59
2021-03-03	614	5	164689383	72.59
2021-03-04	619	7	164689383	72.59
2021-03-05	635	6	164689383	72.59
2021-03-06	540	10	164689383	72.59
2021-03-07	606	11	164689383	72.59
2021-03-08	845	14	164689383	72.59
2021-03-09	912	13	164689383	72.59
2021-03-10	1018	7	164689383	72.59
2021-03-11	1051	6	164689383	72.59
2021-03-12	1066	13	164689383	72.59
2021-03-13	1014	12	164689383	72.59
2021-03-14	1159	18	164689383	72.59
2021-03-15	1773	26	164689383	72.59
2021-03-16	1719	26	164689383	72.59
2021-03-17	1865	11	164689383	72.59
2021-03-18	2187	16	164689383	72.59
2021-03-19	1899	18	164689383	72.59
2021-03-20	1868	26	164689383	72.59
2021-03-21	2172	22	164689383	72.59

