2020-02-28	1	0	9449321	74.79
2020-02-29	0	0	9449321	74.79
2020-03-01	0	0	9449321	74.79
2020-03-02	0	0	9449321	74.79
2020-03-03	0	0	9449321	74.79
2020-03-04	5	0	9449321	74.79
2020-03-05	0	0	9449321	74.79
2020-03-06	0	0	9449321	74.79
2020-03-07	0	0	9449321	74.79
2020-03-08	0	0	9449321	74.79
2020-03-09	0	0	9449321	74.79
2020-03-10	3	0	9449321	74.79
2020-03-11	0	0	9449321	74.79
2020-03-12	3	0	9449321	74.79
2020-03-13	15	0	9449321	74.79
2020-03-14	0	0	9449321	74.79
2020-03-15	0	0	9449321	74.79
2020-03-16	9	0	9449321	74.79
2020-03-17	0	0	9449321	74.79
2020-03-18	15	0	9449321	74.79
2020-03-19	0	0	9449321	74.79
2020-03-20	18	0	9449321	74.79
2020-03-21	7	0	9449321	74.79
2020-03-22	0	0	9449321	74.79
2020-03-23	5	0	9449321	74.79
2020-03-24	0	0	9449321	74.79
2020-03-25	5	0	9449321	74.79
2020-03-26	0	0	9449321	74.79
2020-03-27	8	0	9449321	74.79
2020-03-28	0	0	9449321	74.79
2020-03-29	0	0	9449321	74.79
2020-03-30	58	0	9449321	74.79
2020-03-31	0	1	9449321	74.79
2020-04-01	11	1	9449321	74.79
2020-04-02	141	2	9449321	74.79
2020-04-03	47	0	9449321	74.79
2020-04-04	89	1	9449321	74.79
2020-04-05	122	3	9449321	74.79
2020-04-06	138	5	9449321	74.79
2020-04-07	161	0	9449321	74.79
2020-04-08	205	0	9449321	74.79
2020-04-09	420	3	9449321	74.79
2020-04-10	495	3	9449321	74.79
2020-04-11	245	4	9449321	74.79
2020-04-12	352	3	9449321	74.79
2020-04-13	341	3	9449321	74.79
2020-04-14	362	4	9449321	74.79
2020-04-15	447	3	9449321	74.79
2020-04-16	476	4	9449321	74.79
2020-04-17	575	2	9449321	74.79
2020-04-18	518	3	9449321	74.79
2020-04-19	510	2	9449321	74.79
2020-04-20	457	4	9449321	74.79
2020-04-21	459	4	9449321	74.79
2020-04-22	558	3	9449321	74.79
2020-04-23	741	2	9449321	74.79
2020-04-24	751	3	9449321	74.79
2020-04-25	817	4	9449321	74.79
2020-04-26	873	5	9449321	74.79
2020-04-27	826	3	9449321	74.79
2020-04-28	919	4	9449321	74.79
2020-04-29	973	5	9449321	74.79
2020-04-30	846	5	9449321	74.79
2020-05-01	890	4	9449321	74.79
2020-05-02	911	4	9449321	74.79
2020-05-03	877	2	9449321	74.79
2020-05-04	784	4	9449321	74.79
2020-05-05	861	4	9449321	74.79
2020-05-06	905	5	9449321	74.79
2020-05-07	913	4	9449321	74.79
2020-05-08	933	5	9449321	74.79
2020-05-09	951	5	9449321	74.79
2020-05-10	921	5	9449321	74.79
2020-05-11	933	4	9449321	74.79
2020-05-12	967	7	9449321	74.79
2020-05-13	952	4	9449321	74.79
2020-05-14	947	5	9449321	74.79
2020-05-15	958	5	9449321	74.79
2020-05-16	951	4	9449321	74.79
2020-05-17	969	5	9449321	74.79
2020-05-18	922	6	9449321	74.79
2020-05-19	936	4	9449321	74.79
2020-05-20	918	4	9449321	74.79
2020-05-21	945	6	9449321	74.79
2020-05-22	932	5	9449321	74.79
2020-05-23	941	4	9449321	74.79
2020-05-24	954	5	9449321	74.79
2020-05-25	946	5	9449321	74.79
2020-05-26	915	4	9449321	74.79
2020-05-27	897	6	9449321	74.79
2020-05-28	902	5	9449321	74.79
2020-05-29	906	5	9449321	74.79
2020-05-30	894	5	9449321	74.79
2020-05-31	898	6	9449321	74.79
2020-06-01	847	5	9449321	74.79
2020-06-02	852	3	9449321	74.79
2020-06-03	861	5	9449321	74.79
2020-06-04	865	5	9449321	74.79
2020-06-05	887	6	9449321	74.79
2020-06-06	883	4	9449321	74.79
2020-06-07	879	6	9449321	74.79
2020-06-08	823	7	9449321	74.79
2020-06-09	812	6	9449321	74.79
2020-06-10	801	6	9449321	74.79
2020-06-11	750	5	9449321	74.79
2020-06-12	704	5	9449321	74.79
2020-06-13	721	5	9449321	74.79
2020-06-14	732	5	9449321	74.79
2020-06-15	707	4	9449321	74.79
2020-06-16	689	6	9449321	74.79
2020-06-17	663	6	9449321	74.79
2020-06-18	625	7	9449321	74.79
2020-06-19	676	6	9449321	74.79
2020-06-20	603	6	9449321	74.79
2020-06-21	569	3	9449321	74.79
2020-06-22	518	5	9449321	74.79
2020-06-23	464	6	9449321	74.79
2020-06-24	458	5	9449321	74.79
2020-06-25	437	5	9449321	74.79
2020-06-26	331	6	9449321	74.79
2020-06-27	382	4	9449321	74.79
2020-06-28	380	6	9449321	74.79
2020-06-29	315	4	9449321	74.79
2020-06-30	328	5	9449321	74.79
2020-07-01	306	6	9449321	74.79
2020-07-02	274	7	9449321	74.79
2020-07-03	299	7	9449321	74.79
2020-07-04	273	6	9449321	74.79
2020-07-05	284	5	9449321	74.79
2020-07-06	250	6	9449321	74.79
2020-07-07	199	7	9449321	74.79
2020-07-08	221	7	9449321	74.79
2020-07-09	187	6	9449321	74.79
2020-07-10	193	5	9449321	74.79
2020-07-11	163	5	9449321	74.79
2020-07-12	165	5	9449321	74.79
2020-07-13	182	4	9449321	74.79
2020-07-14	155	6	9449321	74.79
2020-07-15	174	6	9449321	74.79
2020-07-16	180	5	9449321	74.79
2020-07-17	159	6	9449321	74.79
2020-07-18	171	4	9449321	74.79
2020-07-19	142	4	9449321	74.79
2020-07-20	118	4	9449321	74.79
2020-07-21	135	4	9449321	74.79
2020-07-22	173	6	9449321	74.79
2020-07-23	167	6	9449321	74.79
2020-07-24	158	5	9449321	74.79
2020-07-25	156	6	9449321	74.79
2020-07-26	130	4	9449321	74.79
2020-07-27	119	4	9449321	74.79
2020-07-28	115	5	9449321	74.79
2020-07-29	152	5	9449321	74.79
2020-07-30	147	5	9449321	74.79
2020-07-31	143	6	9449321	74.79
2020-08-01	138	4	9449321	74.79
2020-08-02	121	4	9449321	74.79
2020-08-03	99	4	9449321	74.79
2020-08-04	84	3	9449321	74.79
2020-08-05	126	3	9449321	74.79
2020-08-06	127	3	9449321	74.79
2020-08-07	111	3	9449321	74.79
2020-08-08	124	2	9449321	74.79
2020-08-09	112	2	9449321	74.79
2020-08-10	97	2	9449321	74.79
2020-08-11	58	3	9449321	74.79
2020-08-12	97	3	9449321	74.79
2020-08-13	101	4	9449321	74.79
2020-08-14	105	4	9449321	74.79
2020-08-15	0	0	9449321	74.79
2020-08-16	208	7	9449321	74.79
2020-08-17	73	3	9449321	74.79
2020-08-18	84	4	9449321	74.79
2020-08-19	128	5	9449321	74.79
2020-08-20	149	5	9449321	74.79
2020-08-21	161	5	9449321	74.79
2020-08-22	174	5	9449321	74.79
2020-08-23	183	5	9449321	74.79
2020-08-24	177	4	9449321	74.79
2020-08-25	82	6	9449321	74.79
2020-08-26	247	5	9449321	74.79
2020-08-27	191	5	9449321	74.79
2020-08-28	181	5	9449321	74.79
2020-08-29	177	4	9449321	74.79
2020-08-30	164	5	9449321	74.79
2020-08-31	156	5	9449321	74.79
2020-09-01	119	5	9449321	74.79
2020-09-02	179	5	9449321	74.79
2020-09-03	161	5	9449321	74.79
2020-09-04	183	5	9449321	74.79
2020-09-05	178	4	9449321	74.79
2020-09-06	196	6	9449321	74.79
2020-09-07	172	5	9449321	74.79
2020-09-08	177	5	9449321	74.79
2020-09-09	194	5	9449321	74.79
2020-09-10	189	6	9449321	74.79
2020-09-11	193	6	9449321	74.79
2020-09-12	191	6	9449321	74.79
2020-09-13	198	6	9449321	74.79
2020-09-14	187	6	9449321	74.79
2020-09-15	192	5	9449321	74.79
2020-09-16	211	6	9449321	74.79
2020-09-17	224	4	9449321	74.79
2020-09-18	243	2	9449321	74.79
2020-09-19	231	3	9449321	74.79
2020-09-20	213	4	9449321	74.79
2020-09-21	224	5	9449321	74.79
2020-09-22	206	6	9449321	74.79
2020-09-23	253	5	9449321	74.79
2020-09-24	294	6	9449321	74.79
2020-09-25	306	5	9449321	74.79
2020-09-26	332	6	9449321	74.79
2020-09-27	320	5	9449321	74.79
2020-09-28	337	4	9449321	74.79
2020-09-29	314	6	9449321	74.79
2020-09-30	371	5	9449321	74.79
2020-10-01	388	6	9449321	74.79
2020-10-02	402	5	9449321	74.79
2020-10-03	431	7	9449321	74.79
2020-10-04	0	0	9449321	74.79
2020-10-05	844	11	9449321	74.79
2020-10-06	394	6	9449321	74.79
2020-10-07	415	6	9449321	74.79
2020-10-08	477	6	9449321	74.79
2020-10-09	489	5	9449321	74.79
2020-10-10	0	0	9449321	74.79
2020-10-11	1063	11	9449321	74.79
2020-10-12	464	5	9449321	74.79
2020-10-13	526	5	9449321	74.79
2020-10-14	597	5	9449321	74.79
2020-10-15	613	5	9449321	74.79
2020-10-16	658	5	9449321	74.79
2020-10-17	671	4	9449321	74.79
2020-10-18	635	4	9449321	74.79
2020-10-19	592	4	9449321	74.79
2020-10-20	619	4	9449321	74.79
2020-10-21	733	4	9449321	74.79
2020-10-22	738	4	9449321	74.79
2020-10-23	787	0	9449321	74.79
2020-10-24	811	8	9449321	74.79
2020-10-25	845	4	9449321	74.79
2020-10-26	884	4	9449321	74.79
2020-10-27	902	4	9449321	74.79
2020-10-28	936	4	9449321	74.79
2020-10-29	984	4	9449321	74.79
2020-10-30	970	4	9449321	74.79
2020-10-31	983	3	9449321	74.79
2020-11-01	977	5	9449321	74.79
2020-11-02	941	4	9449321	74.79
2020-11-03	929	3	9449321	74.79
2020-11-04	984	3	9449321	74.79
2020-11-05	982	3	9449321	74.79
2020-11-06	991	3	9449321	74.79
2020-11-07	997	3	9449321	74.79
2020-11-08	996	3	9449321	74.79
2020-11-09	983	4	9449321	74.79
2020-11-10	1038	5	9449321	74.79
2020-11-11	1057	6	9449321	74.79
2020-11-12	1098	5	9449321	74.79
2020-11-13	1167	6	9449321	74.79
2020-11-14	1248	6	9449321	74.79
2020-11-15	1315	7	9449321	74.79
2020-11-16	1263	7	9449321	74.79
2020-11-17	1251	7	9449321	74.79
2020-11-18	1309	7	9449321	74.79
2020-11-19	1382	7	9449321	74.79
2020-11-20	1457	7	9449321	74.79
2020-11-21	1588	8	9449321	74.79
2020-11-22	1564	7	9449321	74.79
2020-11-23	1483	8	9449321	74.79
2020-11-24	1471	8	9449321	74.79
2020-11-25	1496	7	9449321	74.79
2020-11-26	1563	9	9449321	74.79
2020-11-27	1621	8	9449321	74.79
2020-11-28	1691	7	9449321	74.79
2020-11-29	1684	8	9449321	74.79
2020-11-30	1639	7	9449321	74.79
2020-12-01	1572	8	9449321	74.79
2020-12-02	1689	8	9449321	74.79
2020-12-03	1701	7	9449321	74.79
2020-12-04	1774	9	9449321	74.79
2020-12-05	1896	8	9449321	74.79
2020-12-06	1878	9	9449321	74.79
2020-12-07	1796	8	9449321	74.79
2020-12-08	1649	7	9449321	74.79
2020-12-09	1851	8	9449321	74.79
2020-12-10	1939	8	9449321	74.79
2020-12-11	1967	8	9449321	74.79
2020-12-12	1975	8	9449321	74.79
2020-12-13	1961	9	9449321	74.79
2020-12-14	1853	10	9449321	74.79
2020-12-15	1911	9	9449321	74.79
2020-12-16	1838	9	9449321	74.79
2020-12-17	1834	8	9449321	74.79
2020-12-18	1917	9	9449321	74.79
2020-12-19	1931	8	9449321	74.79
2020-12-20	1944	8	9449321	74.79
2020-12-21	1893	9	9449321	74.79
2020-12-22	1858	8	9449321	74.79
2020-12-23	1922	8	9449321	74.79
2020-12-24	1917	9	9449321	74.79
2020-12-25	1893	9	9449321	74.79
2020-12-26	1916	9	9449321	74.79
2020-12-27	1825	9	9449321	74.79
2020-12-28	1841	9	9449321	74.79
2020-12-29	1816	10	9449321	74.79
2020-12-30	1957	10	9449321	74.79
2020-12-31	1923	10	9449321	74.79
2021-01-01	1939	9	9449321	74.79
2021-01-02	1902	9	9449321	74.79
2021-01-03	1837	9	9449321	74.79
2021-01-04	1869	10	9449321	74.79
2021-01-05	1273	10	9449321	74.79
2021-01-06	1854	9	9449321	74.79
2021-01-07	1838	9	9449321	74.79
2021-01-08	1805	9	9449321	74.79
2021-01-09	1767	9	9449321	74.79
2021-01-10	1833	10	9449321	74.79
2021-01-11	1792	9	9449321	74.79
2021-01-12	1731	9	9449321	74.79
2021-01-13	1972	9	9449321	74.79
2021-01-14	1967	10	9449321	74.79
2021-01-15	1941	10	9449321	74.79
2021-01-16	1933	9	9449321	74.79
2021-01-17	1924	9	9449321	74.79
2021-01-18	1899	9	9449321	74.79
2021-01-19	1356	10	9449321	74.79
2021-01-20	1778	9	9449321	74.79
2021-01-21	1804	9	9449321	74.79
2021-01-22	1813	9	9449321	74.79
2021-01-23	1748	11	9449321	74.79
2021-01-24	1752	10	9449321	74.79
2021-01-25	1024	9	9449321	74.79
2021-01-26	847	10	9449321	74.79
2021-01-27	1651	10	9449321	74.79
2021-01-28	1718	10	9449321	74.79
2021-01-29	1867	10	9449321	74.79
2021-01-30	1852	10	9449321	74.79
2021-01-31	1766	10	9449321	74.79
2021-02-01	959	10	9449321	74.79
2021-02-02	699	9	9449321	74.79
2021-02-03	1711	9	9449321	74.79
2021-02-04	1708	9	9449321	74.79
2021-02-05	1759	9	9449321	74.79
2021-02-06	1787	9	9449321	74.79
2021-02-07	1732	10	9449321	74.79
2021-02-08	808	9	9449321	74.79
2021-02-09	561	9	9449321	74.79
2021-02-10	1799	10	9449321	74.79
2021-02-11	1692	9	9449321	74.79
2021-02-12	1733	10	9449321	74.79
2021-02-13	1745	10	9449321	74.79
2021-02-14	1658	9	9449321	74.79
2021-02-15	1100	9	9449321	74.79
2021-02-16	1134	9	9449321	74.79
2021-02-17	1352	9	9449321	74.79
2021-02-18	1386	9	9449321	74.79
2021-02-19	1663	9	9449321	74.79
2021-02-20	1668	9	9449321	74.79
2021-02-21	1322	9	9449321	74.79
2021-02-22	1144	9	9449321	74.79
2021-02-23	972	9	9449321	74.79
2021-02-24	1279	9	9449321	74.79
2021-02-25	1191	9	9449321	74.79
2021-02-26	1602	9	9449321	74.79
2021-02-27	1459	9	9449321	74.79
2021-02-28	1347	10	9449321	74.79
2021-03-01	961	9	9449321	74.79
2021-03-02	869	8	9449321	74.79
2021-03-03	1311	9	9449321	74.79
2021-03-04	1174	9	9449321	74.79
2021-03-05	1482	9	9449321	74.79
2021-03-06	1329	9	9449321	74.79
2021-03-07	1079	9	9449321	74.79
2021-03-08	930	9	9449321	74.79
2021-03-09	1073	8	9449321	74.79
2021-03-10	609	8	9449321	74.79
2021-03-11	837	7	9449321	74.79
2021-03-12	1186	8	9449321	74.79
2021-03-13	1182	9	9449321	74.79
2021-03-14	995	8	9449321	74.79
2021-03-15	947	8	9449321	74.79
2021-03-16	876	9	9449321	74.79
2021-03-17	1124	9	9449321	74.79
2021-03-18	1254	9	9449321	74.79
2021-03-19	1414	9	9449321	74.79
2021-03-20	1355	9	9449321	74.79
2021-03-21	1152	9	9449321	74.79
