2020-02-04	1	0	11589616	81.63
2020-02-05	0	0	11589616	81.63
2020-02-06	0	0	11589616	81.63
2020-02-07	0	0	11589616	81.63
2020-02-08	0	0	11589616	81.63
2020-02-09	0	0	11589616	81.63
2020-02-10	0	0	11589616	81.63
2020-02-11	0	0	11589616	81.63
2020-02-12	0	0	11589616	81.63
2020-02-13	0	0	11589616	81.63
2020-02-14	0	0	11589616	81.63
2020-02-15	0	0	11589616	81.63
2020-02-16	0	0	11589616	81.63
2020-02-17	0	0	11589616	81.63
2020-02-18	0	0	11589616	81.63
2020-02-19	0	0	11589616	81.63
2020-02-20	0	0	11589616	81.63
2020-02-21	0	0	11589616	81.63
2020-02-22	0	0	11589616	81.63
2020-02-23	0	0	11589616	81.63
2020-02-24	0	0	11589616	81.63
2020-02-25	0	0	11589616	81.63
2020-02-26	0	0	11589616	81.63
2020-02-27	0	0	11589616	81.63
2020-02-28	0	0	11589616	81.63
2020-02-29	0	0	11589616	81.63
2020-03-01	1	0	11589616	81.63
2020-03-02	6	0	11589616	81.63
2020-03-03	5	0	11589616	81.63
2020-03-04	10	0	11589616	81.63
2020-03-05	27	0	11589616	81.63
2020-03-06	59	0	11589616	81.63
2020-03-07	60	0	11589616	81.63
2020-03-08	31	0	11589616	81.63
2020-03-09	39	0	11589616	81.63
2020-03-10	28	0	11589616	81.63
2020-03-11	47	3	11589616	81.63
2020-03-12	0	0	11589616	81.63
2020-03-13	245	0	11589616	81.63
2020-03-14	130	1	11589616	81.63
2020-03-15	197	0	11589616	81.63
2020-03-16	172	1	11589616	81.63
2020-03-17	185	5	11589616	81.63
2020-03-18	243	4	11589616	81.63
2020-03-19	309	7	11589616	81.63
2020-03-20	462	16	11589616	81.63
2020-03-21	558	30	11589616	81.63
2020-03-22	586	8	11589616	81.63
2020-03-23	342	13	11589616	81.63
2020-03-24	526	34	11589616	81.63
2020-03-25	668	56	11589616	81.63
2020-03-26	1298	42	11589616	81.63
2020-03-27	1049	69	11589616	81.63
2020-03-28	1850	64	11589616	81.63
2020-03-29	1702	78	11589616	81.63
2020-03-30	1063	82	11589616	81.63
2020-03-31	876	192	11589616	81.63
2020-04-01	1189	123	11589616	81.63
2020-04-02	1384	183	11589616	81.63
2020-04-03	1422	132	11589616	81.63
2020-04-04	1661	140	11589616	81.63
2020-04-05	1260	164	11589616	81.63
2020-04-06	1123	185	11589616	81.63
2020-04-07	1380	403	11589616	81.63
2020-04-08	1209	205	11589616	81.63
2020-04-09	1580	283	11589616	81.63
2020-04-10	1684	496	11589616	81.63
2020-04-11	1351	327	11589616	81.63
2020-04-12	1629	254	11589616	81.63
2020-04-13	942	303	11589616	81.63
2020-04-14	530	254	11589616	81.63
2020-04-15	2454	283	11589616	81.63
2020-04-16	1236	417	11589616	81.63
2020-04-17	1329	306	11589616	81.63
2020-04-18	1045	290	11589616	81.63
2020-04-19	1313	230	11589616	81.63
2020-04-20	1487	145	11589616	81.63
2020-04-21	973	170	11589616	81.63
2020-04-22	933	264	11589616	81.63
2020-04-23	908	228	11589616	81.63
2020-04-24	1496	189	11589616	81.63
2020-04-25	1032	238	11589616	81.63
2020-04-26	809	177	11589616	81.63
2020-04-27	553	113	11589616	81.63
2020-04-28	647	124	11589616	81.63
2020-04-29	525	170	11589616	81.63
2020-04-30	660	93	11589616	81.63
2020-05-01	513	109	11589616	81.63
2020-05-02	485	62	11589616	81.63
2020-05-03	389	79	11589616	81.63
2020-05-04	361	80	11589616	81.63
2020-05-05	242	92	11589616	81.63
2020-05-06	272	323	11589616	81.63
2020-05-07	639	76	11589616	81.63
2020-05-08	591	106	11589616	81.63
2020-05-09	585	60	11589616	81.63
2020-05-10	485	75	11589616	81.63
2020-05-11	368	51	11589616	81.63
2020-05-12	330	54	11589616	81.63
2020-05-13	202	82	11589616	81.63
2020-05-14	307	60	11589616	81.63
2020-05-15	356	56	11589616	81.63
2020-05-16	345	46	11589616	81.63
2020-05-17	291	47	11589616	81.63
2020-05-18	279	28	11589616	81.63
2020-05-19	232	28	11589616	81.63
2020-05-20	192	42	11589616	81.63
2020-05-21	252	36	11589616	81.63
2020-05-22	276	26	11589616	81.63
2020-05-23	299	25	11589616	81.63
2020-05-24	282	43	11589616	81.63
2020-05-25	250	32	11589616	81.63
2020-05-26	113	22	11589616	81.63
2020-05-27	137	30	11589616	81.63
2020-05-28	257	24	11589616	81.63
2020-05-29	212	42	11589616	81.63
2020-05-30	125	23	11589616	81.63
2020-05-31	195	14	11589616	81.63
2020-06-01	136	19	11589616	81.63
2020-06-02	98	19	11589616	81.63
2020-06-03	70	17	11589616	81.63
2020-06-04	82	26	11589616	81.63
2020-06-05	140	18	11589616	81.63
2020-06-06	165	14	11589616	81.63
2020-06-07	154	15	11589616	81.63
2020-06-08	122	11	11589616	81.63
2020-06-09	89	13	11589616	81.63
2020-06-10	132	10	11589616	81.63
2020-06-11	142	7	11589616	81.63
2020-06-12	108	10	11589616	81.63
2020-06-13	99	4	11589616	81.63
2020-06-14	111	5	11589616	81.63
2020-06-15	71	6	11589616	81.63
2020-06-16	55	2	11589616	81.63
2020-06-17	89	12	11589616	81.63
2020-06-18	104	8	11589616	81.63
2020-06-19	128	12	11589616	81.63
2020-06-20	74	1	11589616	81.63
2020-06-21	0	0	11589616	81.63
2020-06-22	0	0	11589616	81.63
2020-06-23	260	17	11589616	81.63
2020-06-24	88	9	11589616	81.63
2020-06-25	109	4	11589616	81.63
2020-06-26	99	5	11589616	81.63
2020-06-27	103	1	11589616	81.63
2020-06-28	86	0	11589616	81.63
2020-06-29	66	0	11589616	81.63
2020-06-30	66	15	11589616	81.63
2020-07-01	82	7	11589616	81.63
2020-07-02	89	7	11589616	81.63
2020-07-03	129	4	11589616	81.63
2020-07-04	111	6	11589616	81.63
2020-07-05	178	0	11589616	81.63
2020-07-06	42	3	11589616	81.63
2020-07-07	0	0	11589616	81.63
2020-07-08	65	2	11589616	81.63
2020-07-09	87	2	11589616	81.63
2020-07-10	147	3	11589616	81.63
2020-07-11	112	1	11589616	81.63
2020-07-12	238	0	11589616	81.63
2020-07-13	0	0	11589616	81.63
2020-07-14	74	5	11589616	81.63
2020-07-15	91	1	11589616	81.63
2020-07-16	366	7	11589616	81.63
2020-07-17	261	5	11589616	81.63
2020-07-18	207	0	11589616	81.63
2020-07-19	0	0	11589616	81.63
2020-07-20	388	5	11589616	81.63
2020-07-21	164	0	11589616	81.63
2020-07-22	369	3	11589616	81.63
2020-07-23	220	4	11589616	81.63
2020-07-24	352	5	11589616	81.63
2020-07-25	528	4	11589616	81.63
2020-07-26	299	0	11589616	81.63
2020-07-27	402	1	11589616	81.63
2020-07-28	234	11	11589616	81.63
2020-07-29	673	3	11589616	81.63
2020-07-30	671	4	11589616	81.63
2020-07-31	745	1	11589616	81.63
2020-08-01	651	4	11589616	81.63
2020-08-02	447	0	11589616	81.63
2020-08-03	465	5	11589616	81.63
2020-08-04	334	2	11589616	81.63
2020-08-05	510	7	11589616	81.63
2020-08-06	858	2	11589616	81.63
2020-08-07	768	5	11589616	81.63
2020-08-08	617	4	11589616	81.63
2020-08-09	751	2	11589616	81.63
2020-08-10	468	7	11589616	81.63
2020-08-11	388	6	11589616	81.63
2020-08-12	639	15	11589616	81.63
2020-08-13	544	16	11589616	81.63
2020-08-14	922	8	11589616	81.63
2020-08-15	756	11	11589616	81.63
2020-08-16	454	4	11589616	81.63
2020-08-17	211	5	11589616	81.63
2020-08-18	363	15	11589616	81.63
2020-08-19	582	10	11589616	81.63
2020-08-20	699	7	11589616	81.63
2020-08-21	716	9	11589616	81.63
2020-08-22	574	3	11589616	81.63
2020-08-23	468	4	11589616	81.63
2020-08-24	156	4	11589616	81.63
2020-08-25	355	0	11589616	81.63
2020-08-26	583	-117	11589616	81.63
2020-08-27	470	5	11589616	81.63
2020-08-28	452	2	11589616	81.63
2020-08-29	647	5	11589616	81.63
2020-08-30	443	3	11589616	81.63
2020-08-31	194	1	11589616	81.63
2020-09-01	251	2	11589616	81.63
2020-09-02	424	1	11589616	81.63
2020-09-03	633	1	11589616	81.63
2020-09-04	630	2	11589616	81.63
2020-09-05	651	5	11589616	81.63
2020-09-06	542	1	11589616	81.63
2020-09-07	402	2	11589616	81.63
2020-09-08	372	3	11589616	81.63
2020-09-09	550	5	11589616	81.63
2020-09-10	877	0	11589616	81.63
2020-09-11	969	2	11589616	81.63
2020-09-12	941	4	11589616	81.63
2020-09-13	977	2	11589616	81.63
2020-09-14	851	2	11589616	81.63
2020-09-15	489	3	11589616	81.63
2020-09-16	1153	5	11589616	81.63
2020-09-17	2028	1	11589616	81.63
2020-09-18	1673	1	11589616	81.63
2020-09-19	1099	7	11589616	81.63
2020-09-20	1547	4	11589616	81.63
2020-09-21	1097	2	11589616	81.63
2020-09-22	1834	5	11589616	81.63
2020-09-23	1661	4	11589616	81.63
2020-09-24	1881	6	11589616	81.63
2020-09-25	2208	4	11589616	81.63
2020-09-26	1827	5	11589616	81.63
2020-09-27	1376	6	11589616	81.63
2020-09-28	1174	7	11589616	81.63
2020-09-29	1762	14	11589616	81.63
2020-09-30	1337	15	11589616	81.63
2020-10-01	2607	7	11589616	81.63
2020-10-02	3175	14	11589616	81.63
2020-10-03	3389	7	11589616	81.63
2020-10-04	2612	20	11589616	81.63
2020-10-05	1968	14	11589616	81.63
2020-10-06	2088	14	11589616	81.63
2020-10-07	3577	16	11589616	81.63
2020-10-08	5728	18	11589616	81.63
2020-10-09	5385	25	11589616	81.63
2020-10-10	7950	24	11589616	81.63
2020-10-11	5327	16	11589616	81.63
2020-10-12	3622	20	11589616	81.63
2020-10-13	7360	33	11589616	81.63
2020-10-14	8271	34	11589616	81.63
2020-10-15	10448	49	11589616	81.63
2020-10-16	10192	32	11589616	81.63
2020-10-17	10964	33	11589616	81.63
2020-10-18	9138	21	11589616	81.63
2020-10-19	8227	30	11589616	81.63
2020-10-20	9679	46	11589616	81.63
2020-10-21	13227	50	11589616	81.63
2020-10-22	16746	49	11589616	81.63
2020-10-23	17568	70	11589616	81.63
2020-10-24	17709	79	11589616	81.63
2020-10-25	15622	73	11589616	81.63
2020-10-26	12687	89	11589616	81.63
2020-10-27	13571	139	11589616	81.63
2020-10-28	21048	132	11589616	81.63
2020-10-29	23921	138	11589616	81.63
2020-10-30	20056	144	11589616	81.63
2020-10-31	16915	173	11589616	81.63
2020-11-01	11789	112	11589616	81.63
2020-11-02	6337	121	11589616	81.63
2020-11-03	5186	268	11589616	81.63
2020-11-04	15672	205	11589616	81.63
2020-11-05	11128	189	11589616	81.63
2020-11-06	8703	188	11589616	81.63
2020-11-07	6124	199	11589616	81.63
2020-11-08	6621	148	11589616	81.63
2020-11-09	2393	161	11589616	81.63
2020-11-10	4293	345	11589616	81.63
2020-11-11	7916	197	11589616	81.63
2020-11-12	5002	133	11589616	81.63
2020-11-13	4619	215	11589616	81.63
2020-11-14	6268	197	11589616	81.63
2020-11-15	4659	118	11589616	81.63
2020-11-16	1932	195	11589616	81.63
2020-11-17	2734	223	11589616	81.63
2020-11-18	5182	186	11589616	81.63
2020-11-19	4477	171	11589616	81.63
2020-11-20	3416	156	11589616	81.63
2020-11-21	3224	170	11589616	81.63
2020-11-22	1875	96	11589616	81.63
2020-11-23	1123	137	11589616	81.63
2020-11-24	1901	183	11589616	81.63
2020-11-25	3164	139	11589616	81.63
2020-11-26	2565	142	11589616	81.63
2020-11-27	3297	120	11589616	81.63
2020-11-28	3619	122	11589616	81.63
2020-11-29	2151	86	11589616	81.63
2020-11-30	746	98	11589616	81.63
2020-12-01	1867	141	11589616	81.63
2020-12-02	3040	125	11589616	81.63
2020-12-03	2605	122	11589616	81.63
2020-12-04	2582	109	11589616	81.63
2020-12-05	2503	112	11589616	81.63
2020-12-06	1814	66	11589616	81.63
2020-12-07	859	66	11589616	81.63
2020-12-08	1957	121	11589616	81.63
2020-12-09	3071	96	11589616	81.63
2020-12-10	2754	89	11589616	81.63
2020-12-11	0	0	11589616	81.63
2020-12-12	2762	100	11589616	81.63
2020-12-13	4978	159	11589616	81.63
2020-12-14	1074	103	11589616	81.63
2020-12-15	2211	124	11589616	81.63
2020-12-16	3636	100	11589616	81.63
2020-12-17	3146	93	11589616	81.63
2020-12-18	2835	84	11589616	81.63
2020-12-19	2721	90	11589616	81.63
2020-12-20	2170	81	11589616	81.63
2020-12-21	981	71	11589616	81.63
2020-12-22	2198	124	11589616	81.63
2020-12-23	3212	118	11589616	81.63
2020-12-24	2583	99	11589616	81.63
2020-12-25	2342	51	11589616	81.63
2020-12-26	784	69	11589616	81.63
2020-12-27	847	42	11589616	81.63
2020-12-28	857	34	11589616	81.63
2020-12-29	1677	127	11589616	81.63
2020-12-30	2831	80	11589616	81.63
2020-12-31	2254	87	11589616	81.63
2021-01-01	1793	53	11589616	81.63
2021-01-02	880	63	11589616	81.63
2021-01-03	842	57	11589616	81.63
2021-01-04	876	49	11589616	81.63
2021-01-05	1848	77	11589616	81.63
2021-01-06	2997	56	11589616	81.63
2021-01-07	2923	53	11589616	81.63
2021-01-08	2048	56	11589616	81.63
2021-01-09	1991	46	11589616	81.63
2021-01-10	1569	40	11589616	81.63
2021-01-11	960	44	11589616	81.63
2021-01-12	2099	72	11589616	81.63
2021-01-13	2927	56	11589616	81.63
2021-01-14	2637	44	11589616	81.63
2021-01-15	2203	58	11589616	81.63
2021-01-16	2120	44	11589616	81.63
2021-01-17	1630	39	11589616	81.63
2021-01-18	932	37	11589616	81.63
2021-01-19	1479	82	11589616	81.63
2021-01-20	3006	18	11589616	81.63
2021-01-21	2571	48	11589616	81.63
2021-01-22	2444	55	11589616	81.63
2021-01-23	2583	51	11589616	81.63
2021-01-24	1812	53	11589616	81.63
2021-01-25	1192	35	11589616	81.63
2021-01-26	1784	65	11589616	81.63
2021-01-27	3020	54	11589616	81.63
2021-01-28	2775	49	11589616	81.63
2021-01-29	2683	36	11589616	81.63
2021-01-30	2717	48	11589616	81.63
2021-01-31	2316	26	11589616	81.63
2021-02-01	1264	32	11589616	81.63
2021-02-02	1854	49	11589616	81.63
2021-02-03	3124	43	11589616	81.63
2021-02-04	2452	44	11589616	81.63
2021-02-05	2585	35	11589616	81.63
2021-02-06	2438	57	11589616	81.63
2021-02-07	1740	37	11589616	81.63
2021-02-08	873	34	11589616	81.63
2021-02-09	1851	49	11589616	81.63
2021-02-10	2617	40	11589616	81.63
2021-02-11	2149	39	11589616	81.63
2021-02-12	2120	48	11589616	81.63
2021-02-13	1895	35	11589616	81.63
2021-02-14	1516	28	11589616	81.63
2021-02-15	857	40	11589616	81.63
2021-02-16	1717	48	11589616	81.63
2021-02-17	2677	43	11589616	81.63
2021-02-18	2420	28	11589616	81.63
2021-02-19	3437	38	11589616	81.63
2021-02-20	2640	28	11589616	81.63
2021-02-21	2094	16	11589616	81.63
2021-02-22	1121	20	11589616	81.63
2021-02-23	2102	33	11589616	81.63
2021-02-24	3113	32	11589616	81.63
2021-02-25	3076	18	11589616	81.63
2021-02-26	2769	28	11589616	81.63
2021-02-27	2760	18	11589616	81.63
2021-02-28	2097	25	11589616	81.63
2021-03-01	783	29	11589616	81.63
2021-03-02	2050	35	11589616	81.63
2021-03-03	3264	28	11589616	81.63
2021-03-04	2643	27	11589616	81.63
2021-03-05	2759	19	11589616	81.63
2021-03-06	2799	25	11589616	81.63
2021-03-07	2082	21	11589616	81.63
2021-03-08	1117	31	11589616	81.63
2021-03-09	2163	35	11589616	81.63
2021-03-10	3434	20	11589616	81.63
2021-03-11	3503	23	11589616	81.63
2021-03-12	3615	27	11589616	81.63
2021-03-13	3598	24	11589616	81.63
2021-03-14	2962	20	11589616	81.63
2021-03-15	1578	104	11589616	81.63
2021-03-16	3165	27	11589616	81.63
2021-03-17	5116	28	11589616	81.63
2021-03-18	4659	24	11589616	81.63
2021-03-19	5140	26	11589616	81.63
2021-03-20	0	0	11589616	81.63
2021-03-21	9065	57	11589616	81.63
