2020-03-23	1	0	397621	74.62
2020-03-24	0	0	397621	74.62
2020-03-25	1	0	397621	74.62
2020-03-26	0	0	397621	74.62
2020-03-27	0	0	397621	74.62
2020-03-28	0	0	397621	74.62
2020-03-29	0	0	397621	74.62
2020-03-30	1	0	397621	74.62
2020-03-31	0	0	397621	74.62
2020-04-01	0	0	397621	74.62
2020-04-02	0	0	397621	74.62
2020-04-03	1	0	397621	74.62
2020-04-04	0	0	397621	74.62
2020-04-05	1	0	397621	74.62
2020-04-06	2	1	397621	74.62
2020-04-07	0	0	397621	74.62
2020-04-08	1	0	397621	74.62
2020-04-09	1	0	397621	74.62
2020-04-10	1	1	397621	74.62
2020-04-11	3	0	397621	74.62
2020-04-12	1	0	397621	74.62
2020-04-13	4	0	397621	74.62
2020-04-14	0	0	397621	74.62
2020-04-15	0	0	397621	74.62
2020-04-16	0	0	397621	74.62
2020-04-17	0	0	397621	74.62
2020-04-18	0	0	397621	74.62
2020-04-19	0	0	397621	74.62
2020-04-20	0	0	397621	74.62
2020-04-21	0	0	397621	74.62
2020-04-22	0	0	397621	74.62
2020-04-23	0	0	397621	74.62
2020-04-24	0	0	397621	74.62
2020-04-25	0	0	397621	74.62
2020-04-26	0	0	397621	74.62
2020-04-27	0	0	397621	74.62
2020-04-28	0	0	397621	74.62
2020-04-29	0	0	397621	74.62
2020-04-30	0	0	397621	74.62
2020-05-01	0	0	397621	74.62
2020-05-02	0	0	397621	74.62
2020-05-03	0	0	397621	74.62
2020-05-04	0	0	397621	74.62
2020-05-05	0	0	397621	74.62
2020-05-06	0	0	397621	74.62
2020-05-07	0	0	397621	74.62
2020-05-08	0	0	397621	74.62
2020-05-09	0	0	397621	74.62
2020-05-10	0	0	397621	74.62
2020-05-11	0	0	397621	74.62
2020-05-12	0	0	397621	74.62
2020-05-13	0	0	397621	74.62
2020-05-14	0	0	397621	74.62
2020-05-15	0	0	397621	74.62
2020-05-16	0	0	397621	74.62
2020-05-17	0	0	397621	74.62
2020-05-18	0	0	397621	74.62
2020-05-19	0	0	397621	74.62
2020-05-20	0	0	397621	74.62
2020-05-21	0	0	397621	74.62
2020-05-22	0	0	397621	74.62
2020-05-23	0	0	397621	74.62
2020-05-24	0	0	397621	74.62
2020-05-25	0	0	397621	74.62
2020-05-26	0	0	397621	74.62
2020-05-27	0	0	397621	74.62
2020-05-28	0	0	397621	74.62
2020-05-29	0	0	397621	74.62
2020-05-30	0	0	397621	74.62
2020-05-31	0	0	397621	74.62
2020-06-01	0	0	397621	74.62
2020-06-02	0	0	397621	74.62
2020-06-03	0	0	397621	74.62
2020-06-04	0	0	397621	74.62
2020-06-05	1	0	397621	74.62
2020-06-06	0	0	397621	74.62
2020-06-07	0	0	397621	74.62
2020-06-08	0	0	397621	74.62
2020-06-09	1	0	397621	74.62
2020-06-10	0	0	397621	74.62
2020-06-11	0	0	397621	74.62
2020-06-12	0	0	397621	74.62
2020-06-13	0	0	397621	74.62
2020-06-14	0	0	397621	74.62
2020-06-15	1	0	397621	74.62
2020-06-16	1	0	397621	74.62
2020-06-17	0	0	397621	74.62
2020-06-18	0	0	397621	74.62
2020-06-19	0	0	397621	74.62
2020-06-20	0	0	397621	74.62
2020-06-21	0	0	397621	74.62
2020-06-22	1	0	397621	74.62
2020-06-23	0	0	397621	74.62
2020-06-24	0	0	397621	74.62
2020-06-25	0	0	397621	74.62
2020-06-26	1	0	397621	74.62
2020-06-27	0	0	397621	74.62
2020-06-28	0	0	397621	74.62
2020-06-29	0	0	397621	74.62
2020-06-30	0	0	397621	74.62
2020-07-01	4	0	397621	74.62
2020-07-02	0	0	397621	74.62
2020-07-03	2	0	397621	74.62
2020-07-04	0	0	397621	74.62
2020-07-05	0	0	397621	74.62
2020-07-06	0	0	397621	74.62
2020-07-07	0	0	397621	74.62
2020-07-08	0	0	397621	74.62
2020-07-09	0	0	397621	74.62
2020-07-10	7	0	397621	74.62
2020-07-11	0	0	397621	74.62
2020-07-12	0	0	397621	74.62
2020-07-13	0	0	397621	74.62
2020-07-14	2	0	397621	74.62
2020-07-15	0	0	397621	74.62
2020-07-16	1	0	397621	74.62
2020-07-17	0	0	397621	74.62
2020-07-18	0	0	397621	74.62
2020-07-19	0	0	397621	74.62
2020-07-20	0	0	397621	74.62
2020-07-21	2	0	397621	74.62
2020-07-22	1	0	397621	74.62
2020-07-23	4	0	397621	74.62
2020-07-24	1	0	397621	74.62
2020-07-25	0	0	397621	74.62
2020-07-26	0	0	397621	74.62
2020-07-27	0	0	397621	74.62
2020-07-28	0	0	397621	74.62
2020-07-29	0	0	397621	74.62
2020-07-30	0	0	397621	74.62
2020-07-31	0	0	397621	74.62
2020-08-01	8	0	397621	74.62
2020-08-02	1	0	397621	74.62
2020-08-03	0	0	397621	74.62
2020-08-04	0	0	397621	74.62
2020-08-05	29	0	397621	74.62
2020-08-06	28	0	397621	74.62
2020-08-07	0	0	397621	74.62
2020-08-08	32	0	397621	74.62
2020-08-09	7	0	397621	74.62
2020-08-10	24	0	397621	74.62
2020-08-11	0	0	397621	74.62
2020-08-12	33	0	397621	74.62
2020-08-13	86	0	397621	74.62
2020-08-14	60	1	397621	74.62
2020-08-15	32	0	397621	74.62
2020-08-16	64	0	397621	74.62
2020-08-17	23	1	397621	74.62
2020-08-18	0	0	397621	74.62
2020-08-19	78	0	397621	74.62
2020-08-20	52	1	397621	74.62
2020-08-21	43	0	397621	74.62
2020-08-22	20	1	397621	74.62
2020-08-23	18	0	397621	74.62
2020-08-24	27	4	397621	74.62
2020-08-25	17	0	397621	74.62
2020-08-26	30	1	397621	74.62
2020-08-27	58	1	397621	74.62
2020-08-28	52	0	397621	74.62
2020-08-29	94	1	397621	74.62
2020-08-30	29	0	397621	74.62
2020-08-31	14	0	397621	74.62
2020-09-01	43	0	397621	74.62
2020-09-02	51	0	397621	74.62
2020-09-03	0	0	397621	74.62
2020-09-04	51	2	397621	74.62
2020-09-05	42	0	397621	74.62
2020-09-06	0	0	397621	74.62
2020-09-07	113	1	397621	74.62
2020-09-08	54	0	397621	74.62
2020-09-09	4	2	397621	74.62
2020-09-10	0	0	397621	74.62
2020-09-11	70	1	397621	74.62
2020-09-12	23	0	397621	74.62
2020-09-13	22	0	397621	74.62
2020-09-14	21	0	397621	74.62
2020-09-15	27	0	397621	74.62
2020-09-16	8	0	397621	74.62
2020-09-17	31	0	397621	74.62
2020-09-18	23	1	397621	74.62
2020-09-19	16	0	397621	74.62
2020-09-20	21	1	397621	74.62
2020-09-21	8	0	397621	74.62
2020-09-22	0	0	397621	74.62
2020-09-23	71	1	397621	74.62
2020-09-24	0	0	397621	74.62
2020-09-25	102	1	397621	74.62
2020-09-26	17	1	397621	74.62
2020-09-27	0	0	397621	74.62
2020-09-28	66	0	397621	74.62
2020-09-29	0	0	397621	74.62
2020-09-30	101	3	397621	74.62
2020-10-01	0	0	397621	74.62
2020-10-02	88	1	397621	74.62
2020-10-03	0	0	397621	74.62
2020-10-04	51	1	397621	74.62
2020-10-05	65	1	397621	74.62
2020-10-06	47	4	397621	74.62
2020-10-07	67	0	397621	74.62
2020-10-08	63	0	397621	74.62
2020-10-09	54	1	397621	74.62
2020-10-10	0	0	397621	74.62
2020-10-11	104	2	397621	74.62
2020-10-12	38	0	397621	74.62
2020-10-13	16	2	397621	74.62
2020-10-14	34	1	397621	74.62
2020-10-15	63	1	397621	74.62
2020-10-16	46	2	397621	74.62
2020-10-17	47	0	397621	74.62
2020-10-18	38	1	397621	74.62
2020-10-19	20	1	397621	74.62
2020-10-20	53	0	397621	74.62
2020-10-21	51	1	397621	74.62
2020-10-22	58	0	397621	74.62
2020-10-23	55	0	397621	74.62
2020-10-24	56	2	397621	74.62
2020-10-25	39	2	397621	74.62
2020-10-26	0	0	397621	74.62
2020-10-27	55	1	397621	74.62
2020-10-28	61	1	397621	74.62
2020-10-29	0	0	397621	74.62
2020-10-30	201	6	397621	74.62
2020-10-31	25	1	397621	74.62
2020-11-01	90	0	397621	74.62
2020-11-02	47	0	397621	74.62
2020-11-03	166	2	397621	74.62
2020-11-04	115	3	397621	74.62
2020-11-05	72	2	397621	74.62
2020-11-06	39	1	397621	74.62
2020-11-07	60	1	397621	74.62
2020-11-08	100	2	397621	74.62
2020-11-09	54	1	397621	74.62
2020-11-10	184	2	397621	74.62
2020-11-11	106	2	397621	74.62
2020-11-12	76	0	397621	74.62
2020-11-13	119	10	397621	74.62
2020-11-14	68	3	397621	74.62
2020-11-15	78	2	397621	74.62
2020-11-16	22	4	397621	74.62
2020-11-17	37	2	397621	74.62
2020-11-18	38	4	397621	74.62
2020-11-19	60	2	397621	74.62
2020-11-20	38	5	397621	74.62
2020-11-21	54	5	397621	74.62
2020-11-22	73	4	397621	74.62
2020-11-23	66	4	397621	74.62
2020-11-24	86	5	397621	74.62
2020-11-25	88	4	397621	74.62
2020-11-26	92	2	397621	74.62
2020-11-27	72	10	397621	74.62
2020-11-28	60	3	397621	74.62
2020-11-29	96	3	397621	74.62
2020-11-30	111	1	397621	74.62
2020-12-01	0	0	397621	74.62
2020-12-02	0	0	397621	74.62
2020-12-03	1382	16	397621	74.62
2020-12-04	147	6	397621	74.62
2020-12-05	218	2	397621	74.62
2020-12-06	168	1	397621	74.62
2020-12-07	184	3	397621	74.62
2020-12-08	60	3	397621	74.62
2020-12-09	506	4	397621	74.62
2020-12-10	286	0	397621	74.62
2020-12-11	160	2	397621	74.62
2020-12-12	208	7	397621	74.62
2020-12-13	122	3	397621	74.62
2020-12-14	82	2	397621	74.62
2020-12-15	134	14	397621	74.62
2020-12-16	161	1	397621	74.62
2020-12-17	119	1	397621	74.62
2020-12-18	0	0	397621	74.62
2020-12-19	0	0	397621	74.62
2020-12-20	0	0	397621	74.62
2020-12-21	354	11	397621	74.62
2020-12-22	112	2	397621	74.62
2020-12-23	113	0	397621	74.62
2020-12-24	120	2	397621	74.62
2020-12-25	0	0	397621	74.62
2020-12-26	0	0	397621	74.62
2020-12-27	71	5	397621	74.62
2020-12-28	30	3	397621	74.62
2020-12-29	77	5	397621	74.62
2020-12-30	56	1	397621	74.62
2020-12-31	52	6	397621	74.62
2021-01-01	0	0	397621	74.62
2021-01-02	31	1	397621	74.62
2021-01-03	94	1	397621	74.62
2021-01-04	37	7	397621	74.62
2021-01-05	80	1	397621	74.62
2021-01-06	90	2	397621	74.62
2021-01-07	44	7	397621	74.62
2021-01-08	50	4	397621	74.62
2021-01-09	64	0	397621	74.62
2021-01-10	37	3	397621	74.62
2021-01-11	29	1	397621	74.62
2021-01-12	34	2	397621	74.62
2021-01-13	53	1	397621	74.62
2021-01-14	37	2	397621	74.62
2021-01-15	73	1	397621	74.62
2021-01-16	0	0	397621	74.62
2021-01-17	51	0	397621	74.62
2021-01-18	12	1	397621	74.62
2021-01-19	23	1	397621	74.62
2021-01-20	27	3	397621	74.62
2021-01-21	34	3	397621	74.62
2021-01-22	24	1	397621	74.62
2021-01-23	22	0	397621	74.62
2021-01-24	28	0	397621	74.62
2021-01-25	20	3	397621	74.62
2021-01-26	18	0	397621	74.62
2021-01-27	28	1	397621	74.62
2021-01-28	29	4	397621	74.62
2021-01-29	32	3	397621	74.62
2021-01-30	31	0	397621	74.62
2021-01-31	0	0	397621	74.62
2021-02-01	37	1	397621	74.62
2021-02-02	12	1	397621	74.62
2021-02-03	21	3	397621	74.62
2021-02-04	30	0	397621	74.62
2021-02-05	5	0	397621	74.62
2021-02-06	24	0	397621	74.62
2021-02-07	0	0	397621	74.62
2021-02-08	33	1	397621	74.62
2021-02-09	9	3	397621	74.62
2021-02-10	28	3	397621	74.62
2021-02-11	7	0	397621	74.62
2021-02-12	20	0	397621	74.62
2021-02-13	11	0	397621	74.62
2021-02-14	0	0	397621	74.62
2021-02-15	30	0	397621	74.62
2021-02-16	13	0	397621	74.62
2021-02-17	7	1	397621	74.62
2021-02-18	12	0	397621	74.62
2021-02-19	20	0	397621	74.62
2021-02-20	17	0	397621	74.62
2021-02-21	0	0	397621	74.62
2021-02-22	11	0	397621	74.62
2021-02-23	9	0	397621	74.62
2021-02-24	7	1	397621	74.62
2021-02-25	9	0	397621	74.62
2021-02-26	13	0	397621	74.62
2021-02-27	0	0	397621	74.62
2021-02-28	0	0	397621	74.62
2021-03-01	20	0	397621	74.62
2021-03-02	7	0	397621	74.62
2021-03-03	8	0	397621	74.62
2021-03-04	1	-1	397621	74.62
2021-03-05	6	1	397621	74.62
2021-03-06	0	0	397621	74.62
2021-03-07	0	0	397621	74.62
2021-03-08	0	0	397621	74.62
2021-03-09	10	1	397621	74.62
2021-03-10	10	0	397621	74.62
2021-03-11	4	0	397621	74.62
2021-03-12	11	0	397621	74.62
2021-03-13	0	0	397621	74.62
2021-03-14	0	0	397621	74.62
2021-03-15	13	0	397621	74.62
2021-03-16	6	0	397621	74.62
2021-03-17	7	0	397621	74.62
2021-03-18	3	0	397621	74.62
2021-03-19	1	0	397621	74.62
2021-03-20	0	0	397621	74.62
2021-03-21	0	0	397621	74.62
