2020-03-05	2	0	3280815	77.4
2020-03-06	0	0	3280815	77.4
2020-03-07	1	0	3280815	77.4
2020-03-08	0	0	3280815	77.4
2020-03-09	0	0	3280815	77.4
2020-03-10	2	0	3280815	77.4
2020-03-11	2	0	3280815	77.4
2020-03-12	4	0	3280815	77.4
2020-03-13	2	0	3280815	77.4
2020-03-14	5	0	3280815	77.4
2020-03-15	6	0	3280815	77.4
2020-03-16	1	0	3280815	77.4
2020-03-17	1	0	3280815	77.4
2020-03-18	12	0	3280815	77.4
2020-03-19	25	0	3280815	77.4
2020-03-20	26	0	3280815	77.4
2020-03-21	4	1	3280815	77.4
2020-03-22	33	0	3280815	77.4
2020-03-23	10	0	3280815	77.4
2020-03-24	30	2	3280815	77.4
2020-03-25	10	0	3280815	77.4
2020-03-26	15	0	3280815	77.4
2020-03-27	46	1	3280815	77.4
2020-03-28	21	1	3280815	77.4
2020-03-29	65	1	3280815	77.4
2020-03-30	45	4	3280815	77.4
2020-03-31	52	3	3280815	77.4
2020-04-01	39	0	3280815	77.4
2020-04-02	74	3	3280815	77.4
2020-04-03	46	1	3280815	77.4
2020-04-04	45	4	3280815	77.4
2020-04-05	30	2	3280815	77.4
2020-04-06	20	6	3280815	77.4
2020-04-07	90	4	3280815	77.4
2020-04-08	40	1	3280815	77.4
2020-04-09	54	1	3280815	77.4
2020-04-10	43	1	3280815	77.4
2020-04-11	45	1	3280815	77.4
2020-04-12	63	2	3280815	77.4
2020-04-13	28	0	3280815	77.4
2020-04-14	46	1	3280815	77.4
2020-04-15	27	1	3280815	77.4
2020-04-16	57	2	3280815	77.4
2020-04-17	47	3	3280815	77.4
2020-04-18	54	1	3280815	77.4
2020-04-19	17	1	3280815	77.4
2020-04-20	24	1	3280815	77.4
2020-04-21	33	2	3280815	77.4
2020-04-22	26	2	3280815	77.4
2020-04-23	45	1	3280815	77.4
2020-04-24	8	1	3280815	77.4
2020-04-25	65	2	3280815	77.4
2020-04-26	30	2	3280815	77.4
2020-04-27	49	1	3280815	77.4
2020-04-28	20	3	3280815	77.4
2020-04-29	92	2	3280815	77.4
2020-04-30	80	4	3280815	77.4
2020-05-01	24	1	3280815	77.4
2020-05-02	58	2	3280815	77.4
2020-05-03	18	5	3280815	77.4
2020-05-04	69	1	3280815	77.4
2020-05-05	20	1	3280815	77.4
2020-05-06	41	7	3280815	77.4
2020-05-07	40	4	3280815	77.4
2020-05-08	43	8	3280815	77.4
2020-05-09	20	4	3280815	77.4
2020-05-10	27	5	3280815	77.4
2020-05-11	24	6	3280815	77.4
2020-05-12	17	4	3280815	77.4
2020-05-13	23	3	3280815	77.4
2020-05-14	37	2	3280815	77.4
2020-05-15	18	6	3280815	77.4
2020-05-16	31	1	3280815	77.4
2020-05-17	23	4	3280815	77.4
2020-05-18	14	0	3280815	77.4
2020-05-19	17	1	3280815	77.4
2020-05-20	17	2	3280815	77.4
2020-05-21	12	4	3280815	77.4
2020-05-22	22	1	3280815	77.4
2020-05-23	19	0	3280815	77.4
2020-05-24	10	3	3280815	77.4
2020-05-25	5	2	3280815	77.4
2020-05-26	10	3	3280815	77.4
2020-05-27	19	2	3280815	77.4
2020-05-28	27	2	3280815	77.4
2020-05-29	23	0	3280815	77.4
2020-05-30	9	0	3280815	77.4
2020-05-31	16	0	3280815	77.4
2020-06-01	14	1	3280815	77.4
2020-06-02	11	3	3280815	77.4
2020-06-03	16	0	3280815	77.4
2020-06-04	43	2	3280815	77.4
2020-06-05	12	0	3280815	77.4
2020-06-06	0	0	3280815	77.4
2020-06-07	0	0	3280815	77.4
2020-06-08	98	1	3280815	77.4
2020-06-09	24	0	3280815	77.4
2020-06-10	47	1	3280815	77.4
2020-06-11	57	0	3280815	77.4
2020-06-12	61	2	3280815	77.4
2020-06-13	0	0	3280815	77.4
2020-06-14	0	0	3280815	77.4
2020-06-15	147	2	3280815	77.4
2020-06-16	45	3	3280815	77.4
2020-06-17	56	0	3280815	77.4
2020-06-18	33	0	3280815	77.4
2020-06-19	99	1	3280815	77.4
2020-06-20	0	0	3280815	77.4
2020-06-21	0	0	3280815	77.4
2020-06-22	252	2	3280815	77.4
2020-06-23	63	1	3280815	77.4
2020-06-24	88	1	3280815	77.4
2020-06-25	120	2	3280815	77.4
2020-06-26	139	3	3280815	77.4
2020-06-27	0	0	3280815	77.4
2020-06-28	0	0	3280815	77.4
2020-06-29	390	6	3280815	77.4
2020-06-30	128	2	3280815	77.4
2020-07-01	153	2	3280815	77.4
2020-07-02	182	1	3280815	77.4
2020-07-03	174	2	3280815	77.4
2020-07-04	0	0	3280815	77.4
2020-07-05	0	0	3280815	77.4
2020-07-06	496	8	3280815	77.4
2020-07-07	163	8	3280815	77.4
2020-07-08	248	2	3280815	77.4
2020-07-09	217	5	3280815	77.4
2020-07-10	316	2	3280815	77.4
2020-07-11	317	3	3280815	77.4
2020-07-12	158	2	3280815	77.4
2020-07-13	104	5	3280815	77.4
2020-07-14	0	0	3280815	77.4
2020-07-15	430	9	3280815	77.4
2020-07-16	270	5	3280815	77.4
2020-07-17	227	5	3280815	77.4
2020-07-18	253	1	3280815	77.4
2020-07-19	179	3	3280815	77.4
2020-07-20	139	6	3280815	77.4
2020-07-21	308	9	3280815	77.4
2020-07-22	328	4	3280815	77.4
2020-07-23	347	6	3280815	77.4
2020-07-24	305	6	3280815	77.4
2020-07-25	0	0	3280815	77.4
2020-07-26	0	0	3280815	77.4
2020-07-27	731	14	3280815	77.4
2020-07-28	268	3	3280815	77.4
2020-07-29	361	19	3280815	77.4
2020-07-30	317	12	3280815	77.4
2020-07-31	432	11	3280815	77.4
2020-08-01	0	0	3280815	77.4
2020-08-02	420	13	3280815	77.4
2020-08-03	166	10	3280815	77.4
2020-08-04	394	11	3280815	77.4
2020-08-05	282	6	3280815	77.4
2020-08-06	258	5	3280815	77.4
2020-08-07	291	10	3280815	77.4
2020-08-08	0	0	3280815	77.4
2020-08-09	0	0	3280815	77.4
2020-08-10	811	31	3280815	77.4
2020-08-11	210	22	3280815	77.4
2020-08-12	253	6	3280815	77.4
2020-08-13	223	5	3280815	77.4
2020-08-14	351	11	3280815	77.4
2020-08-15	266	2	3280815	77.4
2020-08-16	0	0	3280815	77.4
2020-08-17	310	15	3280815	77.4
2020-08-18	240	9	3280815	77.4
2020-08-19	340	12	3280815	77.4
2020-08-20	338	8	3280815	77.4
2020-08-21	367	11	3280815	77.4
2020-08-22	319	6	3280815	77.4
2020-08-23	0	0	3280815	77.4
2020-08-24	314	15	3280815	77.4
2020-08-25	297	13	3280815	77.4
2020-08-26	283	11	3280815	77.4
2020-08-27	311	11	3280815	77.4
2020-08-28	294	9	3280815	77.4
2020-08-29	336	3	3280815	77.4
2020-08-30	243	4	3280815	77.4
2020-08-31	171	11	3280815	77.4
2020-09-01	270	11	3280815	77.4
2020-09-02	283	7	3280815	77.4
2020-09-03	287	9	3280815	77.4
2020-09-04	338	3	3280815	77.4
2020-09-05	297	12	3280815	77.4
2020-09-06	121	4	3280815	77.4
2020-09-07	100	9	3280815	77.4
2020-09-08	301	5	3280815	77.4
2020-09-09	297	6	3280815	77.4
2020-09-10	286	5	3280815	77.4
2020-09-11	290	6	3280815	77.4
2020-09-12	304	4	3280815	77.4
2020-09-13	327	6	3280815	77.4
2020-09-14	170	9	3280815	77.4
2020-09-15	294	20	3280815	77.4
2020-09-16	282	11	3280815	77.4
2020-09-17	394	11	3280815	77.4
2020-09-18	292	5	3280815	77.4
2020-09-19	320	6	3280815	77.4
2020-09-20	211	5	3280815	77.4
2020-09-21	93	7	3280815	77.4
2020-09-22	216	8	3280815	77.4
2020-09-23	344	12	3280815	77.4
2020-09-24	235	12	3280815	77.4
2020-09-25	248	6	3280815	77.4
2020-09-26	233	12	3280815	77.4
2020-09-27	123	2	3280815	77.4
2020-09-28	81	7	3280815	77.4
2020-09-29	225	14	3280815	77.4
2020-09-30	243	13	3280815	77.4
2020-10-01	280	5	3280815	77.4
2020-10-02	226	10	3280815	77.4
2020-10-03	0	0	3280815	77.4
2020-10-04	379	8	3280815	77.4
2020-10-05	95	9	3280815	77.4
2020-10-06	261	15	3280815	77.4
2020-10-07	365	5	3280815	77.4
2020-10-08	453	5	3280815	77.4
2020-10-09	389	13	3280815	77.4
2020-10-10	428	1	3280815	77.4
2020-10-11	302	1	3280815	77.4
2020-10-12	190	8	3280815	77.4
2020-10-13	336	11	3280815	77.4
2020-10-14	482	11	3280815	77.4
2020-10-15	569	14	3280815	77.4
2020-10-16	621	8	3280815	77.4
2020-10-17	716	1	3280815	77.4
2020-10-18	551	3	3280815	77.4
2020-10-19	549	13	3280815	77.4
2020-10-20	728	20	3280815	77.4
2020-10-21	926	14	3280815	77.4
2020-10-22	999	20	3280815	77.4
2020-10-23	1179	14	3280815	77.4
2020-10-24	1265	10	3280815	77.4
2020-10-25	1135	11	3280815	77.4
2020-10-26	703	18	3280815	77.4
2020-10-27	1555	21	3280815	77.4
2020-10-28	1586	36	3280815	77.4
2020-10-29	1902	21	3280815	77.4
2020-10-30	1498	30	3280815	77.4
2020-10-31	1953	22	3280815	77.4
2020-11-01	1415	14	3280815	77.4
2020-11-02	764	32	3280815	77.4
2020-11-03	1553	37	3280815	77.4
2020-11-04	1776	41	3280815	77.4
2020-11-05	1908	44	3280815	77.4
2020-11-06	1921	55	3280815	77.4
2020-11-07	1785	33	3280815	77.4
2020-11-08	1211	20	3280815	77.4
2020-11-09	996	73	3280815	77.4
2020-11-10	1605	46	3280815	77.4
2020-11-11	1541	72	3280815	77.4
2020-11-12	1728	49	3280815	77.4
2020-11-13	1332	58	3280815	77.4
2020-11-14	1275	49	3280815	77.4
2020-11-15	1056	32	3280815	77.4
2020-11-16	733	84	3280815	77.4
2020-11-17	1255	69	3280815	77.4
2020-11-18	1633	47	3280815	77.4
2020-11-19	1180	64	3280815	77.4
2020-11-20	1237	56	3280815	77.4
2020-11-21	1315	37	3280815	77.4
2020-11-22	697	30	3280815	77.4
2020-11-23	547	66	3280815	77.4
2020-11-24	1186	52	3280815	77.4
2020-11-25	1589	35	3280815	77.4
2020-11-26	924	51	3280815	77.4
2020-11-27	1179	62	3280815	77.4
2020-11-28	1279	34	3280815	77.4
2020-11-29	664	44	3280815	77.4
2020-11-30	527	61	3280815	77.4
2020-12-01	1184	46	3280815	77.4
2020-12-02	1293	46	3280815	77.4
2020-12-03	1161	39	3280815	77.4
2020-12-04	1254	53	3280815	77.4
2020-12-05	975	57	3280815	77.4
2020-12-06	739	30	3280815	77.4
2020-12-07	437	60	3280815	77.4
2020-12-08	1077	69	3280815	77.4
2020-12-09	1296	70	3280815	77.4
2020-12-10	1286	48	3280815	77.4
2020-12-11	940	51	3280815	77.4
2020-12-12	763	48	3280815	77.4
2020-12-13	811	38	3280815	77.4
2020-12-14	344	55	3280815	77.4
2020-12-15	869	66	3280815	77.4
2020-12-16	902	54	3280815	77.4
2020-12-17	855	38	3280815	77.4
2020-12-18	794	34	3280815	77.4
2020-12-19	643	42	3280815	77.4
2020-12-20	0	0	3280815	77.4
2020-12-21	698	81	3280815	77.4
2020-12-22	764	86	3280815	77.4
2020-12-23	584	46	3280815	77.4
2020-12-24	728	40	3280815	77.4
2020-12-25	593	23	3280815	77.4
2020-12-26	439	22	3280815	77.4
2020-12-27	361	30	3280815	77.4
2020-12-28	220	-11	3280815	77.4
2020-12-29	543	82	3280815	77.4
2020-12-30	531	26	3280815	77.4
2020-12-31	0	0	3280815	77.4
2021-01-01	1158	36	3280815	77.4
2021-01-02	0	0	3280815	77.4
2021-01-03	502	45	3280815	77.4
2021-01-04	0	0	3280815	77.4
2021-01-05	747	80	3280815	77.4
2021-01-06	0	0	3280815	77.4
2021-01-07	0	0	3280815	77.4
2021-01-08	1528	74	3280815	77.4
2021-01-09	459	20	3280815	77.4
2021-01-10	254	25	3280815	77.4
2021-01-11	0	0	3280815	77.4
2021-01-12	567	43	3280815	77.4
2021-01-13	468	26	3280815	77.4
2021-01-14	343	12	3280815	77.4
2021-01-15	0	0	3280815	77.4
2021-01-16	0	0	3280815	77.4
2021-01-17	0	0	3280815	77.4
2021-01-18	1072	75	3280815	77.4
2021-01-19	300	23	3280815	77.4
2021-01-20	334	12	3280815	77.4
2021-01-21	489	15	3280815	77.4
2021-01-22	214	19	3280815	77.4
2021-01-23	0	0	3280815	77.4
2021-01-24	0	0	3280815	77.4
2021-01-25	723	38	3280815	77.4
2021-01-26	389	28	3280815	77.4
2021-01-27	332	22	3280815	77.4
2021-01-28	330	16	3280815	77.4
2021-01-29	303	20	3280815	77.4
2021-01-30	0	0	3280815	77.4
2021-01-31	0	0	3280815	77.4
2021-02-01	702	45	3280815	77.4
2021-02-02	262	13	3280815	77.4
2021-02-03	367	8	3280815	77.4
2021-02-04	0	0	3280815	77.4
2021-02-05	606	30	3280815	77.4
2021-02-06	0	0	3280815	77.4
2021-02-07	0	0	3280815	77.4
2021-02-08	667	38	3280815	77.4
2021-02-09	342	21	3280815	77.4
2021-02-10	253	19	3280815	77.4
2021-02-11	427	15	3280815	77.4
2021-02-12	279	13	3280815	77.4
2021-02-13	0	0	3280815	77.4
2021-02-14	0	0	3280815	77.4
2021-02-15	737	35	3280815	77.4
2021-02-16	274	19	3280815	77.4
2021-02-17	368	14	3280815	77.4
2021-02-18	354	13	3280815	77.4
2021-02-19	402	17	3280815	77.4
2021-02-20	0	0	3280815	77.4
2021-02-21	0	0	3280815	77.4
2021-02-22	1124	37	3280815	77.4
2021-02-23	515	18	3280815	77.4
2021-02-24	577	17	3280815	77.4
2021-02-25	757	11	3280815	77.4
2021-02-26	469	9	3280815	77.4
2021-02-27	0	0	3280815	77.4
2021-02-28	0	0	3280815	77.4
2021-03-01	0	0	3280815	77.4
2021-03-02	2109	74	3280815	77.4
2021-03-03	894	29	3280815	77.4
2021-03-04	910	26	3280815	77.4
2021-03-05	621	28	3280815	77.4
2021-03-06	0	0	3280815	77.4
2021-03-07	0	0	3280815	77.4
2021-03-08	1778	69	3280815	77.4
2021-03-09	1251	48	3280815	77.4
2021-03-10	1110	37	3280815	77.4
2021-03-11	1338	28	3280815	77.4
2021-03-12	1170	36	3280815	77.4
2021-03-13	0	0	3280815	77.4
2021-03-14	0	0	3280815	77.4
2021-03-15	2671	138	3280815	77.4
2021-03-16	1606	53	3280815	77.4
2021-03-17	1726	35	3280815	77.4
2021-03-18	1728	57	3280815	77.4
2021-03-19	1446	44	3280815	77.4
2021-03-20	0	0	3280815	77.4
2021-03-21	0	0	3280815	77.4

