2020-01-26	1	0	37742157	82.43
2020-01-27	0	0	37742157	82.43
2020-01-28	1	0	37742157	82.43
2020-01-29	0	0	37742157	82.43
2020-01-30	0	0	37742157	82.43
2020-01-31	2	0	37742157	82.43
2020-02-01	0	0	37742157	82.43
2020-02-02	0	0	37742157	82.43
2020-02-03	0	0	37742157	82.43
2020-02-04	0	0	37742157	82.43
2020-02-05	1	0	37742157	82.43
2020-02-06	0	0	37742157	82.43
2020-02-07	2	0	37742157	82.43
2020-02-08	0	0	37742157	82.43
2020-02-09	0	0	37742157	82.43
2020-02-10	0	0	37742157	82.43
2020-02-11	0	0	37742157	82.43
2020-02-12	0	0	37742157	82.43
2020-02-13	0	0	37742157	82.43
2020-02-14	0	0	37742157	82.43
2020-02-15	0	0	37742157	82.43
2020-02-16	0	0	37742157	82.43
2020-02-17	1	0	37742157	82.43
2020-02-18	0	0	37742157	82.43
2020-02-19	0	0	37742157	82.43
2020-02-20	0	0	37742157	82.43
2020-02-21	1	0	37742157	82.43
2020-02-22	0	0	37742157	82.43
2020-02-23	0	0	37742157	82.43
2020-02-24	1	0	37742157	82.43
2020-02-25	1	0	37742157	82.43
2020-02-26	0	0	37742157	82.43
2020-02-27	2	0	37742157	82.43
2020-02-28	1	0	37742157	82.43
2020-02-29	6	0	37742157	82.43
2020-03-01	4	0	37742157	82.43
2020-03-02	3	0	37742157	82.43
2020-03-03	3	0	37742157	82.43
2020-03-04	3	0	37742157	82.43
2020-03-05	4	0	37742157	82.43
2020-03-06	12	0	37742157	82.43
2020-03-07	5	0	37742157	82.43
2020-03-08	10	0	37742157	82.43
2020-03-09	13	1	37742157	82.43
2020-03-10	2	0	37742157	82.43
2020-03-11	29	0	37742157	82.43
2020-03-12	9	0	37742157	82.43
2020-03-13	76	0	37742157	82.43
2020-03-14	5	0	37742157	82.43
2020-03-15	54	0	37742157	82.43
2020-03-16	163	3	37742157	82.43
2020-03-17	63	2	37742157	82.43
2020-03-18	179	5	37742157	82.43
2020-03-19	143	0	37742157	82.43
2020-03-20	143	4	37742157	82.43
2020-03-21	334	4	37742157	82.43
2020-03-22	192	3	37742157	82.43
2020-03-23	619	7	37742157	82.43
2020-03-24	702	4	37742157	82.43
2020-03-25	461	9	37742157	82.43
2020-03-26	791	15	37742157	82.43
2020-03-27	640	9	37742157	82.43
2020-03-28	894	16	37742157	82.43
2020-03-29	704	14	37742157	82.43
2020-03-30	1118	29	37742157	82.43
2020-03-31	1129	27	37742157	82.43
2020-04-01	1033	23	37742157	82.43
2020-04-02	1724	49	37742157	82.43
2020-04-03	1153	53	37742157	82.43
2020-04-04	541	83	37742157	82.43
2020-04-05	2778	75	37742157	82.43
2020-04-06	807	85	37742157	82.43
2020-04-07	1309	61	37742157	82.43
2020-04-08	1269	67	37742157	82.43
2020-04-09	1513	123	37742157	82.43
2020-04-10	1405	96	37742157	82.43
2020-04-11	1257	119	37742157	82.43
2020-04-12	983	109	37742157	82.43
2020-04-13	1381	130	37742157	82.43
2020-04-14	1355	136	37742157	82.43
2020-04-15	1174	154	37742157	82.43
2020-04-16	2600	203	37742157	82.43
2020-04-17	2005	126	37742157	82.43
2020-04-18	1542	143	37742157	82.43
2020-04-19	1277	158	37742157	82.43
2020-04-20	2025	146	37742157	82.43
2020-04-21	1744	193	37742157	82.43
2020-04-22	2261	195	37742157	82.43
2020-04-23	1636	171	37742157	82.43
2020-04-24	1620	180	37742157	82.43
2020-04-25	1452	187	37742157	82.43
2020-04-26	1662	157	37742157	82.43
2020-04-27	1583	185	37742157	82.43
2020-04-28	1534	197	37742157	82.43
2020-04-29	1715	244	37742157	82.43
2020-04-30	1592	179	37742157	82.43
2020-05-01	1886	202	37742157	82.43
2020-05-02	1583	148	37742157	82.43
2020-05-03	2578	140	37742157	82.43
2020-05-04	1453	242	37742157	82.43
2020-05-05	1258	170	37742157	82.43
2020-05-06	1479	159	37742157	82.43
2020-05-07	1507	147	37742157	82.43
2020-05-08	1473	153	37742157	82.43
2020-05-09	1244	164	37742157	82.43
2020-05-10	1173	118	37742157	82.43
2020-05-11	1173	134	37742157	82.43
2020-05-12	1155	151	37742157	82.43
2020-05-13	1149	103	37742157	82.43
2020-05-14	1213	121	37742157	82.43
2020-05-15	1178	121	37742157	82.43
2020-05-16	1247	119	37742157	82.43
2020-05-17	1126	90	37742157	82.43
2020-05-18	1079	92	37742157	82.43
2020-05-19	1082	75	37742157	82.43
2020-05-20	1082	122	37742157	82.43
2020-05-21	1167	96	37742157	82.43
2020-05-22	1205	98	37742157	82.43
2020-05-23	1204	94	37742157	82.43
2020-05-24	955	88	37742157	82.43
2020-05-25	1013	94	37742157	82.43
2020-05-26	971	92	37742157	82.43
2020-05-27	899	94	37742157	82.43
2020-05-28	987	111	37742157	82.43
2020-05-29	933	80	37742157	82.43
2020-05-30	772	60	37742157	82.43
2020-05-31	798	49	37742157	82.43
2020-06-01	809	46	37742157	82.43
2020-06-02	672	56	37742157	82.43
2020-06-03	681	54	37742157	82.43
2020-06-04	628	64	37742157	82.43
2020-06-05	678	40	37742157	82.43
2020-06-06	528	62	37742157	82.43
2020-06-07	703	41	37742157	82.43
2020-06-08	601	44	37742157	82.43
2020-06-09	462	34	37742157	82.43
2020-06-10	479	35	37742157	82.43
2020-06-11	439	31	37742157	82.43
2020-06-12	436	29	37742157	82.43
2020-06-13	448	28	37742157	82.43
2020-06-14	361	19	37742157	82.43
2020-06-15	359	8	37742157	82.43
2020-06-16	324	24	37742157	82.43
2020-06-17	404	21	37742157	82.43
2020-06-18	386	13	37742157	82.43
2020-06-19	437	25	37742157	82.43
2020-06-20	448	29	37742157	82.43
2020-06-21	316	17	37742157	82.43
2020-06-22	340	20	37742157	82.43
2020-06-23	349	24	37742157	82.43
2020-06-24	320	30	37742157	82.43
2020-06-25	376	23	37742157	82.43
2020-06-26	166	7	37742157	82.43
2020-06-27	249	9	37742157	82.43
2020-06-28	315	10	37742157	82.43
2020-06-29	637	19	37742157	82.43
2020-06-30	267	12	37742157	82.43
2020-07-01	191	10	37742157	82.43
2020-07-02	355	16	37742157	82.43
2020-07-03	319	7	37742157	82.43
2020-07-04	223	8	37742157	82.43
2020-07-05	209	2	37742157	82.43
2020-07-06	421	13	37742157	82.43
2020-07-07	208	7	37742157	82.43
2020-07-08	311	12	37742157	82.43
2020-07-09	322	10	37742157	82.43
2020-07-10	328	14	37742157	82.43
2020-07-11	166	3	37742157	82.43
2020-07-12	198	5	37742157	82.43
2020-07-13	636	8	37742157	82.43
2020-07-14	366	5	37742157	82.43
2020-07-15	343	14	37742157	82.43
2020-07-16	451	12	37742157	82.43
2020-07-17	415	10	37742157	82.43
2020-07-18	316	3	37742157	82.43
2020-07-19	293	4	37742157	82.43
2020-07-20	770	4	37742157	82.43
2020-07-21	535	7	37742157	82.43
2020-07-22	317	4	37742157	82.43
2020-07-23	608	8	37742157	82.43
2020-07-24	717	4	37742157	82.43
2020-07-25	355	4	37742157	82.43
2020-07-26	319	4	37742157	82.43
2020-07-27	682	13	37742157	82.43
2020-07-28	400	10	37742157	82.43
2020-07-29	486	5	37742157	82.43
2020-07-30	320	13	37742157	82.43
2020-07-31	604	6	37742157	82.43
2020-08-01	242	4	37742157	82.43
2020-08-02	245	3	37742157	82.43
2020-08-03	205	3	37742157	82.43
2020-08-04	686	8	37742157	82.43
2020-08-05	374	6	37742157	82.43
2020-08-06	354	6	37742157	82.43
2020-08-07	516	5	37742157	82.43
2020-08-08	245	4	37742157	82.43
2020-08-09	219	3	37742157	82.43
2020-08-10	686	7	37742157	82.43
2020-08-11	336	6	37742157	82.43
2020-08-12	314	5	37742157	82.43
2020-08-13	477	6	37742157	82.43
2020-08-14	425	4	37742157	82.43
2020-08-15	220	6	37742157	82.43
2020-08-16	179	5	37742157	82.43
2020-08-17	214	2	37742157	82.43
2020-08-18	866	10	37742157	82.43
2020-08-19	324	6	37742157	82.43
2020-08-20	217	3	37742157	82.43
2020-08-21	694	14	37742157	82.43
2020-08-22	241	1	37742157	82.43
2020-08-23	257	4	37742157	82.43
2020-08-24	777	8	37742157	82.43
2020-08-25	309	5	37742157	82.43
2020-08-26	477	5	37742157	82.43
2020-08-27	456	4	37742157	82.43
2020-08-28	506	13	37742157	82.43
2020-08-29	297	3	37742157	82.43
2020-08-30	249	1	37742157	82.43
2020-08-31	1030	8	37742157	82.43
2020-09-01	504	4	37742157	82.43
2020-09-02	519	2	37742157	82.43
2020-09-03	586	6	37742157	82.43
2020-09-04	614	1	37742157	82.43
2020-09-05	370	1	37742157	82.43
2020-09-06	379	2	37742157	82.43
2020-09-07	405	3	37742157	82.43
2020-09-08	1462	7	37742157	82.43
2020-09-09	378	4	37742157	82.43
2020-09-10	821	8	37742157	82.43
2020-09-11	720	0	37742157	82.43
2020-09-12	488	2	37742157	82.43
2020-09-13	476	3	37742157	82.43
2020-09-14	1458	13	37742157	82.43
2020-09-15	802	8	37742157	82.43
2020-09-16	952	5	37742157	82.43
2020-09-17	1027	5	37742157	82.43
2020-09-18	1174	12	37742157	82.43
2020-09-19	554	7	37742157	82.43
2020-09-20	1143	2	37742157	82.43
2020-09-21	1833	12	37742157	82.43
2020-09-22	1272	9	37742157	82.43
2020-09-23	1084	8	37742157	82.43
2020-09-24	1148	8	37742157	82.43
2020-09-25	1630	7	37742157	82.43
2020-09-26	1053	6	37742157	82.43
2020-09-27	1658	5	37742157	82.43
2020-09-28	1791	17	37742157	82.43
2020-09-29	1772	13	37742157	82.43
2020-09-30	2116	18	37742157	82.43
2020-10-01	1823	16	37742157	82.43
2020-10-02	2124	98	37742157	82.43
2020-10-03	1306	21	37742157	82.43
2020-10-04	2141	44	37742157	82.43
2020-10-05	2883	29	37742157	82.43
2020-10-06	2372	18	37742157	82.43
2020-10-07	1624	19	37742157	82.43
2020-10-08	2350	18	37742157	82.43
2020-10-09	2895	14	37742157	82.43
2020-10-10	2142	26	37742157	82.43
2020-10-11	1636	14	37742157	82.43
2020-10-12	975	12	37742157	82.43
2020-10-13	4111	32	37742157	82.43
2020-10-14	2575	25	37742157	82.43
2020-10-15	2298	19	37742157	82.43
2020-10-16	2566	32	37742157	82.43
2020-10-17	139	8	37742157	82.43
2020-10-18	3737	24	37742157	82.43
2020-10-19	3307	31	37742157	82.43
2020-10-20	2238	18	37742157	82.43
2020-10-21	2687	37	37742157	82.43
2020-10-22	2581	31	37742157	82.43
2020-10-23	2902	27	37742157	82.43
2020-10-24	1532	22	37742157	82.43
2020-10-25	2823	31	37742157	82.43
2020-10-26	4099	38	37742157	82.43
2020-10-27	2730	25	37742157	82.43
2020-10-28	2663	38	37742157	82.43
2020-10-29	3017	34	37742157	82.43
2020-10-30	3556	45	37742157	82.43
2020-10-31	2374	39	37742157	82.43
2020-11-01	2336	37	37742157	82.43
2020-11-02	3529	32	37742157	82.43
2020-11-03	4738	58	37742157	82.43
2020-11-04	2782	41	37742157	82.43
2020-11-05	2784	40	37742157	82.43
2020-11-06	5393	62	37742157	82.43
2020-11-07	4346	47	37742157	82.43
2020-11-08	3944	48	37742157	82.43
2020-11-09	4871	61	37742157	82.43
2020-11-10	4445	67	37742157	82.43
2020-11-11	3984	63	37742157	82.43
2020-11-12	5474	73	37742157	82.43
2020-11-13	4770	46	37742157	82.43
2020-11-14	4430	62	37742157	82.43
2020-11-15	4301	65	37742157	82.43
2020-11-16	6033	74	37742157	82.43
2020-11-17	4462	68	37742157	82.43
2020-11-18	4518	104	37742157	82.43
2020-11-19	4794	70	37742157	82.43
2020-11-20	4987	67	37742157	82.43
2020-11-21	4957	66	37742157	82.43
2020-11-22	4745	56	37742157	82.43
2020-11-23	6795	79	37742157	82.43
2020-11-24	5282	100	37742157	82.43
2020-11-25	4958	58	37742157	82.43
2020-11-26	5679	82	37742157	82.43
2020-11-27	5954	86	37742157	82.43
2020-11-28	5675	68	37742157	82.43
2020-11-29	5383	74	37742157	82.43
2020-11-30	7895	109	37742157	82.43
2020-12-01	5495	78	37742157	82.43
2020-12-02	6454	106	37742157	82.43
2020-12-03	6264	90	37742157	82.43
2020-12-04	6419	103	37742157	82.43
2020-12-05	6354	74	37742157	82.43
2020-12-06	6305	85	37742157	82.43
2020-12-07	7724	121	37742157	82.43
2020-12-08	6171	97	37742157	82.43
2020-12-09	6399	116	37742157	82.43
2020-12-10	6686	118	37742157	82.43
2020-12-11	6715	128	37742157	82.43
2020-12-12	5984	98	37742157	82.43
2020-12-13	5916	84	37742157	82.43
2020-12-14	8377	140	37742157	82.43
2020-12-15	6244	116	37742157	82.43
2020-12-16	6512	118	37742157	82.43
2020-12-17	7006	156	37742157	82.43
2020-12-18	6700	113	37742157	82.43
2020-12-19	6459	104	37742157	82.43
2020-12-20	6007	90	37742157	82.43
2020-12-21	7577	107	37742157	82.43
2020-12-22	6260	126	37742157	82.43
2020-12-23	6921	145	37742157	82.43
2020-12-24	6684	150	37742157	82.43
2020-12-25	1749	64	37742157	82.43
2020-12-26	3114	85	37742157	82.43
2020-12-27	10100	120	37742157	82.43
2020-12-28	6465	157	37742157	82.43
2020-12-29	8189	200	37742157	82.43
2020-12-30	8459	122	37742157	82.43
2020-12-31	7143	112	37742157	82.43
2021-01-01	991	44	37742157	82.43
2021-01-02	4535	108	37742157	82.43
2021-01-03	16141	92	37742157	82.43
2021-01-04	10058	241	37742157	82.43
2021-01-05	7250	142	37742157	82.43
2021-01-06	8082	150	37742157	82.43
2021-01-07	8227	165	37742157	82.43
2021-01-08	9237	142	37742157	82.43
2021-01-09	8393	138	37742157	82.43
2021-01-10	7283	90	37742157	82.43
2021-01-11	8325	125	37742157	82.43
2021-01-12	6141	160	37742157	82.43
2021-01-13	7139	180	37742157	82.43
2021-01-14	7447	147	37742157	82.43
2021-01-15	6880	170	37742157	82.43
2021-01-16	6359	122	37742157	82.43
2021-01-17	6284	128	37742157	82.43
2021-01-18	6420	125	37742157	82.43
2021-01-19	5028	151	37742157	82.43
2021-01-20	5701	185	37742157	82.43
2021-01-21	6111	139	37742157	82.43
2021-01-22	5827	181	37742157	82.43
2021-01-23	5094	105	37742157	82.43
2021-01-24	4679	127	37742157	82.43
2021-01-25	5617	126	37742157	82.43
2021-01-26	4041	147	37742157	82.43
2021-01-27	4320	93	37742157	82.43
2021-01-28	4806	191	37742157	82.43
2021-01-29	4827	149	37742157	82.43
2021-01-30	4110	133	37742157	82.43
2021-01-31	3933	83	37742157	82.43
2021-02-01	4502	104	37742157	82.43
2021-02-02	2948	97	37742157	82.43
2021-02-03	3267	119	37742157	82.43
2021-02-04	3982	125	37742157	82.43
2021-02-05	4136	121	37742157	82.43
2021-02-06	3264	93	37742157	82.43
2021-02-07	3207	60	37742157	82.43
2021-02-08	3803	70	37742157	82.43
2021-02-09	2683	84	37742157	82.43
2021-02-10	3268	93	37742157	82.43
2021-02-11	3177	82	37742157	82.43
2021-02-12	2679	79	37742157	82.43
2021-02-13	3797	70	37742157	82.43
2021-02-14	2204	23	37742157	82.43
2021-02-15	1763	37	37742157	82.43
2021-02-16	4219	97	37742157	82.43
2021-02-17	2561	44	37742157	82.43
2021-02-18	3435	70	37742157	82.43
2021-02-19	3083	72	37742157	82.43
2021-02-20	2657	50	37742157	82.43
2021-02-21	2407	44	37742157	82.43
2021-02-22	3453	45	37742157	82.43
2021-02-23	3213	41	37742157	82.43
2021-02-24	2945	49	37742157	82.43
2021-02-25	3147	58	37742157	82.43
2021-02-26	3172	47	37742157	82.43
2021-02-27	2680	46	37742157	82.43
2021-02-28	2347	29	37742157	82.43
2021-03-01	3694	24	37742157	82.43
2021-03-02	2663	29	37742157	82.43
2021-03-03	2784	62	37742157	82.43
2021-03-04	2980	47	37742157	82.43
2021-03-05	2967	31	37742157	82.43
2021-03-06	2769	29	37742157	82.43
2021-03-07	2648	22	37742157	82.43
2021-03-08	4048	37	37742157	82.43
2021-03-09	2928	31	37742157	82.43
2021-03-10	3059	28	37742157	82.43
2021-03-11	3105	37	37742157	82.43
2021-03-12	3515	30	37742157	82.43
2021-03-13	3030	29	37742157	82.43
2021-03-14	2711	29	37742157	82.43
2021-03-15	3811	29	37742157	82.43
2021-03-16	2857	25	37742157	82.43
2021-03-17	3407	34	37742157	82.43
2021-03-18	3613	34	37742157	82.43
2021-03-19	4232	28	37742157	82.43
2021-03-20	3417	30	37742157	82.43
2021-03-21	3125	21	37742157	82.43
