2020-03-19	1	0	16425859	54.24
2020-03-20	0	0	16425859	54.24
2020-03-21	0	0	16425859	54.24
2020-03-22	0	0	16425859	54.24
2020-03-23	0	0	16425859	54.24
2020-03-24	2	0	16425859	54.24
2020-03-25	0	0	16425859	54.24
2020-03-26	0	0	16425859	54.24
2020-03-27	0	0	16425859	54.24
2020-03-28	0	0	16425859	54.24
2020-03-29	0	0	16425859	54.24
2020-03-30	2	0	16425859	54.24
2020-03-31	2	0	16425859	54.24
2020-04-01	0	0	16425859	54.24
2020-04-02	1	0	16425859	54.24
2020-04-03	0	0	16425859	54.24
2020-04-04	1	0	16425859	54.24
2020-04-05	0	0	16425859	54.24
2020-04-06	0	0	16425859	54.24
2020-04-07	1	0	16425859	54.24
2020-04-08	0	0	16425859	54.24
2020-04-09	1	0	16425859	54.24
2020-04-10	0	0	16425859	54.24
2020-04-11	0	0	16425859	54.24
2020-04-12	7	0	16425859	54.24
2020-04-13	5	0	16425859	54.24
2020-04-14	0	0	16425859	54.24
2020-04-15	0	0	16425859	54.24
2020-04-16	4	0	16425859	54.24
2020-04-17	0	0	16425859	54.24
2020-04-18	6	0	16425859	54.24
2020-04-19	0	0	16425859	54.24
2020-04-20	0	0	16425859	54.24
2020-04-21	0	0	16425859	54.24
2020-04-22	0	0	16425859	54.24
2020-04-23	0	0	16425859	54.24
2020-04-24	7	0	16425859	54.24
2020-04-25	6	0	16425859	54.24
2020-04-26	0	0	16425859	54.24
2020-04-27	0	0	16425859	54.24
2020-04-28	6	2	16425859	54.24
2020-04-29	0	0	16425859	54.24
2020-04-30	21	3	16425859	54.24
2020-05-01	0	0	16425859	54.24
2020-05-02	44	5	16425859	54.24
2020-05-03	0	0	16425859	54.24
2020-05-04	0	0	16425859	54.24
2020-05-05	53	7	16425859	54.24
2020-05-06	0	0	16425859	54.24
2020-05-07	83	10	16425859	54.24
2020-05-08	7	1	16425859	54.24
2020-05-09	62	3	16425859	54.24
2020-05-10	0	0	16425859	54.24
2020-05-11	0	0	16425859	54.24
2020-05-12	35	9	16425859	54.24
2020-05-13	15	2	16425859	54.24
2020-05-14	27	4	16425859	54.24
2020-05-15	29	2	16425859	54.24
2020-05-16	46	2	16425859	54.24
2020-05-17	29	3	16425859	54.24
2020-05-18	16	0	16425859	54.24
2020-05-19	26	3	16425859	54.24
2020-05-20	20	1	16425859	54.24
2020-05-21	23	1	16425859	54.24
2020-05-22	23	0	16425859	54.24
2020-05-23	37	2	16425859	54.24
2020-05-24	27	0	16425859	54.24
2020-05-25	12	1	16425859	54.24
2020-05-26	13	1	16425859	54.24
2020-05-27	15	2	16425859	54.24
2020-05-28	11	1	16425859	54.24
2020-05-29	33	0	16425859	54.24
2020-05-30	0	0	16425859	54.24
2020-05-31	19	0	16425859	54.24
2020-06-01	12	1	16425859	54.24
2020-06-02	13	0	16425859	54.24
2020-06-03	17	0	16425859	54.24
2020-06-04	8	0	16425859	54.24
2020-06-05	8	2	16425859	54.24
2020-06-06	0	1	16425859	54.24
2020-06-07	1	0	16425859	54.24
2020-06-08	2	1	16425859	54.24
2020-06-09	5	1	16425859	54.24
2020-06-10	2	1	16425859	54.24
2020-06-11	2	0	16425859	54.24
2020-06-12	0	0	16425859	54.24
2020-06-13	0	0	16425859	54.24
2020-06-14	2	1	16425859	54.24
2020-06-15	0	0	16425859	54.24
2020-06-16	3	1	16425859	54.24
2020-06-17	1	0	16425859	54.24
2020-06-18	0	0	16425859	54.24
2020-06-19	4	0	16425859	54.24
2020-06-20	0	0	16425859	54.24
2020-06-21	0	0	16425859	54.24
2020-06-22	0	0	16425859	54.24
2020-06-23	2	0	16425859	54.24
2020-06-24	0	0	16425859	54.24
2020-06-25	3	0	16425859	54.24
2020-06-26	2	0	16425859	54.24
2020-06-27	0	0	16425859	54.24
2020-06-28	1	0	16425859	54.24
2020-06-29	0	0	16425859	54.24
2020-06-30	0	0	16425859	54.24
2020-07-01	0	0	16425859	54.24
2020-07-02	2	0	16425859	54.24
2020-07-03	3	0	16425859	54.24
2020-07-04	0	0	16425859	54.24
2020-07-05	1	0	16425859	54.24
2020-07-06	0	0	16425859	54.24
2020-07-07	1	0	16425859	54.24
2020-07-08	0	0	16425859	54.24
2020-07-09	0	0	16425859	54.24
2020-07-10	1	0	16425859	54.24
2020-07-11	0	0	16425859	54.24
2020-07-12	6	1	16425859	54.24
2020-07-13	0	0	16425859	54.24
2020-07-14	4	0	16425859	54.24
2020-07-15	1	0	16425859	54.24
2020-07-16	1	0	16425859	54.24
2020-07-17	1	0	16425859	54.24
2020-07-18	2	0	16425859	54.24
2020-07-19	0	0	16425859	54.24
2020-07-20	0	0	16425859	54.24
2020-07-21	0	0	16425859	54.24
2020-07-22	0	0	16425859	54.24
2020-07-23	26	0	16425859	54.24
2020-07-24	0	0	16425859	54.24
2020-07-25	0	0	16425859	54.24
2020-07-26	0	0	16425859	54.24
2020-07-27	7	0	16425859	54.24
2020-07-28	4	0	16425859	54.24
2020-07-29	0	0	16425859	54.24
2020-07-30	9	0	16425859	54.24
2020-07-31	1	0	16425859	54.24
2020-08-01	0	0	16425859	54.24
2020-08-02	0	0	16425859	54.24
2020-08-03	0	0	16425859	54.24
2020-08-04	2	0	16425859	54.24
2020-08-05	1	0	16425859	54.24
2020-08-06	3	1	16425859	54.24
2020-08-07	0	0	16425859	54.24
2020-08-08	0	0	16425859	54.24
2020-08-09	2	0	16425859	54.24
2020-08-10	1	0	16425859	54.24
2020-08-11	1	0	16425859	54.24
2020-08-12	3	0	16425859	54.24
2020-08-13	0	0	16425859	54.24
2020-08-14	2	0	16425859	54.24
2020-08-15	1	0	16425859	54.24
2020-08-16	4	0	16425859	54.24
2020-08-17	3	0	16425859	54.24
2020-08-18	11	0	16425859	54.24
2020-08-19	1	0	16425859	54.24
2020-08-20	1	0	16425859	54.24
2020-08-21	9	0	16425859	54.24
2020-08-22	1	0	16425859	54.24
2020-08-23	4	0	16425859	54.24
2020-08-24	1	0	16425859	54.24
2020-08-25	8	1	16425859	54.24
2020-08-26	3	0	16425859	54.24
2020-08-27	6	0	16425859	54.24
2020-08-28	4	0	16425859	54.24
2020-08-29	0	0	16425859	54.24
2020-08-30	4	0	16425859	54.24
2020-08-31	1	0	16425859	54.24
2020-09-01	4	0	16425859	54.24
2020-09-02	0	0	16425859	54.24
2020-09-03	1	0	16425859	54.24
2020-09-04	5	0	16425859	54.24
2020-09-05	11	0	16425859	54.24
2020-09-06	5	2	16425859	54.24
2020-09-07	1	0	16425859	54.24
2020-09-08	5	0	16425859	54.24
2020-09-09	3	0	16425859	54.24
2020-09-10	3	0	16425859	54.24
2020-09-11	30	0	16425859	54.24
2020-09-12	2	1	16425859	54.24
2020-09-13	1	0	16425859	54.24
2020-09-14	1	1	16425859	54.24
2020-09-15	2	0	16425859	54.24
2020-09-16	3	0	16425859	54.24
2020-09-17	25	0	16425859	54.24
2020-09-18	32	0	16425859	54.24
2020-09-19	2	0	16425859	54.24
2020-09-20	2	0	16425859	54.24
2020-09-21	2	0	16425859	54.24
2020-09-22	2	0	16425859	54.24
2020-09-23	9	1	16425859	54.24
2020-09-24	7	0	16425859	54.24
2020-09-25	4	1	16425859	54.24
2020-09-26	2	0	16425859	54.24
2020-09-27	1	1	16425859	54.24
2020-09-28	7	1	16425859	54.24
2020-09-29	8	0	16425859	54.24
2020-09-30	7	0	16425859	54.24
2020-10-01	3	0	16425859	54.24
2020-10-02	8	0	16425859	54.24
2020-10-03	3	0	16425859	54.24
2020-10-04	3	1	16425859	54.24
2020-10-05	6	0	16425859	54.24
2020-10-06	15	2	16425859	54.24
2020-10-07	13	1	16425859	54.24
2020-10-08	11	0	16425859	54.24
2020-10-09	12	1	16425859	54.24
2020-10-10	17	2	16425859	54.24
2020-10-11	13	0	16425859	54.24
2020-10-12	4	0	16425859	54.24
2020-10-13	13	0	16425859	54.24
2020-10-14	8	0	16425859	54.24
2020-10-15	21	0	16425859	54.24
2020-10-16	11	1	16425859	54.24
2020-10-17	4	0	16425859	54.24
2020-10-18	14	0	16425859	54.24
2020-10-19	11	0	16425859	54.24
2020-10-20	9	0	16425859	54.24
2020-10-21	5	3	16425859	54.24
2020-10-22	6	0	16425859	54.24
2020-10-23	13	0	16425859	54.24
2020-10-24	11	0	16425859	54.24
2020-10-25	3	0	16425859	54.24
2020-10-26	4	0	16425859	54.24
2020-10-27	19	0	16425859	54.24
2020-10-28	8	1	16425859	54.24
2020-10-29	5	0	16425859	54.24
2020-10-30	10	1	16425859	54.24
2020-10-31	0	0	16425859	54.24
2020-11-01	15	0	16425859	54.24
2020-11-02	1	0	16425859	54.24
2020-11-03	14	0	16425859	54.24
2020-11-04	4	1	16425859	54.24
2020-11-05	12	0	16425859	54.24
2020-11-06	9	0	16425859	54.24
2020-11-07	5	0	16425859	54.24
2020-11-08	4	0	16425859	54.24
2020-11-09	4	0	16425859	54.24
2020-11-10	10	0	16425859	54.24
2020-11-11	4	0	16425859	54.24
2020-11-12	13	1	16425859	54.24
2020-11-13	11	0	16425859	54.24
2020-11-14	2	0	16425859	54.24
2020-11-15	6	1	16425859	54.24
2020-11-16	6	0	16425859	54.24
2020-11-17	5	0	16425859	54.24
2020-11-18	8	0	16425859	54.24
2020-11-19	4	0	16425859	54.24
2020-11-20	6	0	16425859	54.24
2020-11-21	7	0	16425859	54.24
2020-11-22	9	0	16425859	54.24
2020-11-23	6	0	16425859	54.24
2020-11-24	1	0	16425859	54.24
2020-11-25	6	0	16425859	54.24
2020-11-26	6	0	16425859	54.24
2020-11-27	2	0	16425859	54.24
2020-11-28	0	0	16425859	54.24
2020-11-29	19	0	16425859	54.24
2020-11-30	6	0	16425859	54.24
2020-12-01	12	1	16425859	54.24
2020-12-02	5	0	16425859	54.24
2020-12-03	3	0	16425859	54.24
2020-12-04	11	0	16425859	54.24
2020-12-05	3	0	16425859	54.24
2020-12-06	3	0	16425859	54.24
2020-12-07	3	0	16425859	54.24
2020-12-08	1	0	16425859	54.24
2020-12-09	3	0	16425859	54.24
2020-12-10	7	0	16425859	54.24
2020-12-11	6	0	16425859	54.24
2020-12-12	6	0	16425859	54.24
2020-12-13	19	0	16425859	54.24
2020-12-14	1	0	16425859	54.24
2020-12-15	13	0	16425859	54.24
2020-12-16	16	0	16425859	54.24
2020-12-17	18	0	16425859	54.24
2020-12-18	21	0	16425859	54.24
2020-12-19	28	0	16425859	54.24
2020-12-20	23	0	16425859	54.24
2020-12-21	12	0	16425859	54.24
2020-12-22	14	0	16425859	54.24
2020-12-23	22	0	16425859	54.24
2020-12-24	20	0	16425859	54.24
2020-12-25	13	0	16425859	54.24
2020-12-26	15	1	16425859	54.24
2020-12-27	19	1	16425859	54.24
2020-12-28	10	0	16425859	54.24
2020-12-29	33	0	16425859	54.24
2020-12-30	29	0	16425859	54.24
2020-12-31	36	0	16425859	54.24
2021-01-01	28	0	16425859	54.24
2021-01-02	28	0	16425859	54.24
2021-01-03	44	0	16425859	54.24
2021-01-04	16	0	16425859	54.24
2021-01-05	60	1	16425859	54.24
2021-01-06	39	0	16425859	54.24
2021-01-07	30	0	16425859	54.24
2021-01-08	61	1	16425859	54.24
2021-01-09	91	1	16425859	54.24
2021-01-10	27	0	16425859	54.24
2021-01-11	52	0	16425859	54.24
2021-01-12	79	1	16425859	54.24
2021-01-13	41	1	16425859	54.24
2021-01-14	64	1	16425859	54.24
2021-01-15	34	1	16425859	54.24
2021-01-16	48	0	16425859	54.24
2021-01-17	40	0	16425859	54.24
2021-01-18	24	2	16425859	54.24
2021-01-19	58	1	16425859	54.24
2021-01-20	35	0	16425859	54.24
2021-01-21	53	0	16425859	54.24
2021-01-22	39	1	16425859	54.24
2021-01-23	33	0	16425859	54.24
2021-01-24	24	1	16425859	54.24
2021-01-25	21	0	16425859	54.24
2021-01-26	43	0	16425859	54.24
2021-01-27	44	1	16425859	54.24
2021-01-28	27	1	16425859	54.24
2021-01-29	25	0	16425859	54.24
2021-01-30	26	0	16425859	54.24
2021-01-31	29	0	16425859	54.24
2021-02-01	9	3	16425859	54.24
2021-02-02	19	0	16425859	54.24
2021-02-03	15	0	16425859	54.24
2021-02-04	14	0	16425859	54.24
2021-02-05	17	3	16425859	54.24
2021-02-06	23	1	16425859	54.24
2021-02-07	24	0	16425859	54.24
2021-02-08	11	0	16425859	54.24
2021-02-09	31	0	16425859	54.24
2021-02-10	29	1	16425859	54.24
2021-02-11	13	0	16425859	54.24
2021-02-12	16	2	16425859	54.24
2021-02-13	25	0	16425859	54.24
2021-02-14	23	1	16425859	54.24
2021-02-15	19	2	16425859	54.24
2021-02-16	25	0	16425859	54.24
2021-02-17	35	1	16425859	54.24
2021-02-18	27	0	16425859	54.24
2021-02-19	25	0	16425859	54.24
2021-02-20	18	1	16425859	54.24
2021-02-21	55	1	16425859	54.24
2021-02-22	19	1	16425859	54.24
2021-02-23	14	1	16425859	54.24
2021-02-24	22	0	16425859	54.24
2021-02-25	30	1	16425859	54.24
2021-02-26	23	1	16425859	54.24
2021-02-27	16	2	16425859	54.24
2021-02-28	0	0	16425859	54.24
2021-03-01	13	0	16425859	54.24
2021-03-02	13	0	16425859	54.24
2021-03-03	57	0	16425859	54.24
2021-03-04	33	0	16425859	54.24
2021-03-05	0	0	16425859	54.24
2021-03-06	72	0	16425859	54.24
2021-03-07	16	0	16425859	54.24
2021-03-08	16	6	16425859	54.24
2021-03-09	21	2	16425859	54.24
2021-03-10	17	1	16425859	54.24
2021-03-11	15	2	16425859	54.24
2021-03-12	28	1	16425859	54.24
2021-03-13	14	1	16425859	54.24
2021-03-14	21	1	16425859	54.24
2021-03-15	19	1	16425859	54.24
2021-03-16	16	0	16425859	54.24
2021-03-17	13	1	16425859	54.24
2021-03-18	23	1	16425859	54.24
2021-03-19	15	0	16425859	54.24
2021-03-20	15	0	16425859	54.24
2021-03-21	10	0	16425859	54.24
