2020-02-23	2	0	19116209	80.18
2020-02-24	0	0	19116209	80.18
2020-02-25	0	0	19116209	80.18
2020-02-26	0	0	19116209	80.18
2020-02-27	0	0	19116209	80.18
2020-02-28	0	0	19116209	80.18
2020-02-29	0	0	19116209	80.18
2020-03-01	7	0	19116209	80.18
2020-03-02	0	0	19116209	80.18
2020-03-03	1	0	19116209	80.18
2020-03-04	0	0	19116209	80.18
2020-03-05	3	0	19116209	80.18
2020-03-06	0	0	19116209	80.18
2020-03-07	0	0	19116209	80.18
2020-03-08	7	0	19116209	80.18
2020-03-09	0	0	19116209	80.18
2020-03-10	5	0	19116209	80.18
2020-03-11	10	0	19116209	80.18
2020-03-12	0	0	19116209	80.18
2020-03-13	20	0	19116209	80.18
2020-03-14	33	0	19116209	80.18
2020-03-15	13	0	19116209	80.18
2020-03-16	81	0	19116209	80.18
2020-03-17	46	0	19116209	80.18
2020-03-18	37	0	19116209	80.18
2020-03-19	0	0	19116209	80.18
2020-03-20	196	0	19116209	80.18
2020-03-21	131	0	19116209	80.18
2020-03-22	95	1	19116209	80.18
2020-03-23	114	1	19116209	80.18
2020-03-24	176	0	19116209	80.18
2020-03-25	220	1	19116209	80.18
2020-03-26	164	1	19116209	80.18
2020-03-27	304	1	19116209	80.18
2020-03-28	350	1	19116209	80.18
2020-03-29	230	1	19116209	80.18
2020-03-30	310	1	19116209	80.18
2020-03-31	289	4	19116209	80.18
2020-04-01	293	4	19116209	80.18
2020-04-02	373	2	19116209	80.18
2020-04-03	333	4	19116209	80.18
2020-04-04	512	5	19116209	80.18
2020-04-05	310	7	19116209	80.18
2020-04-06	344	3	19116209	80.18
2020-04-07	301	6	19116209	80.18
2020-04-08	430	5	19116209	80.18
2020-04-09	426	9	19116209	80.18
2020-04-10	529	8	19116209	80.18
2020-04-11	671	8	19116209	80.18
2020-04-12	286	7	19116209	80.18
2020-04-13	312	2	19116209	80.18
2020-04-14	392	10	19116209	80.18
2020-04-15	356	2	19116209	80.18
2020-04-16	534	11	19116209	80.18
2020-04-17	445	11	19116209	80.18
2020-04-18	907	10	19116209	80.18
2020-04-19	358	7	19116209	80.18
2020-04-20	419	6	19116209	80.18
2020-04-21	325	8	19116209	80.18
2020-04-22	464	13	19116209	80.18
2020-04-23	516	8	19116209	80.18
2020-04-24	494	6	19116209	80.18
2020-04-25	1363	7	19116209	80.18
2020-04-26	473	8	19116209	80.18
2020-04-27	482	9	19116209	80.18
2020-04-28	552	9	19116209	80.18
2020-04-29	520	9	19116209	80.18
2020-04-30	1138	11	19116209	80.18
2020-05-01	985	7	19116209	80.18
2020-05-02	2526	13	19116209	80.18
2020-05-03	1228	13	19116209	80.18
2020-05-04	980	10	19116209	80.18
2020-05-05	1373	5	19116209	80.18
2020-05-06	1032	6	19116209	80.18
2020-05-07	1533	4	19116209	80.18
2020-05-08	1391	9	19116209	80.18
2020-05-09	3458	10	19116209	80.18
2020-05-10	1647	8	19116209	80.18
2020-05-11	1197	11	19116209	80.18
2020-05-12	1658	12	19116209	80.18
2020-05-13	2660	11	19116209	80.18
2020-05-14	2659	22	19116209	80.18
2020-05-15	2502	26	19116209	80.18
2020-05-16	5485	27	19116209	80.18
2020-05-17	2353	29	19116209	80.18
2020-05-18	2278	28	19116209	80.18
2020-05-19	3520	31	19116209	80.18
2020-05-20	4038	35	19116209	80.18
2020-05-21	3964	45	19116209	80.18
2020-05-22	4276	41	19116209	80.18
2020-05-23	9842	43	19116209	80.18
2020-05-24	3709	45	19116209	80.18
2020-05-25	4895	43	19116209	80.18
2020-05-26	3964	45	19116209	80.18
2020-05-27	4328	35	19116209	80.18
2020-05-28	4654	49	19116209	80.18
2020-05-29	3695	54	19116209	80.18
2020-05-30	13188	53	19116209	80.18
2020-05-31	4830	57	19116209	80.18
2020-06-01	5470	59	19116209	80.18
2020-06-02	3528	75	19116209	80.18
2020-06-03	4942	87	19116209	80.18
2020-06-04	4664	81	19116209	80.18
2020-06-05	4207	92	19116209	80.18
2020-06-06	13990	93	19116209	80.18
2020-06-07	6405	96	19116209	80.18
2020-06-08	4696	627	19116209	80.18
2020-06-09	3913	19	19116209	80.18
2020-06-10	5697	192	19116209	80.18
2020-06-11	5636	173	19116209	80.18
2020-06-12	6754	222	19116209	80.18
2020-06-13	8182	231	19116209	80.18
2020-06-14	6938	222	19116209	80.18
2020-06-15	5143	39	19116209	80.18
2020-06-16	5013	21	19116209	80.18
2020-06-17	1900	232	19116209	80.18
2020-06-18	4475	226	19116209	80.18
2020-06-19	6290	252	19116209	80.18
2020-06-20	5355	202	19116209	80.18
2020-06-21	5607	184	19116209	80.18
2020-06-22	4608	23	19116209	80.18
2020-06-23	3804	3	19116209	80.18
2020-06-24	3649	226	19116209	80.18
2020-06-25	4648	172	19116209	80.18
2020-06-26	4296	165	19116209	80.18
2020-06-27	4406	279	19116209	80.18
2020-06-28	4216	162	19116209	80.18
2020-06-29	4017	66	19116209	80.18
2020-06-30	3394	113	19116209	80.18
2020-07-01	2650	65	19116209	80.18
2020-07-02	2498	167	19116209	80.18
2020-07-03	3548	131	19116209	80.18
2020-07-04	3758	141	19116209	80.18
2020-07-05	3685	116	19116209	80.18
2020-07-06	3025	76	19116209	80.18
2020-07-07	2462	50	19116209	80.18
2020-07-08	2064	139	19116209	80.18
2020-07-09	3133	109	19116209	80.18
2020-07-10	3058	99	19116209	80.18
2020-07-11	2755	100	19116209	80.18
2020-07-12	3012	98	19116209	80.18
2020-07-13	2616	45	19116209	80.18
2020-07-14	1836	45	19116209	80.18
2020-07-15	1712	117	19116209	80.18
2020-07-16	2493	104	19116209	80.18
2020-07-17	2741	1057	19116209	80.18
2020-07-18	2407	98	19116209	80.18
2020-07-19	2084	58	19116209	80.18
2020-07-20	2099	130	19116209	80.18
2020-07-21	1654	44	19116209	80.18
2020-07-22	1719	45	19116209	80.18
2020-07-23	2357	116	19116209	80.18
2020-07-24	2545	76	19116209	80.18
2020-07-25	2288	106	19116209	80.18
2020-07-26	2198	92	19116209	80.18
2020-07-27	2133	75	19116209	80.18
2020-07-28	1877	53	19116209	80.18
2020-07-29	1775	38	19116209	80.18
2020-07-30	1961	99	19116209	80.18
2020-07-31	2131	80	19116209	80.18
2020-08-01	1991	76	19116209	80.18
2020-08-02	2073	75	19116209	80.18
2020-08-03	1762	99	19116209	80.18
2020-08-04	1469	38	19116209	80.18
2020-08-05	1761	47	19116209	80.18
2020-08-06	1948	97	19116209	80.18
2020-08-07	2154	69	19116209	80.18
2020-08-08	2198	53	19116209	80.18
2020-08-09	2033	66	19116209	80.18
2020-08-10	1988	62	19116209	80.18
2020-08-11	1572	39	19116209	80.18
2020-08-12	1552	27	19116209	80.18
2020-08-13	1866	94	19116209	80.18
2020-08-14	2077	41	19116209	80.18
2020-08-15	1791	55	19116209	80.18
2020-08-16	2044	57	19116209	80.18
2020-08-17	1556	61	19116209	80.18
2020-08-18	1353	33	19116209	80.18
2020-08-19	1182	32	19116209	80.18
2020-08-20	1812	93	19116209	80.18
2020-08-21	1920	52	19116209	80.18
2020-08-22	1939	69	19116209	80.18
2020-08-23	1957	60	19116209	80.18
2020-08-24	1903	64	19116209	80.18
2020-08-25	1417	42	19116209	80.18
2020-08-26	1380	32	19116209	80.18
2020-08-27	1737	82	19116209	80.18
2020-08-28	1870	60	19116209	80.18
2020-08-29	2037	49	19116209	80.18
2020-08-30	1965	63	19116209	80.18
2020-08-31	1752	45	19116209	80.18
2020-09-01	1419	32	19116209	80.18
2020-09-02	1594	23	19116209	80.18
2020-09-03	1762	78	19116209	80.18
2020-09-04	1968	72	19116209	80.18
2020-09-05	1965	57	19116209	80.18
2020-09-06	2076	41	19116209	80.18
2020-09-07	1764	60	19116209	80.18
2020-09-08	1267	30	19116209	80.18
2020-09-09	1486	20	19116209	80.18
2020-09-10	1642	79	19116209	80.18
2020-09-11	1866	69	19116209	80.18
2020-09-12	2131	45	19116209	80.18
2020-09-13	2082	54	19116209	80.18
2020-09-14	1685	64	19116209	80.18
2020-09-15	1550	27	19116209	80.18
2020-09-16	1304	18	19116209	80.18
2020-09-17	1863	84	19116209	80.18
2020-09-18	1677	57	19116209	80.18
2020-09-19	1847	55	19116209	80.18
2020-09-20	1600	32	19116209	80.18
2020-09-21	1194	12	19116209	80.18
2020-09-22	1055	23	19116209	80.18
2020-09-23	1380	24	19116209	80.18
2020-09-24	1731	124	19116209	80.18
2020-09-25	2234	58	19116209	80.18
2020-09-26	2111	64	19116209	80.18
2020-09-27	1922	50	19116209	80.18
2020-09-28	1770	57	19116209	80.18
2020-09-29	1629	27	19116209	80.18
2020-09-30	1691	16	19116209	80.18
2020-10-01	1759	81	19116209	80.18
2020-10-02	1840	45	19116209	80.18
2020-10-03	1881	52	19116209	80.18
2020-10-04	1708	60	19116209	80.18
2020-10-05	1567	58	19116209	80.18
2020-10-06	1560	33	19116209	80.18
2020-10-07	1134	20	19116209	80.18
2020-10-08	1576	77	19116209	80.18
2020-10-09	1753	53	19116209	80.18
2020-10-10	1826	52	19116209	80.18
2020-10-11	1776	46	19116209	80.18
2020-10-12	1461	58	19116209	80.18
2020-10-13	1448	20	19116209	80.18
2020-10-14	1092	19	19116209	80.18
2020-10-15	1124	19	19116209	80.18
2020-10-16	1694	95	19116209	80.18
2020-10-17	1813	59	19116209	80.18
2020-10-18	1757	47	19116209	80.18
2020-10-19	1545	41	19116209	80.18
2020-10-20	1173	26	19116209	80.18
2020-10-21	1159	17	19116209	80.18
2020-10-22	1494	73	19116209	80.18
2020-10-23	1775	52	19116209	80.18
2020-10-24	1636	48	19116209	80.18
2020-10-25	1521	52	19116209	80.18
2020-10-26	1535	59	19116209	80.18
2020-10-27	927	23	19116209	80.18
2020-10-28	1005	6	19116209	80.18
2020-10-29	1520	86	19116209	80.18
2020-10-30	1521	40	19116209	80.18
2020-10-31	1685	49	19116209	80.18
2020-11-01	1608	40	19116209	80.18
2020-11-02	1276	55	19116209	80.18
2020-11-03	1062	17	19116209	80.18
2020-11-04	840	21	19116209	80.18
2020-11-05	1540	64	19116209	80.18
2020-11-06	1808	46	19116209	80.18
2020-11-07	1587	49	19116209	80.18
2020-11-08	1581	44	19116209	80.18
2020-11-09	1321	45	19116209	80.18
2020-11-10	1028	23	19116209	80.18
2020-11-11	897	22	19116209	80.18
2020-11-12	1634	66	19116209	80.18
2020-11-13	1592	39	19116209	80.18
2020-11-14	1646	39	19116209	80.18
2020-11-15	1597	42	19116209	80.18
2020-11-16	1331	44	19116209	80.18
2020-11-17	1006	20	19116209	80.18
2020-11-18	948	14	19116209	80.18
2020-11-19	1454	58	19116209	80.18
2020-11-20	1573	48	19116209	80.18
2020-11-21	1558	27	19116209	80.18
2020-11-22	1497	39	19116209	80.18
2020-11-23	1440	37	19116209	80.18
2020-11-24	1007	25	19116209	80.18
2020-11-25	1005	7	19116209	80.18
2020-11-26	1570	97	19116209	80.18
2020-11-27	1581	43	19116209	80.18
2020-11-28	1698	44	19116209	80.18
2020-11-29	1489	34	19116209	80.18
2020-11-30	1313	54	19116209	80.18
2020-12-01	1121	20	19116209	80.18
2020-12-02	1034	8	19116209	80.18
2020-12-03	1508	81	19116209	80.18
2020-12-04	1729	39	19116209	80.18
2020-12-05	1533	34	19116209	80.18
2020-12-06	1714	36	19116209	80.18
2020-12-07	1760	35	19116209	80.18
2020-12-08	1392	17	19116209	80.18
2020-12-09	1244	10	19116209	80.18
2020-12-10	1662	84	19116209	80.18
2020-12-11	1534	8	19116209	80.18
2020-12-12	1807	64	19116209	80.18
2020-12-13	2138	40	19116209	80.18
2020-12-14	1911	45	19116209	80.18
2020-12-15	1499	18	19116209	80.18
2020-12-16	1402	10	19116209	80.18
2020-12-17	2001	48	19116209	80.18
2020-12-18	2403	44	19116209	80.18
2020-12-19	2220	50	19116209	80.18
2020-12-20	2191	53	19116209	80.18
2020-12-21	2447	43	19116209	80.18
2020-12-22	1196	20	19116209	80.18
2020-12-23	1725	11	19116209	80.18
2020-12-24	3238	75	19116209	80.18
2020-12-25	1679	55	19116209	80.18
2020-12-26	2563	46	19116209	80.18
2020-12-27	1711	39	19116209	80.18
2020-12-28	1923	0	19116209	80.18
2020-12-29	1958	45	19116209	80.18
2020-12-30	2964	11	19116209	80.18
2020-12-31	2023	109	19116209	80.18
2021-01-01	3591	52	19116209	80.18
2021-01-02	3338	64	19116209	80.18
2021-01-03	2289	43	19116209	80.18
2021-01-04	2450	0	19116209	80.18
2021-01-05	2460	21	19116209	80.18
2021-01-06	2382	28	19116209	80.18
2021-01-07	3693	97	19116209	80.18
2021-01-08	4205	61	19116209	80.18
2021-01-09	4361	63	19116209	80.18
2021-01-10	4181	59	19116209	80.18
2021-01-11	3969	66	19116209	80.18
2021-01-12	3243	20	19116209	80.18
2021-01-13	3390	22	19116209	80.18
2021-01-14	4187	90	19116209	80.18
2021-01-15	4468	75	19116209	80.18
2021-01-16	4313	66	19116209	80.18
2021-01-17	4339	42	19116209	80.18
2021-01-18	3918	70	19116209	80.18
2021-01-19	3401	26	19116209	80.18
2021-01-20	3589	21	19116209	80.18
2021-01-21	4367	108	19116209	80.18
2021-01-22	4959	84	19116209	80.18
2021-01-23	4581	68	19116209	80.18
2021-01-24	4463	79	19116209	80.18
2021-01-25	4068	66	19116209	80.18
2021-01-26	3322	24	19116209	80.18
2021-01-27	3388	17	19116209	80.18
2021-01-28	4255	134	19116209	80.18
2021-01-29	4606	83	19116209	80.18
2021-01-30	4151	82	19116209	80.18
2021-01-31	4209	113	19116209	80.18
2021-02-01	3779	85	19116209	80.18
2021-02-02	3147	22	19116209	80.18
2021-02-03	2610	17	19116209	80.18
2021-02-04	3592	155	19116209	80.18
2021-02-05	3782	77	19116209	80.18
2021-02-06	4063	87	19116209	80.18
2021-02-07	3804	79	19116209	80.18
2021-02-08	3464	82	19116209	80.18
2021-02-09	2839	28	19116209	80.18
2021-02-10	2387	21	19116209	80.18
2021-02-11	3731	157	19116209	80.18
2021-02-12	4164	83	19116209	80.18
2021-02-13	3925	98	19116209	80.18
2021-02-14	3813	98	19116209	80.18
2021-02-15	3332	83	19116209	80.18
2021-02-16	2498	20	19116209	80.18
2021-02-17	2275	15	19116209	80.18
2021-02-18	3828	139	19116209	80.18
2021-02-19	3797	99	19116209	80.18
2021-02-20	3906	77	19116209	80.18
2021-02-21	3615	68	19116209	80.18
2021-02-22	3549	84	19116209	80.18
2021-02-23	2308	25	19116209	80.18
2021-02-24	2555	22	19116209	80.18
2021-02-25	4472	137	19116209	80.18
2021-02-26	4585	90	19116209	80.18
2021-02-27	4489	76	19116209	80.18
2021-02-28	3207	96	19116209	80.18
2021-03-01	5145	88	19116209	80.18
2021-03-02	2742	24	19116209	80.18
2021-03-03	3040	20	19116209	80.18
2021-03-04	4567	134	19116209	80.18
2021-03-05	5331	90	19116209	80.18
2021-03-06	5033	80	19116209	80.18
2021-03-07	5302	69	19116209	80.18
2021-03-08	4748	86	19116209	80.18
2021-03-09	3531	19	19116209	80.18
2021-03-10	3885	24	19116209	80.18
2021-03-11	5563	156	19116209	80.18
2021-03-12	5973	89	19116209	80.18
2021-03-13	5894	123	19116209	80.18
2021-03-14	5731	100	19116209	80.18
2021-03-15	5121	98	19116209	80.18
2021-03-16	4551	17	19116209	80.18
2021-03-17	3430	27	19116209	80.18
2021-03-18	7257	172	19116209	80.18
2021-03-19	6584	99	19116209	80.18
2021-03-20	7036	93	19116209	80.18
2021-03-21	6850	99	19116209	80.18