2020-01-22	0	0	1439323774	76.91
2020-01-23	95	1	1439323774	76.91
2020-01-24	277	8	1439323774	76.91
2020-01-25	486	16	1439323774	76.91
2020-01-26	669	14	1439323774	76.91
2020-01-27	802	26	1439323774	76.91
2020-01-28	2632	49	1439323774	76.91
2020-01-29	578	2	1439323774	76.91
2020-01-30	2054	38	1439323774	76.91
2020-01-31	1661	42	1439323774	76.91
2020-02-01	2089	46	1439323774	76.91
2020-02-02	4739	102	1439323774	76.91
2020-02-03	3086	64	1439323774	76.91
2020-02-04	3991	66	1439323774	76.91
2020-02-05	3733	72	1439323774	76.91
2020-02-06	3147	70	1439323774	76.91
2020-02-07	3523	85	1439323774	76.91
2020-02-08	2704	87	1439323774	76.91
2020-02-09	3015	100	1439323774	76.91
2020-02-10	2525	107	1439323774	76.91
2020-02-11	2032	100	1439323774	76.91
2020-02-12	373	5	1439323774	76.91
2020-02-13	15136	252	1439323774	76.91
2020-02-14	6463	152	1439323774	76.91
2020-02-15	2055	142	1439323774	76.91
2020-02-16	2100	103	1439323774	76.91
2020-02-17	1921	98	1439323774	76.91
2020-02-18	1777	139	1439323774	76.91
2020-02-19	408	113	1439323774	76.91
2020-02-20	458	122	1439323774	76.91
2020-02-21	473	0	1439323774	76.91
2020-02-22	1451	205	1439323774	76.91
2020-02-23	21	2	1439323774	76.91
2020-02-24	219	150	1439323774	76.91
2020-02-25	513	70	1439323774	76.91
2020-02-26	412	52	1439323774	76.91
2020-02-27	434	29	1439323774	76.91
2020-02-28	328	44	1439323774	76.91
2020-02-29	428	47	1439323774	76.91
2020-03-01	576	35	1439323774	76.91
2020-03-02	204	42	1439323774	76.91
2020-03-03	125	33	1439323774	76.91
2020-03-04	125	36	1439323774	76.91
2020-03-05	151	32	1439323774	76.91
2020-03-06	153	29	1439323774	76.91
2020-03-07	80	28	1439323774	76.91
2020-03-08	53	28	1439323774	76.91
2020-03-09	37	23	1439323774	76.91
2020-03-10	27	16	1439323774	76.91
2020-03-11	34	22	1439323774	76.91
2020-03-12	11	11	1439323774	76.91
2020-03-13	13	8	1439323774	76.91
2020-03-14	32	13	1439323774	76.91
2020-03-15	26	10	1439323774	76.91
2020-03-16	30	14	1439323774	76.91
2020-03-17	25	13	1439323774	76.91
2020-03-18	44	11	1439323774	76.91
2020-03-19	54	8	1439323774	76.91
2020-03-20	94	4	1439323774	76.91
2020-03-21	55	6	1439323774	76.91
2020-03-22	130	15	1439323774	76.91
2020-03-23	63	0	1439323774	76.91
2020-03-24	93	7	1439323774	76.91
2020-03-25	70	4	1439323774	76.91
2020-03-26	121	6	1439323774	76.91
2020-03-27	115	5	1439323774	76.91
2020-03-28	102	3	1439323774	76.91
2020-03-29	123	5	1439323774	76.91
2020-03-30	76	4	1439323774	76.91
2020-03-31	81	1	1439323774	76.91
2020-04-01	82	7	1439323774	76.91
2020-04-02	71	6	1439323774	76.91
2020-04-03	79	4	1439323774	76.91
2020-04-04	32	4	1439323774	76.91
2020-04-05	59	3	1439323774	76.91
2020-04-06	63	2	1439323774	76.91
2020-04-07	53	0	1439323774	76.91
2020-04-08	91	2	1439323774	76.91
2020-04-09	74	2	1439323774	76.91
2020-04-10	58	1	1439323774	76.91
2020-04-11	73	3	1439323774	76.91
2020-04-12	120	0	1439323774	76.91
2020-04-13	79	2	1439323774	76.91
2020-04-14	93	0	1439323774	76.91
2020-04-15	50	1	1439323774	76.91
2020-04-16	47	0	1439323774	76.91
2020-04-17	357	1290	1439323774	76.91
2020-04-18	27	0	1439323774	76.91
2020-04-19	18	0	1439323774	76.91
2020-04-20	12	0	1439323774	76.91
2020-04-21	36	0	1439323774	76.91
2020-04-22	15	0	1439323774	76.91
2020-04-23	16	0	1439323774	76.91
2020-04-24	15	0	1439323774	76.91
2020-04-25	10	0	1439323774	76.91
2020-04-26	3	1	1439323774	76.91
2020-04-27	6	0	1439323774	76.91
2020-04-28	22	0	1439323774	76.91
2020-04-29	4	0	1439323774	76.91
2020-04-30	12	0	1439323774	76.91
2020-05-01	3	0	1439323774	76.91
2020-05-02	0	0	1439323774	76.91
2020-05-03	5	0	1439323774	76.91
2020-05-04	2	0	1439323774	76.91
2020-05-05	2	0	1439323774	76.91
2020-05-06	2	0	1439323774	76.91
2020-05-07	5	0	1439323774	76.91
2020-05-08	1	0	1439323774	76.91
2020-05-09	14	0	1439323774	76.91
2020-05-10	20	0	1439323774	76.91
2020-05-11	1	0	1439323774	76.91
2020-05-12	7	0	1439323774	76.91
2020-05-13	6	0	1439323774	76.91
2020-05-14	5	0	1439323774	76.91
2020-05-15	9	0	1439323774	76.91
2020-05-16	6	1	1439323774	76.91
2020-05-17	10	0	1439323774	76.91
2020-05-18	9	0	1439323774	76.91
2020-05-19	0	0	1439323774	76.91
2020-05-20	0	0	1439323774	76.91
2020-05-21	0	0	1439323774	76.91
2020-05-22	18	0	1439323774	76.91
2020-05-23	3	0	1439323774	76.91
2020-05-24	11	0	1439323774	76.91
2020-05-25	7	0	1439323774	76.91
2020-05-26	1	0	1439323774	76.91
2020-05-27	3	0	1439323774	76.91
2020-05-28	0	0	1439323774	76.91
2020-05-29	17	0	1439323774	76.91
2020-05-30	5	0	1439323774	76.91
2020-05-31	18	0	1439323774	76.91
2020-06-01	8	0	1439323774	76.91
2020-06-02	7	0	1439323774	76.91
2020-06-03	-1	0	1439323774	76.91
2020-06-04	11	0	1439323774	76.91
2020-06-05	6	0	1439323774	76.91
2020-06-06	9	0	1439323774	76.91
2020-06-07	5	0	1439323774	76.91
2020-06-08	4	0	1439323774	76.91
2020-06-09	3	0	1439323774	76.91
2020-06-10	11	0	1439323774	76.91
2020-06-11	7	0	1439323774	76.91
2020-06-12	12	0	1439323774	76.91
2020-06-13	58	0	1439323774	76.91
2020-06-14	49	0	1439323774	76.91
2020-06-15	43	0	1439323774	76.91
2020-06-16	44	0	1439323774	76.91
2020-06-17	36	0	1439323774	76.91
2020-06-18	36	0	1439323774	76.91
2020-06-19	0	0	1439323774	76.91
2020-06-20	59	1	1439323774	76.91
2020-06-21	19	0	1439323774	76.91
2020-06-22	52	0	1439323774	76.91
2020-06-23	29	1	1439323774	76.91
2020-06-24	20	0	1439323774	76.91
2020-06-25	28	1	1439323774	76.91
2020-06-26	24	0	1439323774	76.91
2020-06-27	18	0	1439323774	76.91
2020-06-28	14	0	1439323774	76.91
2020-06-29	23	0	1439323774	76.91
2020-06-30	5	0	1439323774	76.91
2020-07-01	31	0	1439323774	76.91
2020-07-02	14	0	1439323774	76.91
2020-07-03	8	0	1439323774	76.91
2020-07-04	19	0	1439323774	76.91
2020-07-05	14	0	1439323774	76.91
2020-07-06	18	0	1439323774	76.91
2020-07-07	28	0	1439323774	76.91
2020-07-08	33	0	1439323774	76.91
2020-07-09	42	0	1439323774	76.91
2020-07-10	0	0	1439323774	76.91
2020-07-11	79	0	1439323774	76.91
2020-07-12	46	0	1439323774	76.91
2020-07-13	0	0	1439323774	76.91
2020-07-14	109	1	1439323774	76.91
2020-07-15	20	2	1439323774	76.91
2020-07-16	81	0	1439323774	76.91
2020-07-17	75	1	1439323774	76.91
2020-07-18	16	1	1439323774	76.91
2020-07-19	85	0	1439323774	76.91
2020-07-20	119	0	1439323774	76.91
2020-07-21	86	2	1439323774	76.91
2020-07-22	198	0	1439323774	76.91
2020-07-23	139	1	1439323774	76.91
2020-07-24	157	1	1439323774	76.91
2020-07-25	179	2	1439323774	76.91
2020-07-26	189	0	1439323774	76.91
2020-07-27	213	4	1439323774	76.91
2020-07-28	207	1	1439323774	76.91
2020-07-29	223	1	1439323774	76.91
2020-07-30	276	1	1439323774	76.91
2020-07-31	166	2	1439323774	76.91
2020-08-01	172	6	1439323774	76.91
2020-08-02	158	2	1439323774	76.91
2020-08-03	114	3	1439323774	76.91
2020-08-04	107	4	1439323774	76.91
2020-08-05	122	1	1439323774	76.91
2020-08-06	132	3	1439323774	76.91
2020-08-07	120	1	1439323774	76.91
2020-08-08	92	0	1439323774	76.91
2020-08-09	121	5	1439323774	76.91
2020-08-10	113	3	1439323774	76.91
2020-08-11	52	4	1439323774	76.91
2020-08-12	87	4	1439323774	76.91
2020-08-13	99	3	1439323774	76.91
2020-08-14	70	1	1439323774	76.91
2020-08-15	65	2	1439323774	76.91
2020-08-16	96	0	1439323774	76.91
2020-08-17	66	0	1439323774	76.91
2020-08-18	53	2	1439323774	76.91
2020-08-19	33	1	1439323774	76.91
2020-08-20	40	3	1439323774	76.91
2020-08-21	49	0	1439323774	76.91
2020-08-22	38	2	1439323774	76.91
2020-08-23	41	0	1439323774	76.91
2020-08-24	23	0	1439323774	76.91
2020-08-25	34	1	1439323774	76.91
2020-08-26	32	1	1439323774	76.91
2020-08-27	30	2	1439323774	76.91
2020-08-28	22	3	1439323774	76.91
2020-08-29	27	3	1439323774	76.91
2020-08-30	32	1	1439323774	76.91
2020-08-31	19	1	1439323774	76.91
2020-09-01	19	1	1439323774	76.91
2020-09-02	20	3	1439323774	76.91
2020-09-03	33	1	1439323774	76.91
2020-09-04	22	0	1439323774	76.91
2020-09-05	17	0	1439323774	76.91
2020-09-06	33	2	1439323774	76.91
2020-09-07	20	2	1439323774	76.91
2020-09-08	9	1	1439323774	76.91
2020-09-09	13	0	1439323774	76.91
2020-09-10	27	0	1439323774	76.91
2020-09-11	18	0	1439323774	76.91
2020-09-12	23	1	1439323774	76.91
2020-09-13	29	0	1439323774	76.91
2020-09-14	22	1	1439323774	76.91
2020-09-15	16	1	1439323774	76.91
2020-09-16	18	0	1439323774	76.91
2020-09-17	41	0	1439323774	76.91
2020-09-18	17	1	1439323774	76.91
2020-09-19	23	0	1439323774	76.91
2020-09-20	35	0	1439323774	76.91
2020-09-21	12	0	1439323774	76.91
2020-09-22	18	0	1439323774	76.91
2020-09-23	10	1	1439323774	76.91
2020-09-24	15	0	1439323774	76.91
2020-09-25	17	1	1439323774	76.91
2020-09-26	15	0	1439323774	76.91
2020-09-27	27	0	1439323774	76.91
2020-09-28	22	0	1439323774	76.91
2020-09-29	23	0	1439323774	76.91
2020-09-30	17	0	1439323774	76.91
2020-10-01	22	0	1439323774	76.91
2020-10-02	17	0	1439323774	76.91
2020-10-03	20	0	1439323774	76.91
2020-10-04	25	0	1439323774	76.91
2020-10-05	23	0	1439323774	76.91
2020-10-06	15	0	1439323774	76.91
2020-10-07	20	0	1439323774	76.91
2020-10-08	41	0	1439323774	76.91
2020-10-09	23	0	1439323774	76.91
2020-10-10	27	0	1439323774	76.91
2020-10-11	34	0	1439323774	76.91
2020-10-12	18	0	1439323774	76.91
2020-10-13	28	0	1439323774	76.91
2020-10-14	11	0	1439323774	76.91
2020-10-15	36	0	1439323774	76.91
2020-10-16	20	0	1439323774	76.91
2020-10-17	30	0	1439323774	76.91
2020-10-18	17	0	1439323774	76.91
2020-10-19	34	0	1439323774	76.91
2020-10-20	16	0	1439323774	76.91
2020-10-21	22	0	1439323774	76.91
2020-10-22	29	0	1439323774	76.91
2020-10-23	35	0	1439323774	76.91
2020-10-24	20	0	1439323774	76.91
2020-10-25	23	0	1439323774	76.91
2020-10-26	24	0	1439323774	76.91
2020-10-27	47	0	1439323774	76.91
2020-10-28	49	0	1439323774	76.91
2020-10-29	28	0	1439323774	76.91
2020-10-30	40	0	1439323774	76.91
2020-10-31	27	0	1439323774	76.91
2020-11-01	31	0	1439323774	76.91
2020-11-02	55	0	1439323774	76.91
2020-11-03	26	0	1439323774	76.91
2020-11-04	31	1	1439323774	76.91
2020-11-05	43	1	1439323774	76.91
2020-11-06	39	0	1439323774	76.91
2020-11-07	31	0	1439323774	76.91
2020-11-08	43	0	1439323774	76.91
2020-11-09	28	0	1439323774	76.91
2020-11-10	26	1	1439323774	76.91
2020-11-11	33	0	1439323774	76.91
2020-11-12	31	0	1439323774	76.91
2020-11-13	24	0	1439323774	76.91
2020-11-14	21	0	1439323774	76.91
2020-11-15	22	0	1439323774	76.91
2020-11-16	22	0	1439323774	76.91
2020-11-17	13	0	1439323774	76.91
2020-11-18	21	0	1439323774	76.91
2020-11-19	29	0	1439323774	76.91
2020-11-20	42	0	1439323774	76.91
2020-11-21	60	0	1439323774	76.91
2020-11-22	79	0	1439323774	76.91
2020-11-23	95	0	1439323774	76.91
2020-11-24	85	0	1439323774	76.91
2020-11-25	106	0	1439323774	76.91
2020-11-26	86	0	1439323774	76.91
2020-11-27	98	0	1439323774	76.91
2020-11-28	95	1	1439323774	76.91
2020-11-29	133	0	1439323774	76.91
2020-11-30	88	0	1439323774	76.91
2020-12-01	91	0	1439323774	76.91
2020-12-02	120	1	1439323774	76.91
2020-12-03	108	1	1439323774	76.91
2020-12-04	127	1	1439323774	76.91
2020-12-05	119	0	1439323774	76.91
2020-12-06	110	0	1439323774	76.91
2020-12-07	93	0	1439323774	76.91
2020-12-08	112	0	1439323774	76.91
2020-12-09	116	2	1439323774	76.91
2020-12-10	127	0	1439323774	76.91
2020-12-11	99	0	1439323774	76.91
2020-12-12	93	1	1439323774	76.91
2020-12-13	111	2	1439323774	76.91
2020-12-14	99	3	1439323774	76.91
2020-12-15	110	3	1439323774	76.91
2020-12-16	89	0	1439323774	76.91
2020-12-17	108	2	1439323774	76.91
2020-12-18	87	4	1439323774	76.91
2020-12-19	132	0	1439323774	76.91
2020-12-20	97	1	1439323774	76.91
2020-12-21	100	1	1439323774	76.91
2020-12-22	78	1	1439323774	76.91
2020-12-23	70	1	1439323774	76.91
2020-12-24	85	2	1439323774	76.91
2020-12-25	77	1	1439323774	76.91
2020-12-26	81	0	1439323774	76.91
2020-12-27	91	1	1439323774	76.91
2020-12-28	88	4	1439323774	76.91
2020-12-29	77	2	1439323774	76.91
2020-12-30	79	4	1439323774	76.91
2020-12-31	87	1	1439323774	76.91
2021-01-01	60	0	1439323774	76.91
2021-01-02	63	2	1439323774	76.91
2021-01-03	74	0	1439323774	76.91
2021-01-04	86	3	1439323774	76.91
2021-01-05	64	0	1439323774	76.91
2021-01-06	88	1	1439323774	76.91
2021-01-07	86	0	1439323774	76.91
2021-01-08	78	1	1439323774	76.91
2021-01-09	128	2	1439323774	76.91
2021-01-10	134	1	1439323774	76.91
2021-01-11	96	1	1439323774	76.91
2021-01-12	175	1	1439323774	76.91
2021-01-13	180	2	1439323774	76.91
2021-01-14	173	0	1439323774	76.91
2021-01-15	168	0	1439323774	76.91
2021-01-16	159	1	1439323774	76.91
2021-01-17	164	0	1439323774	76.91
2021-01-18	225	1	1439323774	76.91
2021-01-19	159	2	1439323774	76.91
2021-01-20	221	1	1439323774	76.91
2021-01-21	242	2	1439323774	76.91
2021-01-22	100	0	1439323774	76.91
2021-01-23	161	0	1439323774	76.91
2021-01-24	200	1	1439323774	76.91
2021-01-25	155	3	1439323774	76.91
2021-01-26	139	2	1439323774	76.91
2021-01-27	114	2	1439323774	76.91
2021-01-28	91	2	1439323774	76.91
2021-01-29	102	1	1439323774	76.91
2021-01-30	120	1	1439323774	76.91
2021-01-31	95	2	1439323774	76.91
2021-02-01	64	1	1439323774	76.91
2021-02-02	50	2	1439323774	76.91
2021-02-03	49	1	1439323774	76.91
2021-02-04	42	1	1439323774	76.91
2021-02-05	50	0	1439323774	76.91
2021-02-06	30	0	1439323774	76.91
2021-02-07	41	0	1439323774	76.91
2021-02-08	46	0	1439323774	76.91
2021-02-09	40	2	1439323774	76.91
2021-02-10	19	1	1439323774	76.91
2021-02-11	33	2	1439323774	76.91
2021-02-12	32	1	1439323774	76.91
2021-02-13	19	1	1439323774	76.91
2021-02-14	21	0	1439323774	76.91
2021-02-15	25	0	1439323774	76.91
2021-02-16	15	2	1439323774	76.91
2021-02-17	27	2	1439323774	76.91
2021-02-18	18	0	1439323774	76.91
2021-02-19	21	0	1439323774	76.91
2021-02-20	22	0	1439323774	76.91
2021-02-21	31	0	1439323774	76.91
2021-02-22	26	0	1439323774	76.91
2021-02-23	23	0	1439323774	76.91
2021-02-24	25	1	1439323774	76.91
2021-02-25	19	0	1439323774	76.91
2021-02-26	34	0	1439323774	76.91
2021-02-27	39	0	1439323774	76.91
2021-02-28	41	1	1439323774	76.91
2021-03-01	25	1	1439323774	76.91
2021-03-02	23	0	1439323774	76.91
2021-03-03	24	0	1439323774	76.91
2021-03-04	18	1	1439323774	76.91
2021-03-05	19	0	1439323774	76.91
2021-03-06	23	1	1439323774	76.91
2021-03-07	35	0	1439323774	76.91
2021-03-08	17	0	1439323774	76.91
2021-03-09	26	0	1439323774	76.91
2021-03-10	19	1	1439323774	76.91
2021-03-11	31	0	1439323774	76.91
2021-03-12	67	0	1439323774	76.91
2021-03-13	57	0	1439323774	76.91
2021-03-14	29	0	1439323774	76.91
2021-03-15	43	0	1439323774	76.91
2021-03-16	22	0	1439323774	76.91
2021-03-17	17	0	1439323774	76.91
2021-03-18	21	0	1439323774	76.91
2021-03-19	17	0	1439323774	76.91
2021-03-20	20	0	1439323774	76.91
2021-03-21	15	0	1439323774	76.91
