2020-03-06	1	0	5094114		80.28
2020-03-07	0	0	5094114		80.28
2020-03-08	4	0	5094114		80.28
2020-03-09	4	0	5094114		80.28
2020-03-10	0	0	5094114		80.28
2020-03-11	4	0	5094114		80.28
2020-03-12	9	0	5094114		80.28
2020-03-13	1	0	5094114		80.28
2020-03-14	3	0	5094114		80.28
2020-03-15	1	0	5094114		80.28
2020-03-16	8	0	5094114		80.28
2020-03-17	6	0	5094114		80.28
2020-03-18	9	0	5094114		80.28
2020-03-19	19	1	5094114		80.28
2020-03-20	20	0	5094114		80.28
2020-03-21	28	1	5094114		80.28
2020-03-22	17	0	5094114		80.28
2020-03-23	24	0	5094114		80.28
2020-03-24	19	0	5094114		80.28
2020-03-25	24	0	5094114		80.28
2020-03-26	30	0	5094114		80.28
2020-03-27	32	0	5094114		80.28
2020-03-28	32	0	5094114		80.28
2020-03-29	19	0	5094114		80.28
2020-03-30	16	0	5094114		80.28
2020-03-31	17	0	5094114		80.28
2020-04-01	28	0	5094114		80.28
2020-04-02	21	0	5094114		80.28
2020-04-03	20	0	5094114		80.28
2020-04-04	19	0	5094114		80.28
2020-04-05	19	0	5094114		80.28
2020-04-06	13	0	5094114		80.28
2020-04-07	16	0	5094114		80.28
2020-04-08	19	1	5094114		80.28
2020-04-09	37	0	5094114		80.28
2020-04-10	19	0	5094114		80.28
2020-04-11	19	0	5094114		80.28
2020-04-12	18	0	5094114		80.28
2020-04-13	17	0	5094114		80.28
2020-04-14	6	0	5094114		80.28
2020-04-15	8	1	5094114		80.28
2020-04-16	16	0	5094114		80.28
2020-04-17	7	0	5094114		80.28
2020-04-18	6	0	5094114		80.28
2020-04-19	5	1	5094114		80.28
2020-04-20	2	1	5094114		80.28
2020-04-21	7	0	5094114		80.28
2020-04-22	12	0	5094114		80.28
2020-04-23	5	0	5094114		80.28
2020-04-24	1	0	5094114		80.28
2020-04-25	6	0	5094114		80.28
2020-04-26	2	0	5094114		80.28
2020-04-27	2	0	5094114		80.28
2020-04-28	8	0	5094114		80.28
2020-04-29	8	0	5094114		80.28
2020-04-30	6	0	5094114		80.28
2020-05-01	6	0	5094114		80.28
2020-05-02	8	0	5094114		80.28
2020-05-03	6	0	5094114		80.28
2020-05-04	3	0	5094114		80.28
2020-05-05	13	0	5094114		80.28
2020-05-06	6	0	5094114		80.28
2020-05-07	4	0	5094114		80.28
2020-05-08	8	0	5094114		80.28
2020-05-09	7	0	5094114		80.28
2020-05-10	12	1	5094114		80.28
2020-05-11	9	0	5094114		80.28
2020-05-12	3	0	5094114		80.28
2020-05-13	11	1	5094114		80.28
2020-05-14	15	0	5094114		80.28
2020-05-15	13	1	5094114		80.28
2020-05-16	10	1	5094114		80.28
2020-05-17	10	0	5094114		80.28
2020-05-18	3	0	5094114		80.28
2020-05-19	16	0	5094114		80.28
2020-05-20	15	0	5094114		80.28
2020-05-21	6	0	5094114		80.28
2020-05-22	8	0	5094114		80.28
2020-05-23	7	0	5094114		80.28
2020-05-24	12	0	5094114		80.28
2020-05-25	21	0	5094114		80.28
2020-05-26	5	0	5094114		80.28
2020-05-27	28	0	5094114		80.28
2020-05-28	16	0	5094114		80.28
2020-05-29	22	0	5094114		80.28
2020-05-30	25	0	5094114		80.28
2020-05-31	9	0	5094114		80.28
2020-06-01	28	0	5094114		80.28
2020-06-02	21	0	5094114		80.28
2020-06-03	52	0	5094114		80.28
2020-06-04	37	0	5094114		80.28
2020-06-05	34	0	5094114		80.28
2020-06-06	35	0	5094114		80.28
2020-06-07	55	0	5094114		80.28
2020-06-08	24	1	5094114		80.28
2020-06-09	33	0	5094114		80.28
2020-06-10	86	1	5094114		80.28
2020-06-11	77	0	5094114		80.28
2020-06-12	74	0	5094114		80.28
2020-06-13	50	0	5094114		80.28
2020-06-14	53	0	5094114		80.28
2020-06-15	29	0	5094114		80.28
2020-06-16	52	0	5094114		80.28
2020-06-17	75	0	5094114		80.28
2020-06-18	68	0	5094114		80.28
2020-06-19	119	0	5094114		80.28
2020-06-20	69	0	5094114		80.28
2020-06-21	86	0	5094114		80.28
2020-06-22	64	0	5094114		80.28
2020-06-23	91	0	5094114		80.28
2020-06-24	147	0	5094114		80.28
2020-06-25	169	0	5094114		80.28
2020-06-26	152	0	5094114		80.28
2020-06-27	143	2	5094114		80.28
2020-06-28	151	1	5094114		80.28
2020-06-29	139	0	5094114		80.28
2020-06-30	190	1	5094114		80.28
2020-07-01	294	1	5094114		80.28
2020-07-02	270	1	5094114		80.28
2020-07-03	288	0	5094114		80.28
2020-07-04	310	0	5094114		80.28
2020-07-05	375	1	5094114		80.28
2020-07-06	245	4	5094114		80.28
2020-07-07	245	0	5094114		80.28
2020-07-08	350	2	5094114		80.28
2020-07-09	649	0	5094114		80.28
2020-07-10	360	1	5094114		80.28
2020-07-11	386	2	5094114		80.28
2020-07-12	365	2	5094114		80.28
2020-07-13	440	4	5094114		80.28
2020-07-14	446	3	5094114		80.28
2020-07-15	504	3	5094114		80.28
2020-07-16	560	2	5094114		80.28
2020-07-17	423	5	5094114		80.28
2020-07-18	582	7	5094114		80.28
2020-07-19	563	8	5094114		80.28
2020-07-20	420	4	5094114		80.28
2020-07-21	277	2	5094114		80.28
2020-07-22	550	3	5094114		80.28
2020-07-23	768	9	5094114		80.28
2020-07-24	540	7	5094114		80.28
2020-07-25	931	11	5094114		80.28
2020-07-26	629	6	5094114		80.28
2020-07-27	612	11	5094114		80.28
2020-07-28	503	10	5094114		80.28
2020-07-29	456	8	5094114		80.28
2020-07-30	490	7	5094114		80.28
2020-07-31	530	10	5094114		80.28
2020-08-01	367	4	5094114		80.28
2020-08-02	788	8	5094114		80.28
2020-08-03	427	9	5094114		80.28
2020-08-04	435	10	5094114		80.28
2020-08-05	580	10	5094114		80.28
2020-08-06	653	9	5094114		80.28
2020-08-07	1011	18	5094114		80.28
2020-08-08	721	10	5094114		80.28
2020-08-09	484	7	5094114		80.28
2020-08-10	586	9	5094114		80.28
2020-08-11	636	11	5094114		80.28
2020-08-12	549	8	5094114		80.28
2020-08-13	1072	9	5094114		80.28
2020-08-14	802	9	5094114		80.28
2020-08-15	806	10	5094114		80.28
2020-08-16	728	3	5094114		80.28
2020-08-17	619	10	5094114		80.28
2020-08-18	559	10	5094114		80.28
2020-08-19	766	7	5094114		80.28
2020-08-20	666	12	5094114		80.28
2020-08-21	1059	7	5094114		80.28
2020-08-22	950	8	5094114		80.28
2020-08-23	736	7	5094114		80.28
2020-08-24	643	7	5094114		80.28
2020-08-25	842	14	5094114		80.28
2020-08-26	1002	10	5094114		80.28
2020-08-27	985	11	5094114		80.28
2020-08-28	1193	10	5094114		80.28
2020-08-29	1214	11	5094114		80.28
2020-08-30	0	0	5094114		80.28
2020-08-31	1588	18	5094114		80.28
2020-09-01	897	7	5094114		80.28
2020-09-02	1121	10	5094114		80.28
2020-09-03	1153	7	5094114		80.28
2020-09-04	1222	9	5094114		80.28
2020-09-05	1240	9	5094114		80.28
2020-09-06	0	0	5094114		80.28
2020-09-07	1860	32	5094114		80.28
2020-09-08	1117	21	5094114		80.28
2020-09-09	1327	12	5094114		80.28
2020-09-10	1325	24	5094114		80.28
2020-09-11	1420	16	5094114		80.28
2020-09-12	1485	7	5094114		80.28
2020-09-13	0	0	5094114		80.28
2020-09-14	1907	31	5094114		80.28
2020-09-15	776	12	5094114		80.28
2020-09-16	1379	16	5094114		80.28
2020-09-17	1302	17	5094114		80.28
2020-09-18	1556	20	5094114		80.28
2020-09-19	1338	20	5094114		80.28
2020-09-20	0	0	5094114		80.28
2020-09-21	1890	39	5094114		80.28
2020-09-22	1087	15	5094114		80.28
2020-09-23	1370	21	5094114		80.28
2020-09-24	1400	14	5094114		80.28
2020-09-25	1357	17	5094114		80.28
2020-09-26	1233	16	5094114		80.28
2020-09-27	0	0	5094114		80.28
2020-09-28	1665	33	5094114		80.28
2020-09-29	890	19	5094114		80.28
2020-09-30	1156	24	5094114		80.28
2020-10-01	1068	13	5094114		80.28
2020-10-02	1001	13	5094114		80.28
2020-10-03	1353	20	5094114		80.28
2020-10-04	0	0	5094114		80.28
2020-10-05	1947	37	5094114		80.28
2020-10-06	1013	17	5094114		80.28
2020-10-07	1355	20	5094114		80.28
2020-10-08	1331	16	5094114		80.28
2020-10-09	1225	15	5094114		80.28
2020-10-10	1386	21	5094114		80.28
2020-10-11	0	0	5094114		80.28
2020-10-12	1784	32	5094114		80.28
2020-10-13	1015	16	5094114		80.28
2020-10-14	1542	10	5094114		80.28
2020-10-15	1372	25	5094114		80.28
2020-10-16	1196	9	5094114		80.28
2020-10-17	1166	15	5094114		80.28
2020-10-18	0	0	5094114		80.28
2020-10-19	1561	21	5094114		80.28
2020-10-20	847	18	5094114		80.28
2020-10-21	1503	14	5094114		80.28
2020-10-22	1191	15	5094114		80.28
2020-10-23	1210	14	5094114		80.28
2020-10-24	1262	17	5094114		80.28
2020-10-25	0	0	5094114		80.28
2020-10-26	1372	30	5094114		80.28
2020-10-27	862	17	5094114		80.28
2020-10-28	1231	11	5094114		80.28
2020-10-29	1017	17	5094114		80.28
2020-10-30	1296	14	5094114		80.28
2020-10-31	1105	14	5094114		80.28
2020-11-01	0	0	5094114		80.28
2020-11-02	1286	19	5094114		80.28
2020-11-03	863	15	5094114		80.28
2020-11-04	1141	12	5094114		80.28
2020-11-05	1106	13	5094114		80.28
2020-11-06	1050	9	5094114		80.28
2020-11-07	946	11	5094114		80.28
2020-11-08	0	0	5094114		80.28
2020-11-09	1224	27	5094114		80.28
2020-11-10	979	11	5094114		80.28
2020-11-11	1202	11	5094114		80.28
2020-11-12	1171	14	5094114		80.28
2020-11-13	1184	10	5094114		80.28
2020-11-14	1100	9	5094114		80.28
2020-11-15	0	0	5094114		80.28
2020-11-16	1369	20	5094114		80.28
2020-11-17	998	12	5094114		80.28
2020-11-18	1422	10	5094114		80.28
2020-11-19	1219	11	5094114		80.28
2020-11-20	1187	9	5094114		80.28
2020-11-21	0	0	5094114		80.28
2020-11-22	0	0	5094114		80.28
2020-11-23	2877	33	5094114		80.28
2020-11-24	895	21	5094114		80.28
2020-11-25	1330	12	5094114		80.28
2020-11-26	1222	5	5094114		80.28
2020-11-27	1351	11	5094114		80.28
2020-11-28	0	0	5094114		80.28
2020-11-29	0	0	5094114		80.28
2020-11-30	2545	36	5094114		80.28
2020-12-01	534	5	5094114		80.28
2020-12-02	1168	8	5094114		80.28
2020-12-03	1165	18	5094114		80.28
2020-12-04	1180	16	5094114		80.28
2020-12-05	0	0	5094114		80.28
2020-12-06	0	0	5094114		80.28
2020-12-07	2736	52	5094114		80.28
2020-12-08	1009	21	5094114		80.28
2020-12-09	1258	18	5094114		80.28
2020-12-10	1127	18	5094114		80.28
2020-12-11	1132	13	5094114		80.28
2020-12-12	0	0	5094114		80.28
2020-12-13	0	0	5094114		80.28
2020-12-14	2222	41	5094114		80.28
2020-12-15	927	20	5094114		80.28
2020-12-16	1167	11	5094114		80.28
2020-12-17	1125	13	5094114		80.28
2020-12-18	1084	16	5094114		80.28
2020-12-19	0	0	5094114		80.28
2020-12-20	0	0	5094114		80.28
2020-12-21	2421	41	5094114		80.28
2020-12-22	911	14	5094114		80.28
2020-12-23	1138	14	5094114		80.28
2020-12-24	1048	21	5094114		80.28
2020-12-25	0	0	5094114		80.28
2020-12-26	0	0	5094114		80.28
2020-12-27	0	0	5094114		80.28
2020-12-28	2772	58	5094114		80.28
2020-12-29	1037	12	5094114		80.28
2020-12-30	1315	15	5094114		80.28
2020-12-31	1207	14	5094114		80.28
2021-01-01	0	0	5094114		80.28
2021-01-02	0	0	5094114		80.28
2021-01-03	0	0	5094114		80.28
2021-01-04	3115	44	5094114		80.28
2021-01-05	1155	19	5094114		80.28
2021-01-06	1447	19	5094114		80.28
2021-01-07	1369	19	5094114		80.28
2021-01-08	1207	19	5094114		80.28
2021-01-09	0	0	5094114		80.28
2021-01-10	0	0	5094114		80.28
2021-01-11	2447	48	5094114		80.28
2021-01-12	1032	14	5094114		80.28
2021-01-13	1063	17	5094114		80.28
2021-01-14	1086	17	5094114		80.28
2021-01-15	945	15	5094114		80.28
2021-01-16	0	0	5094114		80.28
2021-01-17	0	0	5094114		80.28
2021-01-18	1829	42	5094114		80.28
2021-01-19	861	19	5094114		80.28
2021-01-20	835	15	5094114		80.28
2021-01-21	765	14	5094114		80.28
2021-01-22	831	12	5094114		80.28
2021-01-23	0	0	5094114		80.28
2021-01-24	0	0	5094114		80.28
2021-01-25	1437	40	5094114		80.28
2021-01-26	600	9	5094114		80.28
2021-01-27	721	17	5094114		80.28
2021-01-28	571	15	5094114		80.28
2021-01-29	639	5	5094114		80.28
2021-01-30	0	0	5094114		80.28
2021-01-31	0	0	5094114		80.28
2021-02-01	1293	30	5094114		80.28
2021-02-02	440	7	5094114		80.28
2021-02-03	528	9	5094114		80.28
2021-02-04	455	12	5094114		80.28
2021-02-05	446	10	5094114		80.28
2021-02-06	0	0	5094114		80.28
2021-02-07	0	0	5094114		80.28
2021-02-08	997	20	5094114		80.28
2021-02-09	417	6	5094114		80.28
2021-02-10	486	3	5094114		80.28
2021-02-11	418	9	5094114		80.28
2021-02-12	431	4	5094114		80.28
2021-02-13	0	0	5094114		80.28
2021-02-14	0	0	5094114		80.28
2021-02-15	837	16	5094114		80.28
2021-02-16	430	7	5094114		80.28
2021-02-17	434	8	5094114		80.28
2021-02-18	353	11	5094114		80.28
2021-02-19	437	7	5094114		80.28
2021-02-20	0	0	5094114		80.28
2021-02-21	0	0	5094114		80.28
2021-02-22	996	19	5094114		80.28
2021-02-23	423	3	5094114		80.28
2021-02-24	399	8	5094114		80.28
2021-02-25	418	3	5094114		80.28
2021-02-26	427	4	5094114		80.28
2021-02-27	0	0	5094114		80.28
2021-02-28	0	0	5094114		80.28
2021-03-01	745	12	5094114		80.28
2021-03-02	428	8	5094114		80.28
2021-03-03	376	4	5094114		80.28
2021-03-04	403	5	5094114		80.28
2021-03-05	347	4	5094114		80.28
2021-03-06	0	0	5094114		80.28
2021-03-07	0	0	5094114		80.28
2021-03-08	0	0	5094114		80.28
2021-03-09	1192	15	5094114		80.28
2021-03-10	0	0	5094114		80.28
2021-03-11	0	0	5094114		80.28
2021-03-12	1261	14	5094114		80.28
2021-03-13	0	0	5094114		80.28
2021-03-14	0	0	5094114		80.28
2021-03-15	0	0	5094114		80.28
2021-03-16	1354	24	5094114		80.28
2021-03-17	0	0	5094114		80.28
2021-03-18	0	0	5094114		80.28
2021-03-19	1456	10	5094114		80.28
2021-03-20	0	0	5094114		80.28
2021-03-21	0	0	5094114		80.28
