2020-02-25	1	0	4105268		78.49
2020-02-26	2	0	4105268		78.49
2020-02-27	0	0	4105268		78.49
2020-02-28	2	0	4105268		78.49
2020-02-29	1	0	4105268		78.49
2020-03-01	1	0	4105268		78.49
2020-03-02	0	0	4105268		78.49
2020-03-03	2	0	4105268		78.49
2020-03-04	1	0	4105268		78.49
2020-03-05	0	0	4105268		78.49
2020-03-06	1	0	4105268		78.49
2020-03-07	1	0	4105268		78.49
2020-03-08	0	0	4105268		78.49
2020-03-09	0	0	4105268		78.49
2020-03-10	2	0	4105268		78.49
2020-03-11	5	0	4105268		78.49
2020-03-12	0	0	4105268		78.49
2020-03-13	13	0	4105268		78.49
2020-03-14	6	0	4105268		78.49
2020-03-15	11	0	4105268		78.49
2020-03-16	8	0	4105268		78.49
2020-03-17	8	0	4105268		78.49
2020-03-18	16	0	4105268		78.49
2020-03-19	24	1	4105268		78.49
2020-03-20	23	0	4105268		78.49
2020-03-21	78	0	4105268		78.49
2020-03-22	48	0	4105268		78.49
2020-03-23	61	0	4105268		78.49
2020-03-24	67	0	4105268		78.49
2020-03-25	60	0	4105268		78.49
2020-03-26	53	2	4105268		78.49
2020-03-27	91	0	4105268		78.49
2020-03-28	71	2	4105268		78.49
2020-03-29	56	1	4105268		78.49
2020-03-30	77	0	4105268		78.49
2020-03-31	77	0	4105268		78.49
2020-04-01	96	0	4105268		78.49
2020-04-02	48	1	4105268		78.49
2020-04-03	68	1	4105268		78.49
2020-04-04	47	4	4105268		78.49
2020-04-05	56	3	4105268		78.49
2020-04-06	40	1	4105268		78.49
2020-04-07	60	2	4105268		78.49
2020-04-08	61	1	4105268		78.49
2020-04-09	64	1	4105268		78.49
2020-04-10	88	1	4105268		78.49
2020-04-11	39	0	4105268		78.49
2020-04-12	66	2	4105268		78.49
2020-04-13	50	2	4105268		78.49
2020-04-14	54	6	4105268		78.49
2020-04-15	37	2	4105268		78.49
2020-04-16	50	2	4105268		78.49
2020-04-17	23	1	4105268		78.49
2020-04-18	18	3	4105268		78.49
2020-04-19	39	8	4105268		78.49
2020-04-20	10	0	4105268		78.49
2020-04-21	27	1	4105268		78.49
2020-04-22	42	0	4105268		78.49
2020-04-23	31	2	4105268		78.49
2020-04-24	28	1	4105268		78.49
2020-04-25	7	3	4105268		78.49
2020-04-26	14	1	4105268		78.49
2020-04-27	9	4	4105268		78.49
2020-04-28	8	4	4105268		78.49
2020-04-29	15	4	4105268		78.49
2020-04-30	14	2	4105268		78.49
2020-05-01	9	6	4105268		78.49
2020-05-02	3	2	4105268		78.49
2020-05-03	8	2	4105268		78.49
2020-05-04	5	1	4105268		78.49
2020-05-05	11	3	4105268		78.49
2020-05-06	7	2	4105268		78.49
2020-05-07	6	1	4105268		78.49
2020-05-08	36	0	4105268		78.49
2020-05-09	15	1	4105268		78.49
2020-05-10	11	3	4105268		78.49
2020-05-11	9	1	4105268		78.49
2020-05-12	11	0	4105268		78.49
2020-05-13	6	3	4105268		78.49
2020-05-14	8	0	4105268		78.49
2020-05-15	1	1	4105268		78.49
2020-05-16	2	0	4105268		78.49
2020-05-17	2	0	4105268		78.49
2020-05-18	2	0	4105268		78.49
2020-05-19	4	1	4105268		78.49
2020-05-20	2	0	4105268		78.49
2020-05-21	3	1	4105268		78.49
2020-05-22	6	2	4105268		78.49
2020-05-23	0	0	4105268		78.49
2020-05-24	1	0	4105268		78.49
2020-05-25	0	1	4105268		78.49
2020-05-26	0	1	4105268		78.49
2020-05-27	0	0	4105268		78.49
2020-05-28	1	1	4105268		78.49
2020-05-29	0	1	4105268		78.49
2020-05-30	1	0	4105268		78.49
2020-05-31	0	0	4105268		78.49
2020-06-01	0	0	4105268		78.49
2020-06-02	0	0	4105268		78.49
2020-06-03	0	0	4105268		78.49
2020-06-04	1	0	4105268		78.49
2020-06-05	0	0	4105268		78.49
2020-06-06	0	1	4105268		78.49
2020-06-07	0	0	4105268		78.49
2020-06-08	0	0	4105268		78.49
2020-06-09	0	2	4105268		78.49
2020-06-10	2	0	4105268		78.49
2020-06-11	0	0	4105268		78.49
2020-06-12	0	1	4105268		78.49
2020-06-13	2	0	4105268		78.49
2020-06-14	1	0	4105268		78.49
2020-06-15	2	0	4105268		78.49
2020-06-16	1	0	4105268		78.49
2020-06-17	3	0	4105268		78.49
2020-06-18	11	0	4105268		78.49
2020-06-19	11	0	4105268		78.49
2020-06-20	19	0	4105268		78.49
2020-06-21	18	0	4105268		78.49
2020-06-22	19	0	4105268		78.49
2020-06-23	30	0	4105268		78.49
2020-06-24	22	0	4105268		78.49
2020-06-25	95	0	4105268		78.49
2020-06-26	56	0	4105268		78.49
2020-06-27	85	0	4105268		78.49
2020-06-28	67	0	4105268		78.49
2020-06-29	34	0	4105268		78.49
2020-06-30	52	0	4105268		78.49
2020-07-01	54	1	4105268		78.49
2020-07-02	81	2	4105268		78.49
2020-07-03	96	2	4105268		78.49
2020-07-04	86	1	4105268		78.49
2020-07-05	57	0	4105268		78.49
2020-07-06	69	0	4105268		78.49
2020-07-07	52	0	4105268		78.49
2020-07-08	53	1	4105268		78.49
2020-07-09	91	1	4105268		78.49
2020-07-10	116	2	4105268		78.49
2020-07-11	140	1	4105268		78.49
2020-07-12	50	1	4105268		78.49
2020-07-13	53	0	4105268		78.49
2020-07-14	52	1	4105268		78.49
2020-07-15	126	0	4105268		78.49
2020-07-16	86	0	4105268		78.49
2020-07-17	98	0	4105268		78.49
2020-07-18	116	0	4105268		78.49
2020-07-19	92	0	4105268		78.49
2020-07-20	25	2	4105268		78.49
2020-07-21	52	1	4105268		78.49
2020-07-22	108	2	4105268		78.49
2020-07-23	104	3	4105268		78.49
2020-07-24	81	0	4105268		78.49
2020-07-25	77	5	4105268		78.49
2020-07-26	65	3	4105268		78.49
2020-07-27	24	3	4105268		78.49
2020-07-28	42	1	4105268		78.49
2020-07-29	70	1	4105268		78.49
2020-07-30	78	3	4105268		78.49
2020-07-31	68	1	4105268		78.49
2020-08-01	85	0	4105268		78.49
2020-08-02	36	4	4105268		78.49
2020-08-03	34	4	4105268		78.49
2020-08-04	24	1	4105268		78.49
2020-08-05	58	0	4105268		78.49
2020-08-06	28	1	4105268		78.49
2020-08-07	62	0	4105268		78.49
2020-08-08	77	2	4105268		78.49
2020-08-09	61	0	4105268		78.49
2020-08-10	45	1	4105268		78.49
2020-08-11	91	2	4105268		78.49
2020-08-12	130	0	4105268		78.49
2020-08-13	180	1	4105268		78.49
2020-08-14	208	2	4105268		78.49
2020-08-15	162	2	4105268		78.49
2020-08-16	151	1	4105268		78.49
2020-08-17	85	0	4105268		78.49
2020-08-18	199	0	4105268		78.49
2020-08-19	219	2	4105268		78.49
2020-08-20	255	0	4105268		78.49
2020-08-21	265	1	4105268		78.49
2020-08-22	306	1	4105268		78.49
2020-08-23	275	1	4105268		78.49
2020-08-24	136	2	4105268		78.49
2020-08-25	219	2	4105268		78.49
2020-08-26	358	0	4105268		78.49
2020-08-27	304	2	4105268		78.49
2020-08-28	357	3	4105268		78.49
2020-08-29	312	3	4105268		78.49
2020-08-30	262	1	4105268		78.49
2020-08-31	146	2	4105268		78.49
2020-09-01	145	1	4105268		78.49
2020-09-02	311	4	4105268		78.49
2020-09-03	369	3	4105268		78.49
2020-09-04	334	1	4105268		78.49
2020-09-05	311	2	4105268		78.49
2020-09-06	225	1	4105268		78.49
2020-09-07	117	3	4105268		78.49
2020-09-08	204	2	4105268		78.49
2020-09-09	341	3	4105268		78.49
2020-09-10	291	2	4105268		78.49
2020-09-11	190	3	4105268		78.49
2020-09-12	261	7	4105268		78.49
2020-09-13	165	6	4105268		78.49
2020-09-14	65	3	4105268		78.49
2020-09-15	151	3	4105268		78.49
2020-09-16	280	6	4105268		78.49
2020-09-17	250	2	4105268		78.49
2020-09-18	234	6	4105268		78.49
2020-09-19	212	0	4105268		78.49
2020-09-20	197	4	4105268		78.49
2020-09-21	70	5	4105268		78.49
2020-09-22	144	2	4105268		78.49
2020-09-23	204	2	4105268		78.49
2020-09-24	232	4	4105268		78.49
2020-09-25	223	5	4105268		78.49
2020-09-26	212	3	4105268		78.49
2020-09-27	190	3	4105268		78.49
2020-09-28	48	0	4105268		78.49
2020-09-29	135	3	4105268		78.49
2020-09-30	213	5	4105268		78.49
2020-10-01	234	4	4105268		78.49
2020-10-02	333	7	4105268		78.49
2020-10-03	241	2	4105268		78.49
2020-10-04	258	5	4105268		78.49
2020-10-05	138	2	4105268		78.49
2020-10-06	287	4	4105268		78.49
2020-10-07	363	5	4105268		78.49
2020-10-08	542	1	4105268		78.49
2020-10-09	457	3	4105268		78.49
2020-10-10	486	4	4105268		78.49
2020-10-11	508	7	4105268		78.49
2020-10-12	181	3	4105268		78.49
2020-10-13	372	3	4105268		78.49
2020-10-14	748	4	4105268		78.49
2020-10-15	793	10	4105268		78.49
2020-10-16	1131	1	4105268		78.49
2020-10-17	1096	10	4105268		78.49
2020-10-18	819	8	4105268		78.49
2020-10-19	393	11	4105268		78.49
2020-10-20	890	8	4105268		78.49
2020-10-21	1424	11	4105268		78.49
2020-10-22	1563	13	4105268		78.49
2020-10-23	1867	7	4105268		78.49
2020-10-24	2242	16	4105268		78.49
2020-10-25	2421	8	4105268		78.49
2020-10-26	828	15	4105268		78.49
2020-10-27	1413	18	4105268		78.49
2020-10-28	2378	23	4105268		78.49
2020-10-29	2776	18	4105268		78.49
2020-10-30	2772	20	4105268		78.49
2020-10-31	2769	15	4105268		78.49
2020-11-01	2179	16	4105268		78.49
2020-11-02	1165	32	4105268		78.49
2020-11-03	1427	34	4105268		78.49
2020-11-04	2480	26	4105268		78.49
2020-11-05	2848	29	4105268		78.49
2020-11-06	2890	34	4105268		78.49
2020-11-07	2399	35	4105268		78.49
2020-11-08	2543	42	4105268		78.49
2020-11-09	1529	38	4105268		78.49
2020-11-10	1467	33	4105268		78.49
2020-11-11	2597	28	4105268		78.49
2020-11-12	3082	32	4105268		78.49
2020-11-13	3056	43	4105268		78.49
2020-11-14	2866	38	4105268		78.49
2020-11-15	2362	43	4105268		78.49
2020-11-16	1313	33	4105268		78.49
2020-11-17	1945	31	4105268		78.49
2020-11-18	3251	38	4105268		78.49
2020-11-19	3164	49	4105268		78.49
2020-11-20	2958	57	4105268		78.49
2020-11-21	3573	47	4105268		78.49
2020-11-22	3308	49	4105268		78.49
2020-11-23	1973	45	4105268		78.49
2020-11-24	2323	47	4105268		78.49
2020-11-25	3603	56	4105268		78.49
2020-11-26	4009	51	4105268		78.49
2020-11-27	4080	48	4105268		78.49
2020-11-28	3987	55	4105268		78.49
2020-11-29	2919	57	4105268		78.49
2020-11-30	1830	74	4105268		78.49
2020-12-01	2900	75	4105268		78.49
2020-12-02	3539	55	4105268		78.49
2020-12-03	4534	48	4105268		78.49
2020-12-04	3955	68	4105268		78.49
2020-12-05	4084	70	4105268		78.49
2020-12-06	2899	72	4105268		78.49
2020-12-07	1886	59	4105268		78.49
2020-12-08	2613	65	4105268		78.49
2020-12-09	4520	69	4105268		78.49
2020-12-10	4620	53	4105268		78.49
2020-12-11	4396	64	4105268		78.49
2020-12-12	4135	78	4105268		78.49
2020-12-13	3363	78	4105268		78.49
2020-12-14	1472	65	4105268		78.49
2020-12-15	2360	73	4105268		78.49
2020-12-16	3327	92	4105268		78.49
2020-12-17	3918	85	4105268		78.49
2020-12-18	3272	68	4105268		78.49
2020-12-19	2752	78	4105268		78.49
2020-12-20	1975	76	4105268		78.49
2020-12-21	766	80	4105268		78.49
2020-12-22	1595	71	4105268		78.49
2020-12-23	2763	66	4105268		78.49
2020-12-24	2233	70	4105268		78.49
2020-12-25	1643	84	4105268		78.49
2020-12-26	350	65	4105268		78.49
2020-12-27	618	58	4105268		78.49
2020-12-28	316	68	4105268		78.49
2020-12-29	1350	56	4105268		78.49
2020-12-30	1850	65	4105268		78.49
2020-12-31	2391	60	4105268		78.49
2021-01-01	1170	41	4105268		78.49
2021-01-02	255	55	4105268		78.49
2021-01-03	696	56	4105268		78.49
2021-01-04	361	54	4105268		78.49
2021-01-05	1071	53	4105268		78.49
2021-01-06	1896	44	4105268		78.49
2021-01-07	562	43	4105268		78.49
2021-01-08	1098	38	4105268		78.49
2021-01-09	1401	38	4105268		78.49
2021-01-10	646	26	4105268		78.49
2021-01-11	230	35	4105268		78.49
2021-01-12	759	43	4105268		78.49
2021-01-13	1135	26	4105268		78.49
2021-01-14	980	45	4105268		78.49
2021-01-15	715	33	4105268		78.49
2021-01-16	763	38	4105268		78.49
2021-01-17	379	28	4105268		78.49
2021-01-18	174	39	4105268		78.49
2021-01-19	520	29	4105268		78.49
2021-01-20	902	27	4105268		78.49
2021-01-21	776	27	4105268		78.49
2021-01-22	643	32	4105268		78.49
2021-01-23	599	29	4105268		78.49
2021-01-24	352	28	4105268		78.49
2021-01-25	134	32	4105268		78.49
2021-01-26	448	23	4105268		78.49
2021-01-27	857	31	4105268		78.49
2021-01-28	619	30	4105268		78.49
2021-01-29	561	29	4105268		78.49
2021-01-30	551	26	4105268		78.49
2021-01-31	336	29	4105268		78.49
2021-02-01	94	27	4105268		78.49
2021-02-02	387	17	4105268		78.49
2021-02-03	730	17	4105268		78.49
2021-02-04	516	18	4105268		78.49
2021-02-05	549	16	4105268		78.49
2021-02-06	424	22	4105268		78.49
2021-02-07	276	25	4105268		78.49
2021-02-08	71	29	4105268		78.49
2021-02-09	283	26	4105268		78.49
2021-02-10	577	14	4105268		78.49
2021-02-11	376	25	4105268		78.49
2021-02-12	371	19	4105268		78.49
2021-02-13	379	17	4105268		78.49
2021-02-14	198	19	4105268		78.49
2021-02-15	68	21	4105268		78.49
2021-02-16	274	18	4105268		78.49
2021-02-17	502	18	4105268		78.49
2021-02-18	365	24	4105268		78.49
2021-02-19	388	8	4105268		78.49
2021-02-20	431	13	4105268		78.49
2021-02-21	260	9	4105268		78.49
2021-02-22	72	20	4105268		78.49
2021-02-23	343	13	4105268		78.49
2021-02-24	688	15	4105268		78.49
2021-02-25	544	12	4105268		78.49
2021-02-26	505	14	4105268		78.49
2021-02-27	520	8	4105268		78.49
2021-02-28	356	15	4105268		78.49
2021-03-01	91	11	4105268		78.49
2021-03-02	394	11	4105268		78.49
2021-03-03	747	7	4105268		78.49
2021-03-04	667	9	4105268		78.49
2021-03-05	590	6	4105268		78.49
2021-03-06	658	15	4105268		78.49
2021-03-07	394	5	4105268		78.49
2021-03-08	94	19	4105268		78.49
2021-03-09	491	12	4105268		78.49
2021-03-10	962	4	4105268		78.49
2021-03-11	777	10	4105268		78.49
2021-03-12	823	12	4105268		78.49
2021-03-13	823	23	4105268		78.49
2021-03-14	561	7	4105268		78.49
2021-03-15	129	8	4105268		78.49
2021-03-16	691	12	4105268		78.49
2021-03-17	1445	12	4105268		78.49
2021-03-18	1197	17	4105268		78.49
2021-03-19	1112	17	4105268		78.49
2021-03-20	1186	10	4105268		78.49
2021-03-21	834	20	4105268		78.49
