2020-03-12	3	0	11326616	78.8
2020-03-13	1	0	11326616	78.8
2020-03-14	0	0	11326616	78.8
2020-03-15	0	0	11326616	78.8
2020-03-16	0	0	11326616	78.8
2020-03-17	1	0	11326616	78.8
2020-03-18	2	1	11326616	78.8
2020-03-19	4	0	11326616	78.8
2020-03-20	5	0	11326616	78.8
2020-03-21	5	0	11326616	78.8
2020-03-22	14	0	11326616	78.8
2020-03-23	5	0	11326616	78.8
2020-03-24	8	0	11326616	78.8
2020-03-25	9	0	11326616	78.8
2020-03-26	10	1	11326616	78.8
2020-03-27	13	0	11326616	78.8
2020-03-28	39	1	11326616	78.8
2020-03-29	20	0	11326616	78.8
2020-03-30	31	1	11326616	78.8
2020-03-31	16	2	11326616	78.8
2020-04-01	26	0	11326616	78.8
2020-04-02	21	0	11326616	78.8
2020-04-03	36	0	11326616	78.8
2020-04-04	19	0	11326616	78.8
2020-04-05	32	2	11326616	78.8
2020-04-06	30	1	11326616	78.8
2020-04-07	46	2	11326616	78.8
2020-04-08	61	1	11326616	78.8
2020-04-09	58	3	11326616	78.8
2020-04-10	49	0	11326616	78.8
2020-04-11	56	1	11326616	78.8
2020-04-12	49	2	11326616	78.8
2020-04-13	57	3	11326616	78.8
2020-04-14	40	0	11326616	78.8
2020-04-15	48	3	11326616	78.8
2020-04-16	48	3	11326616	78.8
2020-04-17	61	4	11326616	78.8
2020-04-18	63	1	11326616	78.8
2020-04-19	49	2	11326616	78.8
2020-04-20	52	2	11326616	78.8
2020-04-21	50	2	11326616	78.8
2020-04-22	52	2	11326616	78.8
2020-04-23	46	3	11326616	78.8
2020-04-24	50	6	11326616	78.8
2020-04-25	52	2	11326616	78.8
2020-04-26	32	3	11326616	78.8
2020-04-27	20	2	11326616	78.8
2020-04-28	48	2	11326616	78.8
2020-04-29	30	0	11326616	78.8
2020-04-30	34	3	11326616	78.8
2020-05-01	36	3	11326616	78.8
2020-05-02	74	2	11326616	78.8
2020-05-03	38	1	11326616	78.8
2020-05-04	19	2	11326616	78.8
2020-05-05	17	0	11326616	78.8
2020-05-06	18	0	11326616	78.8
2020-05-07	26	4	11326616	78.8
2020-05-08	12	1	11326616	78.8
2020-05-09	13	0	11326616	78.8
2020-05-10	12	3	11326616	78.8
2020-05-11	17	0	11326616	78.8
2020-05-12	21	1	11326616	78.8
2020-05-13	6	1	11326616	78.8
2020-05-14	20	0	11326616	78.8
2020-05-15	10	0	11326616	78.8
2020-05-16	22	0	11326616	78.8
2020-05-17	10	0	11326616	78.8
2020-05-18	9	0	11326616	78.8
2020-05-19	6	0	11326616	78.8
2020-05-20	13	0	11326616	78.8
2020-05-21	8	1	11326616	78.8
2020-05-22	8	1	11326616	78.8
2020-05-23	15	0	11326616	78.8
2020-05-24	10	1	11326616	78.8
2020-05-25	6	0	11326616	78.8
2020-05-26	16	0	11326616	78.8
2020-05-27	11	0	11326616	78.8
2020-05-28	9	0	11326616	78.8
2020-05-29	22	0	11326616	78.8
2020-05-30	20	1	11326616	78.8
2020-05-31	20	0	11326616	78.8
2020-06-01	38	0	11326616	78.8
2020-06-02	9	0	11326616	78.8
2020-06-03	15	0	11326616	78.8
2020-06-04	12	0	11326616	78.8
2020-06-05	14	0	11326616	78.8
2020-06-06	40	0	11326616	78.8
2020-06-07	18	0	11326616	78.8
2020-06-08	9	0	11326616	78.8
2020-06-09	5	0	11326616	78.8
2020-06-10	6	0	11326616	78.8
2020-06-11	8	1	11326616	78.8
2020-06-12	14	0	11326616	78.8
2020-06-13	5	0	11326616	78.8
2020-06-14	10	0	11326616	78.8
2020-06-15	14	0	11326616	78.8
2020-06-16	11	0	11326616	78.8
2020-06-17	7	0	11326616	78.8
2020-06-18	15	1	11326616	78.8
2020-06-19	10	0	11326616	78.8
2020-06-20	4	0	11326616	78.8
2020-06-21	3	0	11326616	78.8
2020-06-22	3	0	11326616	78.8
2020-06-23	3	0	11326616	78.8
2020-06-24	1	0	11326616	78.8
2020-06-25	2	0	11326616	78.8
2020-06-26	4	0	11326616	78.8
2020-06-27	5	1	11326616	78.8
2020-06-28	2	0	11326616	78.8
2020-06-29	8	0	11326616	78.8
2020-06-30	1	0	11326616	78.8
2020-07-01	7	0	11326616	78.8
2020-07-02	5	0	11326616	78.8
2020-07-03	8	0	11326616	78.8
2020-07-04	8	0	11326616	78.8
2020-07-05	3	0	11326616	78.8
2020-07-06	8	0	11326616	78.8
2020-07-07	15	0	11326616	78.8
2020-07-08	4	0	11326616	78.8
2020-07-09	4	0	11326616	78.8
2020-07-10	10	0	11326616	78.8
2020-07-11	7	1	11326616	78.8
2020-07-12	6	0	11326616	78.8
2020-07-13	2	0	11326616	78.8
2020-07-14	4	0	11326616	78.8
2020-07-15	6	0	11326616	78.8
2020-07-16	2	0	11326616	78.8
2020-07-17	4	0	11326616	78.8
2020-07-18	1	0	11326616	78.8
2020-07-19	1	0	11326616	78.8
2020-07-20	0	0	11326616	78.8
2020-07-21	3	0	11326616	78.8
2020-07-22	13	0	11326616	78.8
2020-07-23	4	0	11326616	78.8
2020-07-24	3	0	11326616	78.8
2020-07-25	9	0	11326616	78.8
2020-07-26	17	0	11326616	78.8
2020-07-27	37	0	11326616	78.8
2020-07-28	23	0	11326616	78.8
2020-07-29	33	0	11326616	78.8
2020-07-30	9	0	11326616	78.8
2020-07-31	11	0	11326616	78.8
2020-08-01	25	0	11326616	78.8
2020-08-02	13	0	11326616	78.8
2020-08-03	24	0	11326616	78.8
2020-08-04	31	1	11326616	78.8
2020-08-05	25	0	11326616	78.8
2020-08-06	49	0	11326616	78.8
2020-08-07	54	0	11326616	78.8
2020-08-08	59	0	11326616	78.8
2020-08-09	65	0	11326616	78.8
2020-08-10	93	0	11326616	78.8
2020-08-11	47	0	11326616	78.8
2020-08-12	35	0	11326616	78.8
2020-08-13	46	1	11326616	78.8
2020-08-14	55	-1	11326616	78.8
2020-08-15	63	0	11326616	78.8
2020-08-16	24	0	11326616	78.8
2020-08-17	48	0	11326616	78.8
2020-08-18	44	0	11326616	78.8
2020-08-19	74	0	11326616	78.8
2020-08-20	83	0	11326616	78.8
2020-08-21	17	1	11326616	78.8
2020-08-22	35	0	11326616	78.8
2020-08-23	65	2	11326616	78.8
2020-08-24	35	0	11326616	78.8
2020-08-25	27	0	11326616	78.8
2020-08-26	15	1	11326616	78.8
2020-08-27	47	0	11326616	78.8
2020-08-28	60	0	11326616	78.8
2020-08-29	59	2	11326616	78.8
2020-08-30	48	0	11326616	78.8
2020-08-31	59	0	11326616	78.8
2020-09-01	33	1	11326616	78.8
2020-09-02	61	3	11326616	78.8
2020-09-03	88	2	11326616	78.8
2020-09-04	52	0	11326616	78.8
2020-09-05	32	0	11326616	78.8
2020-09-06	11	1	11326616	78.8
2020-09-07	43	1	11326616	78.8
2020-09-08	25	2	11326616	78.8
2020-09-09	82	0	11326616	78.8
2020-09-10	92	2	11326616	78.8
2020-09-11	42	0	11326616	78.8
2020-09-12	60	2	11326616	78.8
2020-09-13	31	0	11326616	78.8
2020-09-14	42	0	11326616	78.8
2020-09-15	77	0	11326616	78.8
2020-09-16	73	1	11326616	78.8
2020-09-17	57	0	11326616	78.8
2020-09-18	71	2	11326616	78.8
2020-09-19	51	2	11326616	78.8
2020-09-20	36	2	11326616	78.8
2020-09-21	50	1	11326616	78.8
2020-09-22	81	1	11326616	78.8
2020-09-23	48	1	11326616	78.8
2020-09-24	40	0	11326616	78.8
2020-09-25	40	0	11326616	78.8
2020-09-26	62	2	11326616	78.8
2020-09-27	45	2	11326616	78.8
2020-09-28	26	0	11326616	78.8
2020-09-29	48	0	11326616	78.8
2020-09-30	66	0	11326616	78.8
2020-10-01	73	0	11326616	78.8
2020-10-02	48	0	11326616	78.8
2020-10-03	62	0	11326616	78.8
2020-10-04	29	0	11326616	78.8
2020-10-05	36	1	11326616	78.8
2020-10-06	38	0	11326616	78.8
2020-10-07	15	0	11326616	78.8
2020-10-08	19	0	11326616	78.8
2020-10-09	26	0	11326616	78.8
2020-10-10	5	0	11326616	78.8
2020-10-11	30	0	11326616	78.8
2020-10-12	22	0	11326616	78.8
2020-10-13	17	0	11326616	78.8
2020-10-14	18	0	11326616	78.8
2020-10-15	27	0	11326616	78.8
2020-10-16	56	1	11326616	78.8
2020-10-17	52	1	11326616	78.8
2020-10-18	50	0	11326616	78.8
2020-10-19	38	2	11326616	78.8
2020-10-20	47	0	11326616	78.8
2020-10-21	63	0	11326616	78.8
2020-10-22	53	1	11326616	78.8
2020-10-23	58	0	11326616	78.8
2020-10-24	55	0	11326616	78.8
2020-10-25	32	0	11326616	78.8
2020-10-26	29	0	11326616	78.8
2020-10-27	83	0	11326616	78.8
2020-10-28	49	0	11326616	78.8
2020-10-29	39	0	11326616	78.8
2020-10-30	35	0	11326616	78.8
2020-10-31	86	0	11326616	78.8
2020-11-01	48	0	11326616	78.8
2020-11-02	35	1	11326616	78.8
2020-11-03	65	0	11326616	78.8
2020-11-04	109	0	11326616	78.8
2020-11-05	40	0	11326616	78.8
2020-11-06	44	1	11326616	78.8
2020-11-07	39	0	11326616	78.8
2020-11-08	30	0	11326616	78.8
2020-11-09	52	0	11326616	78.8
2020-11-10	43	0	11326616	78.8
2020-11-11	37	0	11326616	78.8
2020-11-12	58	1	11326616	78.8
2020-11-13	54	0	11326616	78.8
2020-11-14	27	0	11326616	78.8
2020-11-15	22	0	11326616	78.8
2020-11-16	49	0	11326616	78.8
2020-11-17	28	0	11326616	78.8
2020-11-18	37	0	11326616	78.8
2020-11-19	21	0	11326616	78.8
2020-11-20	38	0	11326616	78.8
2020-11-21	35	1	11326616	78.8
2020-11-22	48	0	11326616	78.8
2020-11-23	33	0	11326616	78.8
2020-11-24	71	1	11326616	78.8
2020-11-25	76	0	11326616	78.8
2020-11-26	49	0	11326616	78.8
2020-11-27	35	0	11326616	78.8
2020-11-28	63	0	11326616	78.8
2020-11-29	60	1	11326616	78.8
2020-11-30	51	1	11326616	78.8
2020-12-01	97	1	11326616	78.8
2020-12-02	75	0	11326616	78.8
2020-12-03	75	0	11326616	78.8
2020-12-04	79	0	11326616	78.8
2020-12-05	104	0	11326616	78.8
2020-12-06	68	0	11326616	78.8
2020-12-07	124	0	11326616	78.8
2020-12-08	76	0	11326616	78.8
2020-12-09	124	0	11326616	78.8
2020-12-10	75	0	11326616	78.8
2020-12-11	86	0	11326616	78.8
2020-12-12	87	1	11326616	78.8
2020-12-13	69	0	11326616	78.8
2020-12-14	69	0	11326616	78.8
2020-12-15	96	0	11326616	78.8
2020-12-16	83	0	11326616	78.8
2020-12-17	100	0	11326616	78.8
2020-12-18	122	0	11326616	78.8
2020-12-19	131	0	11326616	78.8
2020-12-20	103	0	11326616	78.8
2020-12-21	115	0	11326616	78.8
2020-12-22	142	2	11326616	78.8
2020-12-23	116	0	11326616	78.8
2020-12-24	217	0	11326616	78.8
2020-12-25	183	1	11326616	78.8
2020-12-26	138	1	11326616	78.8
2020-12-27	167	1	11326616	78.8
2020-12-28	229	1	11326616	78.8
2020-12-29	167	0	11326616	78.8
2020-12-30	86	2	11326616	78.8
2020-12-31	176	1	11326616	78.8
2021-01-01	193	0	11326616	78.8
2021-01-02	169	0	11326616	78.8
2021-01-03	199	1	11326616	78.8
2021-01-04	316	0	11326616	78.8
2021-01-05	224	0	11326616	78.8
2021-01-06	201	1	11326616	78.8
2021-01-07	314	0	11326616	78.8
2021-01-08	344	0	11326616	78.8
2021-01-09	365	0	11326616	78.8
2021-01-10	388	3	11326616	78.8
2021-01-11	431	2	11326616	78.8
2021-01-12	487	2	11326616	78.8
2021-01-13	550	3	11326616	78.8
2021-01-14	505	2	11326616	78.8
2021-01-15	547	2	11326616	78.8
2021-01-16	405	4	11326616	78.8
2021-01-17	650	4	11326616	78.8
2021-01-18	292	3	11326616	78.8
2021-01-19	330	2	11326616	78.8
2021-01-20	349	5	11326616	78.8
2021-01-21	408	4	11326616	78.8
2021-01-22	530	4	11326616	78.8
2021-01-23	567	3	11326616	78.8
2021-01-24	634	3	11326616	78.8
2021-01-25	567	3	11326616	78.8
2021-01-26	786	3	11326616	78.8
2021-01-27	825	4	11326616	78.8
2021-01-28	666	4	11326616	78.8
2021-01-29	659	2	11326616	78.8
2021-01-30	910	3	11326616	78.8
2021-01-31	1012	1	11326616	78.8
2021-02-01	906	2	11326616	78.8
2021-02-02	1044	2	11326616	78.8
2021-02-03	893	2	11326616	78.8
2021-02-04	816	5	11326616	78.8
2021-02-05	845	4	11326616	78.8
2021-02-06	821	4	11326616	78.8
2021-02-07	820	5	11326616	78.8
2021-02-08	653	2	11326616	78.8
2021-02-09	580	4	11326616	78.8
2021-02-10	858	5	11326616	78.8
2021-02-11	850	4	11326616	78.8
2021-02-12	823	4	11326616	78.8
2021-02-13	888	4	11326616	78.8
2021-02-14	806	5	11326616	78.8
2021-02-15	715	3	11326616	78.8
2021-02-16	937	5	11326616	78.8
2021-02-17	824	3	11326616	78.8
2021-02-18	923	5	11326616	78.8
2021-02-19	859	5	11326616	78.8
2021-02-20	937	4	11326616	78.8
2021-02-21	1039	5	11326616	78.8
2021-02-22	838	4	11326616	78.8
2021-02-23	836	4	11326616	78.8
2021-02-24	699	4	11326616	78.8
2021-02-25	670	4	11326616	78.8
2021-02-26	875	2	11326616	78.8
2021-02-27	720	4	11326616	78.8
2021-02-28	618	4	11326616	78.8
2021-03-01	811	2	11326616	78.8
2021-03-02	997	4	11326616	78.8
2021-03-03	914	5	11326616	78.8
2021-03-04	807	3	11326616	78.8
2021-03-05	777	5	11326616	78.8
2021-03-06	750	3	11326616	78.8
2021-03-07	858	4	11326616	78.8
2021-03-08	873	2	11326616	78.8
2021-03-09	1041	2	11326616	78.8
2021-03-10	772	5	11326616	78.8
2021-03-11	778	4	11326616	78.8
2021-03-12	762	4	11326616	78.8
2021-03-13	639	1	11326616	78.8
2021-03-14	914	4	11326616	78.8
2021-03-15	734	3	11326616	78.8
2021-03-16	792	3	11326616	78.8
2021-03-17	727	4	11326616	78.8
2021-03-18	689	4	11326616	78.8
2021-03-19	735	3	11326616	78.8
2021-03-20	813	5	11326616	78.8
2021-03-21	796	2	11326616	78.8
