2020-03-01	3	0	10708982	79.38
2020-03-02	0	0	10708982	79.38
2020-03-03	2	0	10708982	79.38
2020-03-04	3	0	10708982	79.38
2020-03-05	4	0	10708982	79.38
2020-03-06	6	0	10708982	79.38
2020-03-07	1	0	10708982	79.38
2020-03-08	12	0	10708982	79.38
2020-03-09	0	0	10708982	79.38
2020-03-10	10	0	10708982	79.38
2020-03-11	50	0	10708982	79.38
2020-03-12	3	0	10708982	79.38
2020-03-13	47	0	10708982	79.38
2020-03-14	48	0	10708982	79.38
2020-03-15	64	0	10708982	79.38
2020-03-16	45	0	10708982	79.38
2020-03-17	98	0	10708982	79.38
2020-03-18	68	0	10708982	79.38
2020-03-19	230	0	10708982	79.38
2020-03-20	139	0	10708982	79.38
2020-03-21	162	0	10708982	79.38
2020-03-22	125	1	10708982	79.38
2020-03-23	116	0	10708982	79.38
2020-03-24	158	2	10708982	79.38
2020-03-25	260	3	10708982	79.38
2020-03-26	271	3	10708982	79.38
2020-03-27	354	0	10708982	79.38
2020-03-28	352	2	10708982	79.38
2020-03-29	186	5	10708982	79.38
2020-03-30	184	7	10708982	79.38
2020-03-31	307	8	10708982	79.38
2020-04-01	200	8	10708982	79.38
2020-04-02	350	5	10708982	79.38
2020-04-03	233	9	10708982	79.38
2020-04-04	381	6	10708982	79.38
2020-04-05	115	8	10708982	79.38
2020-04-06	235	11	10708982	79.38
2020-04-07	195	10	10708982	79.38
2020-04-08	295	11	10708982	79.38
2020-04-09	257	13	10708982	79.38
2020-04-10	163	7	10708982	79.38
2020-04-11	99	10	10708982	79.38
2020-04-12	160	9	10708982	79.38
2020-04-13	68	5	10708982	79.38
2020-04-14	52	18	10708982	79.38
2020-04-15	105	5	10708982	79.38
2020-04-16	217	3	10708982	79.38
2020-04-17	116	4	10708982	79.38
2020-04-18	57	8	10708982	79.38
2020-04-19	140	5	10708982	79.38
2020-04-20	154	8	10708982	79.38
2020-04-21	133	7	10708982	79.38
2020-04-22	99	7	10708982	79.38
2020-04-23	55	2	10708982	79.38
2020-04-24	86	4	10708982	79.38
2020-04-25	79	4	10708982	79.38
2020-04-26	52	2	10708982	79.38
2020-04-27	41	3	10708982	79.38
2020-04-28	59	4	10708982	79.38
2020-04-29	75	0	10708982	79.38
2020-04-30	103	9	10708982	79.38
2020-05-01	55	4	10708982	79.38
2020-05-02	18	5	10708982	79.38
2020-05-03	26	3	10708982	79.38
2020-05-04	38	4	10708982	79.38
2020-05-05	77	5	10708982	79.38
2020-05-06	78	5	10708982	79.38
2020-05-07	57	8	10708982	79.38
2020-05-08	46	3	10708982	79.38
2020-05-09	18	3	10708982	79.38
2020-05-10	28	4	10708982	79.38
2020-05-11	53	2	10708982	79.38
2020-05-12	45	1	10708982	79.38
2020-05-13	48	7	10708982	79.38
2020-05-14	82	3	10708982	79.38
2020-05-15	55	2	10708982	79.38
2020-05-16	49	1	10708982	79.38
2020-05-17	20	2	10708982	79.38
2020-05-18	111	-1	10708982	79.38
2020-05-19	61	5	10708982	79.38
2020-05-20	74	2	10708982	79.38
2020-05-21	33	2	10708982	79.38
2020-05-22	59	6	10708982	79.38
2020-05-23	77	2	10708982	79.38
2020-05-24	65	1	10708982	79.38
2020-05-25	47	2	10708982	79.38
2020-05-26	48	0	10708982	79.38
2020-05-27	36	0	10708982	79.38
2020-05-28	54	2	10708982	79.38
2020-05-29	56	0	10708982	79.38
2020-05-30	34	0	10708982	79.38
2020-05-31	38	1	10708982	79.38
2020-06-01	34	1	10708982	79.38
2020-06-02	62	2	10708982	79.38
2020-06-03	74	2	10708982	79.38
2020-06-04	56	1	10708982	79.38
2020-06-05	35	1	10708982	79.38
2020-06-06	38	0	10708982	79.38
2020-06-07	61	0	10708982	79.38
2020-06-08	69	1	10708982	79.38
2020-06-09	54	0	10708982	79.38
2020-06-10	73	2	10708982	79.38
2020-06-11	31	-2	10708982	79.38
2020-06-12	83	1	10708982	79.38
2020-06-13	53	-1	10708982	79.38
2020-06-14	33	1	10708982	79.38
2020-06-15	40	1	10708982	79.38
2020-06-16	47	1	10708982	79.38
2020-06-17	51	2	10708982	79.38
2020-06-18	118	1	10708982	79.38
2020-06-19	126	1	10708982	79.38
2020-06-20	42	1	10708982	79.38
2020-06-21	50	0	10708982	79.38
2020-06-22	25	0	10708982	79.38
2020-06-23	127	3	10708982	79.38
2020-06-24	127	4	10708982	79.38
2020-06-25	93	2	10708982	79.38
2020-06-26	168	4	10708982	79.38
2020-06-27	260	0	10708982	79.38
2020-06-28	305	-1	10708982	79.38
2020-06-29	202	0	10708982	79.38
2020-06-30	149	1	10708982	79.38
2020-07-01	92	0	10708982	79.38
2020-07-02	132	4	10708982	79.38
2020-07-03	141	0	10708982	79.38
2020-07-04	121	-2	10708982	79.38
2020-07-05	75	-3	10708982	79.38
2020-07-06	51	2	10708982	79.38
2020-07-07	119	1	10708982	79.38
2020-07-08	129	0	10708982	79.38
2020-07-09	105	1	10708982	79.38
2020-07-10	82	0	10708982	79.38
2020-07-11	114	0	10708982	79.38
2020-07-12	59	0	10708982	79.38
2020-07-13	64	1	10708982	79.38
2020-07-14	103	2	10708982	79.38
2020-07-15	134	0	10708982	79.38
2020-07-16	137	0	10708982	79.38
2020-07-17	130	3	10708982	79.38
2020-07-18	113	0	10708982	79.38
2020-07-19	90	1	10708982	79.38
2020-07-20	153	0	10708982	79.38
2020-07-21	226	1	10708982	79.38
2020-07-22	246	4	10708982	79.38
2020-07-23	230	1	10708982	79.38
2020-07-24	281	4	10708982	79.38
2020-07-25	131	0	10708982	79.38
2020-07-26	112	2	10708982	79.38
2020-07-27	192	2	10708982	79.38
2020-07-28	283	1	10708982	79.38
2020-07-29	294	0	10708982	79.38
2020-07-30	278	5	10708982	79.38
2020-07-31	203	3	10708982	79.38
2020-08-01	125	1	10708982	79.38
2020-08-02	101	1	10708982	79.38
2020-08-03	208	2	10708982	79.38
2020-08-04	278	-3	10708982	79.38
2020-08-05	243	5	10708982	79.38
2020-08-06	202	2	10708982	79.38
2020-08-07	329	-1	10708982	79.38
2020-08-08	175	0	10708982	79.38
2020-08-09	118	1	10708982	79.38
2020-08-10	141	0	10708982	79.38
2020-08-11	289	1	10708982	79.38
2020-08-12	292	0	10708982	79.38
2020-08-13	326	0	10708982	79.38
2020-08-14	292	3	10708982	79.38
2020-08-15	198	1	10708982	79.38
2020-08-16	121	2	10708982	79.38
2020-08-17	190	2	10708982	79.38
2020-08-18	281	2	10708982	79.38
2020-08-19	315	3	10708982	79.38
2020-08-20	247	2	10708982	79.38
2020-08-21	506	5	10708982	79.38
2020-08-22	239	0	10708982	79.38
2020-08-23	133	1	10708982	79.38
2020-08-24	258	3	10708982	79.38
2020-08-25	367	1	10708982	79.38
2020-08-26	403	2	10708982	79.38
2020-08-27	218	0	10708982	79.38
2020-08-28	608	1	10708982	79.38
2020-08-29	317	2	10708982	79.38
2020-08-30	273	2	10708982	79.38
2020-08-31	251	1	10708982	79.38
2020-09-01	499	1	10708982	79.38
2020-09-02	656	0	10708982	79.38
2020-09-03	679	1	10708982	79.38
2020-09-04	797	3	10708982	79.38
2020-09-05	503	2	10708982	79.38
2020-09-06	404	5	10708982	79.38
2020-09-07	560	1	10708982	79.38
2020-09-08	1161	4	10708982	79.38
2020-09-09	1159	3	10708982	79.38
2020-09-10	1377	4	10708982	79.38
2020-09-11	1447	2	10708982	79.38
2020-09-12	1541	3	10708982	79.38
2020-09-13	787	3	10708982	79.38
2020-09-14	1034	9	10708982	79.38
2020-09-15	1674	11	10708982	79.38
2020-09-16	2136	6	10708982	79.38
2020-09-17	3123	7	10708982	79.38
2020-09-18	2107	6	10708982	79.38
2020-09-19	2044	4	10708982	79.38
2020-09-20	984	4	10708982	79.38
2020-09-21	1474	19	10708982	79.38
2020-09-22	2394	9	10708982	79.38
2020-09-23	2306	24	10708982	79.38
2020-09-24	2910	12	10708982	79.38
2020-09-25	2944	14	10708982	79.38
2020-09-26	1976	10	10708982	79.38
2020-09-27	1303	15	10708982	79.38
2020-09-28	1286	12	10708982	79.38
2020-09-29	1960	18	10708982	79.38
2020-09-30	2920	19	10708982	79.38
2020-10-01	3492	23	10708982	79.38
2020-10-02	3796	21	10708982	79.38
2020-10-03	2554	12	10708982	79.38
2020-10-04	1841	16	10708982	79.38
2020-10-05	3120	31	10708982	79.38
2020-10-06	4456	36	10708982	79.38
2020-10-07	5338	35	10708982	79.38
2020-10-08	5397	40	10708982	79.38
2020-10-09	8617	36	10708982	79.38
2020-10-10	4631	43	10708982	79.38
2020-10-11	3105	39	10708982	79.38
2020-10-12	4311	64	10708982	79.38
2020-10-13	8326	55	10708982	79.38
2020-10-14	9543	66	10708982	79.38
2020-10-15	9720	58	10708982	79.38
2020-10-16	11102	53	10708982	79.38
2020-10-17	8715	69	10708982	79.38
2020-10-18	5058	70	10708982	79.38
2020-10-19	8077	91	10708982	79.38
2020-10-20	11984	106	10708982	79.38
2020-10-21	14969	120	10708982	79.38
2020-10-22	14150	106	10708982	79.38
2020-10-23	15258	126	10708982	79.38
2020-10-24	12474	106	10708982	79.38
2020-10-25	7300	124	10708982	79.38
2020-10-26	10273	164	10708982	79.38
2020-10-27	15663	182	10708982	79.38
2020-10-28	12980	128	10708982	79.38
2020-10-29	13055	187	10708982	79.38
2020-10-30	13605	216	10708982	79.38
2020-10-31	11429	173	10708982	79.38
2020-11-01	6542	178	10708982	79.38
2020-11-02	9252	225	10708982	79.38
2020-11-03	12089	259	10708982	79.38
2020-11-04	15731	220	10708982	79.38
2020-11-05	13229	197	10708982	79.38
2020-11-06	11552	154	10708982	79.38
2020-11-07	7723	197	10708982	79.38
2020-11-08	3608	177	10708982	79.38
2020-11-09	2353	170	10708982	79.38
2020-11-10	12699	295	10708982	79.38
2020-11-11	8925	247	10708982	79.38
2020-11-12	7870	185	10708982	79.38
2020-11-13	7355	171	10708982	79.38
2020-11-14	4199	132	10708982	79.38
2020-11-15	1887	150	10708982	79.38
2020-11-16	5407	208	10708982	79.38
2020-11-17	4246	142	10708982	79.38
2020-11-18	5515	182	10708982	79.38
2020-11-19	6471	134	10708982	79.38
2020-11-20	5808	147	10708982	79.38
2020-11-21	3187	74	10708982	79.38
2020-11-22	1513	101	10708982	79.38
2020-11-23	4375	164	10708982	79.38
2020-11-24	5896	139	10708982	79.38
2020-11-25	2681	112	10708982	79.38
2020-11-26	6305	168	10708982	79.38
2020-11-27	4464	188	10708982	79.38
2020-11-28	2665	87	10708982	79.38
2020-11-29	1074	84	10708982	79.38
2020-11-30	3575	157	10708982	79.38
2020-12-01	5176	112	10708982	79.38
2020-12-02	4568	108	10708982	79.38
2020-12-03	4621	126	10708982	79.38
2020-12-04	4743	97	10708982	79.38
2020-12-05	1773	77	10708982	79.38
2020-12-06	2654	87	10708982	79.38
2020-12-07	0	0	10708982	79.38
2020-12-08	4237	134	10708982	79.38
2020-12-09	5857	100	10708982	79.38
2020-12-10	6406	90	10708982	79.38
2020-12-11	5872	115	10708982	79.38
2020-12-12	6217	109	10708982	79.38
2020-12-13	3657	85	10708982	79.38
2020-12-14	2000	74	10708982	79.38
2020-12-15	5172	134	10708982	79.38
2020-12-16	7897	139	10708982	79.38
2020-12-17	8256	154	10708982	79.38
2020-12-18	7602	127	10708982	79.38
2020-12-19	8830	108	10708982	79.38
2020-12-20	5304	60	10708982	79.38
2020-12-21	3383	80	10708982	79.38
2020-12-22	7891	151	10708982	79.38
2020-12-23	10898	102	10708982	79.38
2020-12-24	14149	112	10708982	79.38
2020-12-25	4402	83	10708982	79.38
2020-12-26	2706	91	10708982	79.38
2020-12-27	3030	94	10708982	79.38
2020-12-28	3741	108	10708982	79.38
2020-12-29	10862	150	10708982	79.38
2020-12-30	16420	127	10708982	79.38
2020-12-31	17039	151	10708982	79.38
2021-01-01	13361	131	10708982	79.38
2021-01-02	3447	116	10708982	79.38
2021-01-03	5012	133	10708982	79.38
2021-01-04	6233	110	10708982	79.38
2021-01-05	12921	187	10708982	79.38
2021-01-06	17332	179	10708982	79.38
2021-01-07	17773	185	10708982	79.38
2021-01-08	14861	179	10708982	79.38
2021-01-09	13115	178	10708982	79.38
2021-01-10	8449	137	10708982	79.38
2021-01-11	4289	157	10708982	79.38
2021-01-12	9345	213	10708982	79.38
2021-01-13	10801	171	10708982	79.38
2021-01-14	10922	200	10708982	79.38
2021-01-15	8083	173	10708982	79.38
2021-01-16	9301	186	10708982	79.38
2021-01-17	5253	123	10708982	79.38
2021-01-18	2693	111	10708982	79.38
2021-01-19	7651	197	10708982	79.38
2021-01-20	9628	174	10708982	79.38
2021-01-21	8228	153	10708982	79.38
2021-01-22	7488	157	10708982	79.38
2021-01-23	8514	140	10708982	79.38
2021-01-24	4256	99	10708982	79.38
2021-01-25	2387	84	10708982	79.38
2021-01-26	6942	165	10708982	79.38
2021-01-27	9209	173	10708982	79.38
2021-01-28	8505	153	10708982	79.38
2021-01-29	7982	128	10708982	79.38
2021-01-30	8072	139	10708982	79.38
2021-01-31	4060	97	10708982	79.38
2021-02-01	2555	84	10708982	79.38
2021-02-02	7185	153	10708982	79.38
2021-02-03	9143	138	10708982	79.38
2021-02-04	9695	143	10708982	79.38
2021-02-05	8125	150	10708982	79.38
2021-02-06	8635	153	10708982	79.38
2021-02-07	4863	106	10708982	79.38
2021-02-08	2430	98	10708982	79.38
2021-02-09	7727	164	10708982	79.38
2021-02-10	10283	145	10708982	79.38
2021-02-11	9537	130	10708982	79.38
2021-02-12	9014	130	10708982	79.38
2021-02-13	8883	156	10708982	79.38
2021-02-14	5160	85	10708982	79.38
2021-02-15	2851	107	10708982	79.38
2021-02-16	8794	180	10708982	79.38
2021-02-17	12668	166	10708982	79.38
2021-02-18	10930	143	10708982	79.38
2021-02-19	11705	174	10708982	79.38
2021-02-20	11364	184	10708982	79.38
2021-02-21	6838	117	10708982	79.38
2021-02-22	4021	116	10708982	79.38
2021-02-23	11311	207	10708982	79.38
2021-02-24	15861	145	10708982	79.38
2021-02-25	13816	153	10708982	79.38
2021-02-26	14612	164	10708982	79.38
2021-02-27	14815	195	10708982	79.38
2021-02-28	7885	145	10708982	79.38
2021-03-01	4571	130	10708982	79.38
2021-03-02	12191	232	10708982	79.38
2021-03-03	16816	240	10708982	79.38
2021-03-04	15230	187	10708982	79.38
2021-03-05	14714	197	10708982	79.38
2021-03-06	13162	233	10708982	79.38
2021-03-07	9167	159	10708982	79.38
2021-03-08	3960	165	10708982	79.38
2021-03-09	10524	265	10708982	79.38
2021-03-10	15380	238	10708982	79.38
2021-03-11	14529	239	10708982	79.38
2021-03-12	11274	241	10708982	79.38
2021-03-13	15110	218	10708982	79.38
2021-03-14	6970	143	10708982	79.38
2021-03-15	3342	153	10708982	79.38
2021-03-16	10542	278	10708982	79.38
2021-03-17	14029	245	10708982	79.38
2021-03-18	12028	215	10708982	79.38
2021-03-19	10677	214	10708982	79.38
2021-03-20	9710	199	10708982	79.38
2021-03-21	10141	137	10708982	79.38