2020-03-01	1	0	10847904	74.08
2020-03-02	0	0	10847904	74.08
2020-03-03	0	0	10847904	74.08
2020-03-04	0	0	10847904	74.08
2020-03-05	0	0	10847904	74.08
2020-03-06	1	0	10847904	74.08
2020-03-07	0	0	10847904	74.08
2020-03-08	3	0	10847904	74.08
2020-03-09	0	0	10847904	74.08
2020-03-10	0	0	10847904	74.08
2020-03-11	0	0	10847904	74.08
2020-03-12	0	0	10847904	74.08
2020-03-13	0	0	10847904	74.08
2020-03-14	6	0	10847904	74.08
2020-03-15	0	0	10847904	74.08
2020-03-16	0	0	10847904	74.08
2020-03-17	10	1	10847904	74.08
2020-03-18	0	0	10847904	74.08
2020-03-19	13	1	10847904	74.08
2020-03-20	38	0	10847904	74.08
2020-03-21	40	0	10847904	74.08
2020-03-22	90	1	10847904	74.08
2020-03-23	43	0	10847904	74.08
2020-03-24	67	3	10847904	74.08
2020-03-25	80	4	10847904	74.08
2020-03-26	96	0	10847904	74.08
2020-03-27	93	10	10847904	74.08
2020-03-28	138	8	10847904	74.08
2020-03-29	140	11	10847904	74.08
2020-03-30	42	3	10847904	74.08
2020-03-31	208	9	10847904	74.08
2020-04-01	175	6	10847904	74.08
2020-04-02	96	3	10847904	74.08
2020-04-03	108	8	10847904	74.08
2020-04-04	0	0	10847904	74.08
2020-04-05	257	14	10847904	74.08
2020-04-06	83	4	10847904	74.08
2020-04-07	128	12	10847904	74.08
2020-04-08	155	10	10847904	74.08
2020-04-09	238	10	10847904	74.08
2020-04-10	271	8	10847904	74.08
2020-04-11	139	9	10847904	74.08
2020-04-12	208	38	10847904	74.08
2020-04-13	200	4	10847904	74.08
2020-04-14	119	6	10847904	74.08
2020-04-15	328	6	10847904	74.08
2020-04-16	141	7	10847904	74.08
2020-04-17	371	4	10847904	74.08
2020-04-18	209	17	10847904	74.08
2020-04-19	345	9	10847904	74.08
2020-04-20	284	9	10847904	74.08
2020-04-21	80	10	10847904	74.08
2020-04-22	256	15	10847904	74.08
2020-04-23	243	5	10847904	74.08
2020-04-24	206	2	10847904	74.08
2020-04-25	177	6	10847904	74.08
2020-04-26	209	5	10847904	74.08
2020-04-27	158	4	10847904	74.08
2020-04-28	123	4	10847904	74.08
2020-04-29	236	7	10847904	74.08
2020-04-30	320	8	10847904	74.08
2020-05-01	316	12	10847904	74.08
2020-05-02	290	13	10847904	74.08
2020-05-03	376	7	10847904	74.08
2020-05-04	281	13	10847904	74.08
2020-05-05	245	8	10847904	74.08
2020-05-06	327	8	10847904	74.08
2020-05-07	288	11	10847904	74.08
2020-05-08	281	7	10847904	74.08
2020-05-09	506	5	10847904	74.08
2020-05-10	465	3	10847904	74.08
2020-05-11	287	5	10847904	74.08
2020-05-12	266	9	10847904	74.08
2020-05-13	296	7	10847904	74.08
2020-05-14	124	13	10847904	74.08
2020-05-15	419	2	10847904	74.08
2020-05-16	371	4	10847904	74.08
2020-05-17	204	0	10847904	74.08
2020-05-18	411	6	10847904	74.08
2020-05-19	498	7	10847904	74.08
2020-05-20	254	5	10847904	74.08
2020-05-21	180	2	10847904	74.08
2020-05-22	332	8	10847904	74.08
2020-05-23	433	2	10847904	74.08
2020-05-24	379	0	10847904	74.08
2020-05-25	272	2	10847904	74.08
2020-05-26	191	8	10847904	74.08
2020-05-27	459	6	10847904	74.08
2020-05-28	345	11	10847904	74.08
2020-05-29	463	3	10847904	74.08
2020-05-30	377	10	10847904	74.08
2020-05-31	377	4	10847904	74.08
2020-06-01	287	0	10847904	74.08
2020-06-02	180	13	10847904	74.08
2020-06-03	288	1	10847904	74.08
2020-06-04	279	4	10847904	74.08
2020-06-05	389	5	10847904	74.08
2020-06-06	487	11	10847904	74.08
2020-06-07	405	2	10847904	74.08
2020-06-08	526	1	10847904	74.08
2020-06-09	289	5	10847904	74.08
2020-06-10	393	6	10847904	74.08
2020-06-11	629	11	10847904	74.08
2020-06-12	571	7	10847904	74.08
2020-06-13	564	9	10847904	74.08
2020-06-14	390	15	10847904	74.08
2020-06-15	309	13	10847904	74.08
2020-06-16	415	10	10847904	74.08
2020-06-17	419	18	10847904	74.08
2020-06-18	540	2	10847904	74.08
2020-06-19	423	12	10847904	74.08
2020-06-20	710	8	10847904	74.08
2020-06-21	899	7	10847904	74.08
2020-06-22	693	7	10847904	74.08
2020-06-23	566	6	10847904	74.08
2020-06-24	695	16	10847904	74.08
2020-06-25	510	7	10847904	74.08
2020-06-26	623	14	10847904	74.08
2020-06-27	855	6	10847904	74.08
2020-06-28	754	8	10847904	74.08
2020-06-29	443	7	10847904	74.08
2020-06-30	752	14	10847904	74.08
2020-07-01	819	7	10847904	74.08
2020-07-02	810	11	10847904	74.08
2020-07-03	951	10	10847904	74.08
2020-07-04	1036	11	10847904	74.08
2020-07-05	1241	8	10847904	74.08
2020-07-06	703	10	10847904	74.08
2020-07-07	302	17	10847904	74.08
2020-07-08	1158	8	10847904	74.08
2020-07-09	1202	13	10847904	74.08
2020-07-10	1125	22	10847904	74.08
2020-07-11	1199	16	10847904	74.08
2020-07-12	1418	17	10847904	74.08
2020-07-13	974	6	10847904	74.08
2020-07-14	799	7	10847904	74.08
2020-07-15	1366	19	10847904	74.08
2020-07-16	1072	12	10847904	74.08
2020-07-17	1370	1	10847904	74.08
2020-07-18	1406	29	10847904	74.08
2020-07-19	1336	10	10847904	74.08
2020-07-20	1101	12	10847904	74.08
2020-07-21	841	6	10847904	74.08
2020-07-22	1246	6	10847904	74.08
2020-07-23	1572	1	10847904	74.08
2020-07-24	1462	30	10847904	74.08
2020-07-25	1819	19	10847904	74.08
2020-07-26	2012	8	10847904	74.08
2020-07-27	1248	20	10847904	74.08
2020-07-28	534	18	10847904	74.08
2020-07-29	1492	22	10847904	74.08
2020-07-30	1733	23	10847904	74.08
2020-07-31	1734	14	10847904	74.08
2020-08-01	1766	10	10847904	74.08
2020-08-02	828	8	10847904	74.08
2020-08-03	874	5	10847904	74.08
2020-08-04	1178	30	10847904	74.08
2020-08-05	1365	9	10847904	74.08
2020-08-06	876	24	10847904	74.08
2020-08-07	1173	13	10847904	74.08
2020-08-08	1069	30	10847904	74.08
2020-08-09	954	20	10847904	74.08
2020-08-10	767	19	10847904	74.08
2020-08-11	595	18	10847904	74.08
2020-08-12	1130	25	10847904	74.08
2020-08-13	910	22	10847904	74.08
2020-08-14	1354	16	10847904	74.08
2020-08-15	1057	29	10847904	74.08
2020-08-16	764	15	10847904	74.08
2020-08-17	428	28	10847904	74.08
2020-08-18	386	8	10847904	74.08
2020-08-19	1004	12	10847904	74.08
2020-08-20	883	4	10847904	74.08
2020-08-21	857	28	10847904	74.08
2020-08-22	694	21	10847904	74.08
2020-08-23	600	13	10847904	74.08
2020-08-24	447	6	10847904	74.08
2020-08-25	609	12	10847904	74.08
2020-08-26	340	28	10847904	74.08
2020-08-27	407	17	10847904	74.08
2020-08-28	426	18	10847904	74.08
2020-08-29	342	25	10847904	74.08
2020-08-30	509	8	10847904	74.08
2020-08-31	474	29	10847904	74.08
2020-09-01	264	28	10847904	74.08
2020-09-02	648	27	10847904	74.08
2020-09-03	1002	36	10847904	74.08
2020-09-04	0	0	10847904	74.08
2020-09-05	2147	39	10847904	74.08
2020-09-06	557	5	10847904	74.08
2020-09-07	565	19	10847904	74.08
2020-09-08	233	25	10847904	74.08
2020-09-09	806	25	10847904	74.08
2020-09-10	779	12	10847904	74.08
2020-09-11	516	15	10847904	74.08
2020-09-12	860	12	10847904	74.08
2020-09-13	568	15	10847904	74.08
2020-09-14	450	16	10847904	74.08
2020-09-15	693	14	10847904	74.08
2020-09-16	718	11	10847904	74.08
2020-09-17	615	13	10847904	74.08
2020-09-18	596	12	10847904	74.08
2020-09-19	968	10	10847904	74.08
2020-09-20	589	3	10847904	74.08
2020-09-21	494	7	10847904	74.08
2020-09-22	486	10	10847904	74.08
2020-09-23	468	10	10847904	74.08
2020-09-24	385	2	10847904	74.08
2020-09-25	475	11	10847904	74.08
2020-09-26	360	6	10847904	74.08
2020-09-27	429	2	10847904	74.08
2020-09-28	280	3	10847904	74.08
2020-09-29	234	3	10847904	74.08
2020-09-30	309	4	10847904	74.08
2020-10-01	519	3	10847904	74.08
2020-10-02	622	9	10847904	74.08
2020-10-03	576	11	10847904	74.08
2020-10-04	554	6	10847904	74.08
2020-10-05	574	10	10847904	74.08
2020-10-06	317	5	10847904	74.08
2020-10-07	777	10	10847904	74.08
2020-10-08	724	4	10847904	74.08
2020-10-09	585	2	10847904	74.08
2020-10-10	557	2	10847904	74.08
2020-10-11	463	6	10847904	74.08
2020-10-12	366	6	10847904	74.08
2020-10-13	165	4	10847904	74.08
2020-10-14	654	3	10847904	74.08
2020-10-15	404	3	10847904	74.08
2020-10-16	384	3	10847904	74.08
2020-10-17	475	3	10847904	74.08
2020-10-18	422	4	10847904	74.08
2020-10-19	320	4	10847904	74.08
2020-10-20	306	1	10847904	74.08
2020-10-21	425	2	10847904	74.08
2020-10-22	475	6	10847904	74.08
2020-10-23	0	0	10847904	74.08
2020-10-24	1145	8	10847904	74.08
2020-10-25	509	3	10847904	74.08
2020-10-26	316	2	10847904	74.08
2020-10-27	165	1	10847904	74.08
2020-10-28	562	6	10847904	74.08
2020-10-29	343	2	10847904	74.08
2020-10-30	419	2	10847904	74.08
2020-10-31	686	9	10847904	74.08
2020-11-01	314	4	10847904	74.08
2020-11-02	259	1	10847904	74.08
2020-11-03	257	2	10847904	74.08
2020-11-04	430	5	10847904	74.08
2020-11-05	546	3	10847904	74.08
2020-11-06	476	1	10847904	74.08
2020-11-07	345	2	10847904	74.08
2020-11-08	537	2	10847904	74.08
2020-11-09	421	2	10847904	74.08
2020-11-10	528	2	10847904	74.08
2020-11-11	134	3	10847904	74.08
2020-11-12	371	2	10847904	74.08
2020-11-13	918	6	10847904	74.08
2020-11-14	671	2	10847904	74.08
2020-11-15	499	3	10847904	74.08
2020-11-16	479	1	10847904	74.08
2020-11-17	494	4	10847904	74.08
2020-11-18	460	3	10847904	74.08
2020-11-19	1026	8	10847904	74.08
2020-11-20	601	5	10847904	74.08
2020-11-21	986	2	10847904	74.08
2020-11-22	640	2	10847904	74.08
2020-11-23	419	1	10847904	74.08
2020-11-24	282	2	10847904	74.08
2020-11-25	285	2	10847904	74.08
2020-11-26	1526	2	10847904	74.08
2020-11-27	855	7	10847904	74.08
2020-11-28	876	4	10847904	74.08
2020-11-29	820	2	10847904	74.08
2020-11-30	515	1	10847904	74.08
2020-12-01	314	2	10847904	74.08
2020-12-02	895	1	10847904	74.08
2020-12-03	812	1	10847904	74.08
2020-12-04	671	8	10847904	74.08
2020-12-05	975	2	10847904	74.08
2020-12-06	798	0	10847904	74.08
2020-12-07	685	1	10847904	74.08
2020-12-08	492	1	10847904	74.08
2020-12-09	531	3	10847904	74.08
2020-12-10	1560	8	10847904	74.08
2020-12-11	731	1	10847904	74.08
2020-12-12	1133	1	10847904	74.08
2020-12-13	1107	1	10847904	74.08
2020-12-14	492	3	10847904	74.08
2020-12-15	613	3	10847904	74.08
2020-12-16	788	5	10847904	74.08
2020-12-17	720	3	10847904	74.08
2020-12-18	624	1	10847904	74.08
2020-12-19	1135	6	10847904	74.08
2020-12-20	1322	2	10847904	74.08
2020-12-21	666	1	10847904	74.08
2020-12-22	878	13	10847904	74.08
2020-12-23	566	3	10847904	74.08
2020-12-24	1158	3	10847904	74.08
2020-12-25	1381	0	10847904	74.08
2020-12-26	905	0	10847904	74.08
2020-12-27	824	0	10847904	74.08
2020-12-28	641	0	10847904	74.08
2020-12-29	860	1	10847904	74.08
2020-12-30	1314	4	10847904	74.08
2020-12-31	1206	5	10847904	74.08
2021-01-01	1433	2	10847904	74.08
2021-01-02	747	0	10847904	74.08
2021-01-03	366	2	10847904	74.08
2021-01-04	2043	1	10847904	74.08
2021-01-05	475	0	10847904	74.08
2021-01-06	529	0	10847904	74.08
2021-01-07	1115	4	10847904	74.08
2021-01-08	1045	1	10847904	74.08
2021-01-09	2106	0	10847904	74.08
2021-01-10	1459	3	10847904	74.08
2021-01-11	1179	0	10847904	74.08
2021-01-12	1506	0	10847904	74.08
2021-01-13	1595	1	10847904	74.08
2021-01-14	1104	0	10847904	74.08
2021-01-15	1482	4	10847904	74.08
2021-01-16	2370	0	10847904	74.08
2021-01-17	1779	5	10847904	74.08
2021-01-18	1848	11	10847904	74.08
2021-01-19	1625	13	10847904	74.08
2021-01-20	1532	9	10847904	74.08
2021-01-21	1549	12	10847904	74.08
2021-01-22	1473	14	10847904	74.08
2021-01-23	1362	17	10847904	74.08
2021-01-24	1439	18	10847904	74.08
2021-01-25	1216	14	10847904	74.08
2021-01-26	1143	19	10847904	74.08
2021-01-27	1150	15	10847904	74.08
2021-01-28	1155	24	10847904	74.08
2021-01-29	1802	23	10847904	74.08
2021-01-30	2141	20	10847904	74.08
2021-01-31	1507	20	10847904	74.08
2021-02-01	1026	22	10847904	74.08
2021-02-02	834	16	10847904	74.08
2021-02-03	1357	15	10847904	74.08
2021-02-04	1671	28	10847904	74.08
2021-02-05	1478	26	10847904	74.08
2021-02-06	1722	28	10847904	74.08
2021-02-07	1250	30	10847904	74.08
2021-02-08	721	12	10847904	74.08
2021-02-09	419	21	10847904	74.08
2021-02-10	934	19	10847904	74.08
2021-02-11	1242	21	10847904	74.08
2021-02-12	1050	13	10847904	74.08
2021-02-13	1131	15	10847904	74.08
2021-02-14	873	12	10847904	74.08
2021-02-15	795	15	10847904	74.08
2021-02-16	532	16	10847904	74.08
2021-02-17	642	15	10847904	74.08
2021-02-18	1043	17	10847904	74.08
2021-02-19	818	17	10847904	74.08
2021-02-20	904	4	10847904	74.08
2021-02-21	960	10	10847904	74.08
2021-02-22	420	10	10847904	74.08
2021-02-23	328	9	10847904	74.08
2021-02-24	673	9	10847904	74.08
2021-02-25	746	9	10847904	74.08
2021-02-26	576	7	10847904	74.08
2021-02-27	804	11	10847904	74.08
2021-02-28	608	7	10847904	74.08
2021-03-01	381	6	10847904	74.08
2021-03-02	203	12	10847904	74.08
2021-03-03	572	12	10847904	74.08
2021-03-04	619	9	10847904	74.08
2021-03-05	695	11	10847904	74.08
2021-03-06	573	12	10847904	74.08
2021-03-07	587	10	10847904	74.08
2021-03-08	279	7	10847904	74.08
2021-03-09	252	12	10847904	74.08
2021-03-10	390	7	10847904	74.08
2021-03-11	755	6	10847904	74.08
2021-03-12	529	9	10847904	74.08
2021-03-13	164	0	10847904	74.08
2021-03-14	429	9	10847904	74.08
2021-03-15	254	4	10847904	74.08
2021-03-16	495	11	10847904	74.08
2021-03-17	570	11	10847904	74.08
2021-03-18	615	9	10847904	74.08
2021-03-19	523	5	10847904	74.08
2021-03-20	487	7	10847904	74.08
2021-03-21	474	3	10847904	74.08

