2020-03-01	6	0	17643060	77.01
2020-03-02	0	0	17643060	77.01
2020-03-03	1	0	17643060	77.01
2020-03-04	3	0	17643060	77.01
2020-03-05	3	0	17643060	77.01
2020-03-06	0	0	17643060	77.01
2020-03-07	0	0	17643060	77.01
2020-03-08	1	0	17643060	77.01
2020-03-09	1	0	17643060	77.01
2020-03-10	0	0	17643060	77.01
2020-03-11	2	0	17643060	77.01
2020-03-12	0	0	17643060	77.01
2020-03-13	0	0	17643060	77.01
2020-03-14	11	2	17643060	77.01
2020-03-15	0	0	17643060	77.01
2020-03-16	9	0	17643060	77.01
2020-03-17	21	0	17643060	77.01
2020-03-18	53	0	17643060	77.01
2020-03-19	88	1	17643060	77.01
2020-03-20	168	2	17643060	77.01
2020-03-21	139	2	17643060	77.01
2020-03-22	283	7	17643060	77.01
2020-03-23	192	4	17643060	77.01
2020-03-24	101	9	17643060	77.01
2020-03-25	91	1	17643060	77.01
2020-03-26	230	6	17643060	77.01
2020-03-27	192	2	17643060	77.01
2020-03-28	228	12	17643060	77.01
2020-03-29	101	10	17643060	77.01
2020-03-30	38	2	17643060	77.01
2020-03-31	278	15	17643060	77.01
2020-04-01	508	18	17643060	77.01
2020-04-02	415	27	17643060	77.01
2020-04-03	205	25	17643060	77.01
2020-04-04	97	27	17643060	77.01
2020-04-05	181	8	17643060	77.01
2020-04-06	101	11	17643060	77.01
2020-04-07	0	0	17643060	77.01
2020-04-08	703	51	17643060	77.01
2020-04-09	515	30	17643060	77.01
2020-04-10	2196	25	17643060	77.01
2020-04-11	96	18	17643060	77.01
2020-04-12	209	18	17643060	77.01
2020-04-13	63	22	17643060	77.01
2020-04-14	74	14	17643060	77.01
2020-04-15	255	19	17643060	77.01
2020-04-16	367	15	17643060	77.01
2020-04-17	225	18	17643060	77.01
2020-04-18	572	35	17643060	77.01
2020-04-19	446	18	17643060	77.01
2020-04-20	660	33	17643060	77.01
2020-04-21	270	13	17643060	77.01
2020-04-22	452	17	17643060	77.01
2020-04-23	333	23	17643060	77.01
2020-04-24	11536	16	17643060	77.01
2020-04-25	0	0	17643060	77.01
2020-04-26	0	0	17643060	77.01
2020-04-27	521	87	17643060	77.01
2020-04-28	1018	208	17643060	77.01
2020-04-29	417	12	17643060	77.01
2020-04-30	259	17	17643060	77.01
2020-05-01	1402	163	17643060	77.01
2020-05-02	1128	308	17643060	77.01
2020-05-03	2074	193	17643060	77.01
2020-05-04	2343	5	17643060	77.01
2020-05-05	0	0	17643060	77.01
2020-05-06	0	49	17643060	77.01
2020-05-07	-1583	36	17643060	77.01
2020-05-08	-1480	50	17643060	77.01
2020-05-09	253	13	17643060	77.01
2020-05-10	488	410	17643060	77.01
2020-05-11	-50	18	17643060	77.01
2020-05-12	910	182	17643060	77.01
2020-05-13	67	7	17643060	77.01
2020-05-14	16	4	17643060	77.01
2020-05-15	965	256	17643060	77.01
2020-05-16	1296	94	17643060	77.01
2020-05-17	419	48	17643060	77.01
2020-05-18	400	63	17643060	77.01
2020-05-19	569	40	17643060	77.01
2020-05-20	703	49	17643060	77.01
2020-05-21	452	51	17643060	77.01
2020-05-22	522	117	17643060	77.01
2020-05-23	430	40	17643060	77.01
2020-05-24	498	12	17643060	77.01
2020-05-25	599	95	17643060	77.01
2020-05-26	0	0	17643060	77.01
2020-05-27	748	72	17643060	77.01
2020-05-28	368	38	17643060	77.01
2020-05-29	100	21	17643060	77.01
2020-05-30	0	0	17643060	77.01
2020-05-31	527	24	17643060	77.01
2020-06-01	0	0	17643060	77.01
2020-06-02	1316	80	17643060	77.01
2020-06-03	552	48	17643060	77.01
2020-06-04	0	0	17643060	77.01
2020-06-05	609	48	17643060	77.01
2020-06-06	1153	74	17643060	77.01
2020-06-07	392	13	17643060	77.01
2020-06-08	258	21	17643060	77.01
2020-06-09	539	48	17643060	77.01
2020-06-10	523	30	17643060	77.01
2020-06-11	0	0	17643060	77.01
2020-06-12	1338	108	17643060	77.01
2020-06-13	578	46	17643060	77.01
2020-06-14	395	22	17643060	77.01
2020-06-15	571	33	17643060	77.01
2020-06-16	621	41	17643060	77.01
2020-06-17	547	37	17643060	77.01
2020-06-18	607	80	17643060	77.01
2020-06-19	634	69	17643060	77.01
2020-06-20	0	0	17643060	77.01
2020-06-21	909	67	17643060	77.01
2020-06-22	0	0	17643060	77.01
2020-06-23	1003	51	17643060	77.01
2020-06-24	0	0	17643060	77.01
2020-06-25	1513	69	17643060	77.01
2020-06-26	700	63	17643060	77.01
2020-06-27	718	18	17643060	77.01
2020-06-28	681	5	17643060	77.01
2020-06-29	410	73	17643060	77.01
2020-06-30	767	25	17643060	77.01
2020-07-01	1825	49	17643060	77.01
2020-07-02	1211	63	17643060	77.01
2020-07-03	1189	61	17643060	77.01
2020-07-04	878	69	17643060	77.01
2020-07-05	423	12	17643060	77.01
2020-07-06	422	40	17643060	77.01
2020-07-07	865	52	17643060	77.01
2020-07-08	0	0	17643060	77.01
2020-07-09	976	27	17643060	77.01
2020-07-10	797	39	17643060	77.01
2020-07-11	2191	92	17643060	77.01
2020-07-12	661	16	17643060	77.01
2020-07-13	589	16	17643060	77.01
2020-07-14	1111	67	17643060	77.01
2020-07-15	759	28	17643060	77.01
2020-07-16	1036	49	17643060	77.01
2020-07-17	1079	43	17643060	77.01
2020-07-18	938	32	17643060	77.01
2020-07-19	631	31	17643060	77.01
2020-07-20	607	5	17643060	77.01
2020-07-21	1597	48	17643060	77.01
2020-07-22	1040	52	17643060	77.01
2020-07-23	891	21	17643060	77.01
2020-07-24	901	29	17643060	77.01
2020-07-25	987	39	17643060	77.01
2020-07-26	658	8	17643060	77.01
2020-07-27	467	17	17643060	77.01
2020-07-28	1118	52	17643060	77.01
2020-07-29	914	39	17643060	77.01
2020-07-30	1177	34	17643060	77.01
2020-07-31	985	45	17643060	77.01
2020-08-01	877	34	17643060	77.01
2020-08-02	0	0	17643060	77.01
2020-08-03	809	31	17643060	77.01
2020-08-04	922	41	17643060	77.01
2020-08-05	903	39	17643060	77.01
2020-08-06	1671	30	17643060	77.01
2020-08-07	1432	20	17643060	77.01
2020-08-08	1603	19	17643060	77.01
2020-08-09	887	6	17643060	77.01
2020-08-10	242	10	17643060	77.01
2020-08-11	862	19	17643060	77.01
2020-08-12	1547	33	17643060	77.01
2020-08-13	1233	26	17643060	77.01
2020-08-14	1066	20	17643060	77.01
2020-08-15	1279	35	17643060	77.01
2020-08-16	854	5	17643060	77.01
2020-08-17	209	13	17643060	77.01
2020-08-18	1190	22	17643060	77.01
2020-08-19	1534	41	17643060	77.01
2020-08-20	1033	54	17643060	77.01
2020-08-21	973	48	17643060	77.01
2020-08-22	608	29	17643060	77.01
2020-08-23	680	33	17643060	77.01
2020-08-24	520	12	17643060	77.01
2020-08-25	741	46	17643060	77.01
2020-08-26	1519	42	17643060	77.01
2020-08-27	670	61	17643060	77.01
2020-08-28	922	33	17643060	77.01
2020-08-29	765	33	17643060	77.01
2020-08-30	742	18	17643060	77.01
2020-08-31	119	1	17643060	77.01
2020-09-01	542	15	17643060	77.01
2020-09-02	1148	48	17643060	77.01
2020-09-03	903	29	17643060	77.01
2020-09-04	815	26	17643060	77.01
2020-09-05	870	50	17643060	77.01
2020-09-06	0	0	17643060	77.01
2020-09-07	-7953	3852	17643060	77.01
2020-09-08	665	51	17643060	77.01
2020-09-09	1409	74	17643060	77.01
2020-09-10	1040	48	17643060	77.01
2020-09-11	1526	87	17643060	77.01
2020-09-12	1719	28	17643060	77.01
2020-09-13	2143	39	17643060	77.01
2020-09-14	317	19	17643060	77.01
2020-09-15	642	41	17643060	77.01
2020-09-16	1972	33	17643060	77.01
2020-09-17	732	33	17643060	77.01
2020-09-18	1872	15	17643060	77.01
2020-09-19	1491	40	17643060	77.01
2020-09-20	799	6	17643060	77.01
2020-09-21	292	5	17643060	77.01
2020-09-22	932	31	17643060	77.01
2020-09-23	2249	45	17643060	77.01
2020-09-24	1254	42	17643060	77.01
2020-09-25	1329	23	17643060	77.01
2020-09-26	1506	37	17643060	77.01
2020-09-27	766	6	17643060	77.01
2020-09-28	218	1	17643060	77.01
2020-09-29	784	32	17643060	77.01
2020-09-30	1298	43	17643060	77.01
2020-10-01	1537	78	17643060	77.01
2020-10-02	950	62	17643060	77.01
2020-10-03	817	102	17643060	77.01
2020-10-04	683	50	17643060	77.01
2020-10-05	305	34	17643060	77.01
2020-10-06	717	21	17643060	77.01
2020-10-07	1475	41	17643060	77.01
2020-10-08	1514	398	17643060	77.01
2020-10-09	803	34	17643060	77.01
2020-10-10	980	13	17643060	77.01
2020-10-11	205	3	17643060	77.01
2020-10-12	282	27	17643060	77.01
2020-10-13	856	17	17643060	77.01
2020-10-14	912	29	17643060	77.01
2020-10-15	1277	42	17643060	77.01
2020-10-16	1299	51	17643060	77.01
2020-10-17	763	18	17643060	77.01
2020-10-18	867	12	17643060	77.01
2020-10-19	134	8	17643060	77.01
2020-10-20	692	9	17643060	77.01
2020-10-21	1510	49	17643060	77.01
2020-10-22	826	47	17643060	77.01
2020-10-23	1819	28	17643060	77.01
2020-10-24	1344	14	17643060	77.01
2020-10-25	2021	11	17643060	77.01
2020-10-26	543	20	17643060	77.01
2020-10-27	1014	15	17643060	77.01
2020-10-28	1716	20	17643060	77.01
2020-10-29	1394	14	17643060	77.01
2020-10-30	845	10	17643060	77.01
2020-10-31	1045	38	17643060	77.01
2020-11-01	1002	14	17643060	77.01
2020-11-02	368	8	17643060	77.01
2020-11-03	548	6	17643060	77.01
2020-11-04	1323	6	17643060	77.01
2020-11-05	350	26	17643060	77.01
2020-11-06	725	31	17643060	77.01
2020-11-07	978	54	17643060	77.01
2020-11-08	1421	15	17643060	77.01
2020-11-09	362	9	17643060	77.01
2020-11-10	442	10	17643060	77.01
2020-11-11	919	71	17643060	77.01
2020-11-12	883	26	17643060	77.01
2020-11-13	1161	31	17643060	77.01
2020-11-14	953	20	17643060	77.01
2020-11-15	668	11	17643060	77.01
2020-11-16	381	8	17643060	77.01
2020-11-17	428	9	17643060	77.01
2020-11-18	1146	27	17643060	77.01
2020-11-19	996	21	17643060	77.01
2020-11-20	594	22	17643060	77.01
2020-11-21	1036	44	17643060	77.01
2020-11-22	767	62	17643060	77.01
2020-11-23	301	24	17643060	77.01
2020-11-24	492	39	17643060	77.01
2020-11-25	794	24	17643060	77.01
2020-11-26	908	28	17643060	77.01
2020-11-27	1396	42	17643060	77.01
2020-11-28	1375	13	17643060	77.01
2020-11-29	1208	52	17643060	77.01
2020-11-30	568	38	17643060	77.01
2020-12-01	988	40	17643060	77.01
2020-12-02	1203	61	17643060	77.01
2020-12-03	1008	50	17643060	77.01
2020-12-04	598	84	17643060	77.01
2020-12-05	909	60	17643060	77.01
2020-12-06	607	22	17643060	77.01
2020-12-07	246	2	17643060	77.01
2020-12-08	508	14	17643060	77.01
2020-12-09	476	20	17643060	77.01
2020-12-10	1151	36	17643060	77.01
2020-12-11	386	8	17643060	77.01
2020-12-12	759	16	17643060	77.01
2020-12-13	586	1	17643060	77.01
2020-12-14	70	0	17643060	77.01
2020-12-15	176	21	17643060	77.01
2020-12-16	1105	19	17643060	77.01
2020-12-17	788	17	17643060	77.01
2020-12-18	754	10	17643060	77.01
2020-12-19	917	6	17643060	77.01
2020-12-20	337	0	17643060	77.01
2020-12-21	72	1	17643060	77.01
2020-12-22	35	0	17643060	77.01
2020-12-23	720	13	17643060	77.01
2020-12-24	926	15	17643060	77.01
2020-12-25	818	7	17643060	77.01
2020-12-26	446	6	17643060	77.01
2020-12-27	81	2	17643060	77.01
2020-12-28	403	2	17643060	77.01
2020-12-29	568	7	17643060	77.01
2020-12-30	1186	22	17643060	77.01
2020-12-31	1000	11	17643060	77.01
2021-01-01	866	17	17643060	77.01
2021-01-02	1135	8	17643060	77.01
2021-01-03	101	0	17643060	77.01
2021-01-04	466	10	17643060	77.01
2021-01-05	1003	34	17643060	77.01
2021-01-06	1294	43	17643060	77.01
2021-01-07	1008	12	17643060	77.01
2021-01-08	763	7	17643060	77.01
2021-01-09	1201	12	17643060	77.01
2021-01-10	721	0	17643060	77.01
2021-01-11	436	7	17643060	77.01
2021-01-12	1061	12	17643060	77.01
2021-01-13	1748	33	17643060	77.01
2021-01-14	1687	17	17643060	77.01
2021-01-15	864	27	17643060	77.01
2021-01-16	3942	43	17643060	77.01
2021-01-17	674	3	17643060	77.01
2021-01-18	162	3	17643060	77.01
2021-01-19	924	60	17643060	77.01
2021-01-20	1747	55	17643060	77.01
2021-01-21	1874	89	17643060	77.01
2021-01-22	969	36	17643060	77.01
2021-01-23	1074	34	17643060	77.01
2021-01-24	3060	27	17643060	77.01
2021-01-25	275	16	17643060	77.01
2021-01-26	579	29	17643060	77.01
2021-01-27	1389	36	17643060	77.01
2021-01-28	2465	62	17643060	77.01
2021-01-29	687	36	17643060	77.01
2021-01-30	3092	49	17643060	77.01
2021-01-31	1049	8	17643060	77.01
2021-02-01	158	31	17643060	77.01
2021-02-02	293	25	17643060	77.01
2021-02-03	1111	34	17643060	77.01
2021-02-04	949	19	17643060	77.01
2021-02-05	2073	14	17643060	77.01
2021-02-06	1703	22	17643060	77.01
2021-02-07	1167	8	17643060	77.01
2021-02-08	325	1	17643060	77.01
2021-02-09	1176	73	17643060	77.01
2021-02-10	293	30	17643060	77.01
2021-02-11	2137	58	17643060	77.01
2021-02-12	1304	46	17643060	77.01
2021-02-13	2010	49	17643060	77.01
2021-02-14	1696	52	17643060	77.01
2021-02-15	478	34	17643060	77.01
2021-02-16	372	37	17643060	77.01
2021-02-17	146	2	17643060	77.01
2021-02-18	1641	50	17643060	77.01
2021-02-19	1416	30	17643060	77.01
2021-02-20	1821	39	17643060	77.01
2021-02-21	1576	23	17643060	77.01
2021-02-22	295	11	17643060	77.01
2021-02-23	812	20	17643060	77.01
2021-02-24	2999	67	17643060	77.01
2021-02-25	2390	35	17643060	77.01
2021-02-26	1430	44	17643060	77.01
2021-02-27	1748	66	17643060	77.01
2021-02-28	1808	32	17643060	77.01
2021-03-01	212	21	17643060	77.01
2021-03-02	358	18	17643060	77.01
2021-03-03	2747	71	17643060	77.01
2021-03-04	263	38	17643060	77.01
2021-03-05	1335	38	17643060	77.01
2021-03-06	1873	23	17643060	77.01
2021-03-07	1560	19	17643060	77.01
2021-03-08	115	4	17643060	77.01
2021-03-09	496	26	17643060	77.01
2021-03-10	1727	36	17643060	77.01
2021-03-11	1116	23	17643060	77.01
2021-03-12	1259	65	17643060	77.01
2021-03-13	1450	22	17643060	77.01
2021-03-14	1555	21	17643060	77.01
2021-03-15	277	4	17643060	77.01
2021-03-16	356	19	17643060	77.01
2021-03-17	2744	41	17643060	77.01
2021-03-18	1831	33	17643060	77.01
2021-03-19	2214	79	17643060	77.01
2021-03-20	1225	23	17643060	77.01
2021-03-21	1730	16	17643060	77.01
