2020-03-19	1	0	6486201	73.32
2020-03-20	0	0	6486201	73.32
2020-03-21	2	0	6486201	73.32
2020-03-22	0	0	6486201	73.32
2020-03-23	0	0	6486201	73.32
2020-03-24	2	0	6486201	73.32
2020-03-25	4	0	6486201	73.32
2020-03-26	4	0	6486201	73.32
2020-03-27	0	0	6486201	73.32
2020-03-28	6	0	6486201	73.32
2020-03-29	5	0	6486201	73.32
2020-03-30	6	0	6486201	73.32
2020-03-31	2	1	6486201	73.32
2020-04-01	0	0	6486201	73.32
2020-04-02	9	1	6486201	73.32
2020-04-03	5	0	6486201	73.32
2020-04-04	10	1	6486201	73.32
2020-04-05	6	0	6486201	73.32
2020-04-06	7	1	6486201	73.32
2020-04-07	9	0	6486201	73.32
2020-04-08	15	1	6486201	73.32
2020-04-09	10	1	6486201	73.32
2020-04-10	14	0	6486201	73.32
2020-04-11	1	0	6486201	73.32
2020-04-12	7	0	6486201	73.32
2020-04-13	12	0	6486201	73.32
2020-04-14	12	0	6486201	73.32
2020-04-15	10	0	6486201	73.32
2020-04-16	5	0	6486201	73.32
2020-04-17	13	1	6486201	73.32
2020-04-18	13	0	6486201	73.32
2020-04-19	11	0	6486201	73.32
2020-04-20	17	0	6486201	73.32
2020-04-21	7	0	6486201	73.32
2020-04-22	12	0	6486201	73.32
2020-04-23	13	1	6486201	73.32
2020-04-24	24	0	6486201	73.32
2020-04-25	0	0	6486201	73.32
2020-04-26	24	0	6486201	73.32
2020-04-27	25	0	6486201	73.32
2020-04-28	22	0	6486201	73.32
2020-04-29	32	1	6486201	73.32
2020-04-30	18	1	6486201	73.32
2020-05-01	29	0	6486201	73.32
2020-05-02	22	1	6486201	73.32
2020-05-03	44	0	6486201	73.32
2020-05-04	65	2	6486201	73.32
2020-05-05	32	1	6486201	73.32
2020-05-06	46	1	6486201	73.32
2020-05-07	62	0	6486201	73.32
2020-05-08	47	1	6486201	73.32
2020-05-09	42	1	6486201	73.32
2020-05-10	105	0	6486201	73.32
2020-05-11	69	1	6486201	73.32
2020-05-12	40	2	6486201	73.32
2020-05-13	39	0	6486201	73.32
2020-05-14	75	3	6486201	73.32
2020-05-15	98	2	6486201	73.32
2020-05-16	55	1	6486201	73.32
2020-05-17	73	4	6486201	73.32
2020-05-18	75	0	6486201	73.32
2020-05-19	85	0	6486201	73.32
2020-05-20	73	1	6486201	73.32
2020-05-21	69	2	6486201	73.32
2020-05-22	85	0	6486201	73.32
2020-05-23	94	0	6486201	73.32
2020-05-24	96	2	6486201	73.32
2020-05-25	68	0	6486201	73.32
2020-05-26	59	1	6486201	73.32
2020-05-27	67	3	6486201	73.32
2020-05-28	85	0	6486201	73.32
2020-05-29	84	3	6486201	73.32
2020-05-30	117	4	6486201	73.32
2020-05-31	122	0	6486201	73.32
2020-06-01	65	0	6486201	73.32
2020-06-02	71	3	6486201	73.32
2020-06-03	52	2	6486201	73.32
2020-06-04	76	1	6486201	73.32
2020-06-05	68	1	6486201	73.32
2020-06-06	85	0	6486201	73.32
2020-06-07	81	0	6486201	73.32
2020-06-08	89	3	6486201	73.32
2020-06-09	87	4	6486201	73.32
2020-06-10	83	4	6486201	73.32
2020-06-11	99	4	6486201	73.32
2020-06-12	108	0	6486201	73.32
2020-06-13	122	4	6486201	73.32
2020-06-14	117	2	6486201	73.32
2020-06-15	106	0	6486201	73.32
2020-06-16	115	2	6486201	73.32
2020-06-17	125	3	6486201	73.32
2020-06-18	134	3	6486201	73.32
2020-06-19	129	4	6486201	73.32
2020-06-20	146	7	6486201	73.32
2020-06-21	151	5	6486201	73.32
2020-06-22	182	9	6486201	73.32
2020-06-23	165	6	6486201	73.32
2020-06-24	177	6	6486201	73.32
2020-06-25	186	7	6486201	73.32
2020-06-26	181	7	6486201	73.32
2020-06-27	210	10	6486201	73.32
2020-06-28	207	9	6486201	73.32
2020-06-29	239	12	6486201	73.32
2020-06-30	265	10	6486201	73.32
2020-07-01	298	8	6486201	73.32
2020-07-02	264	9	6486201	73.32
2020-07-03	267	11	6486201	73.32
2020-07-04	240	8	6486201	73.32
2020-07-05	270	7	6486201	73.32
2020-07-06	250	6	6486201	73.32
2020-07-07	280	6	6486201	73.32
2020-07-08	259	6	6486201	73.32
2020-07-09	278	8	6486201	73.32
2020-07-10	298	6	6486201	73.32
2020-07-11	249	5	6486201	73.32
2020-07-12	283	6	6486201	73.32
2020-07-13	304	7	6486201	73.32
2020-07-14	325	11	6486201	73.32
2020-07-15	342	8	6486201	73.32
2020-07-16	312	12	6486201	73.32
2020-07-17	250	11	6486201	73.32
2020-07-18	301	15	6486201	73.32
2020-07-19	338	11	6486201	73.32
2020-07-20	361	9	6486201	73.32
2020-07-21	375	8	6486201	73.32
2020-07-22	393	11	6486201	73.32
2020-07-23	402	9	6486201	73.32
2020-07-24	415	7	6486201	73.32
2020-07-25	429	11	6486201	73.32
2020-07-26	409	10	6486201	73.32
2020-07-27	405	8	6486201	73.32
2020-07-28	411	9	6486201	73.32
2020-07-29	395	13	6486201	73.32
2020-07-30	389	9	6486201	73.32
2020-07-31	402	9	6486201	73.32
2020-08-01	418	11	6486201	73.32
2020-08-02	398	8	6486201	73.32
2020-08-03	395	10	6486201	73.32
2020-08-04	419	9	6486201	73.32
2020-08-05	439	12	6486201	73.32
2020-08-06	425	15	6486201	73.32
2020-08-07	418	7	6486201	73.32
2020-08-08	434	16	6486201	73.32
2020-08-09	445	13	6486201	73.32
2020-08-10	449	14	6486201	73.32
2020-08-11	397	7	6486201	73.32
2020-08-12	375	7	6486201	73.32
2020-08-13	349	7	6486201	73.32
2020-08-14	321	11	6486201	73.32
2020-08-15	305	8	6486201	73.32
2020-08-16	293	9	6486201	73.32
2020-08-17	281	6	6486201	73.32
2020-08-18	269	7	6486201	73.32
2020-08-19	255	8	6486201	73.32
2020-08-20	247	7	6486201	73.32
2020-08-21	236	6	6486201	73.32
2020-08-22	220	8	6486201	73.32
2020-08-23	202	7	6486201	73.32
2020-08-24	189	8	6486201	73.32
2020-08-25	175	9	6486201	73.32
2020-08-26	154	9	6486201	73.32
2020-08-27	144	7	6486201	73.32
2020-08-28	131	8	6486201	73.32
2020-08-29	122	6	6486201	73.32
2020-08-30	98	5	6486201	73.32
2020-08-31	94	4	6486201	73.32
2020-09-01	91	7	6486201	73.32
2020-09-02	84	7	6486201	73.32
2020-09-03	96	8	6486201	73.32
2020-09-04	99	5	6486201	73.32
2020-09-05	107	8	6486201	73.32
2020-09-06	102	7	6486201	73.32
2020-09-07	105	5	6486201	73.32
2020-09-08	98	1	6486201	73.32
2020-09-09	91	5	6486201	73.32
2020-09-10	86	4	6486201	73.32
2020-09-11	85	3	6486201	73.32
2020-09-12	78	5	6486201	73.32
2020-09-13	77	3	6486201	73.32
2020-09-14	81	3	6486201	73.32
2020-09-15	79	4	6486201	73.32
2020-09-16	75	4	6486201	73.32
2020-09-17	86	5	6486201	73.32
2020-09-18	97	3	6486201	73.32
2020-09-19	82	4	6486201	73.32
2020-09-20	125	3	6486201	73.32
2020-09-21	245	1	6486201	73.32
2020-09-22	156	2	6486201	73.32
2020-09-23	0	5	6486201	73.32
2020-09-24	247	4	6486201	73.32
2020-09-25	214	3	6486201	73.32
2020-09-26	0	0	6486201	73.32
2020-09-27	215	0	6486201	73.32
2020-09-28	179	5	6486201	73.32
2020-09-29	172	8	6486201	73.32
2020-09-30	96	4	6486201	73.32
2020-10-01	98	5	6486201	73.32
2020-10-02	0	5	6486201	73.32
2020-10-03	183	4	6486201	73.32
2020-10-04	92	6	6486201	73.32
2020-10-05	89	2	6486201	73.32
2020-10-06	95	4	6486201	73.32
2020-10-07	103	4	6486201	73.32
2020-10-08	105	4	6486201	73.32
2020-10-09	109	4	6486201	73.32
2020-10-10	0	6	6486201	73.32
2020-10-11	245	3	6486201	73.32
2020-10-12	0	4	6486201	73.32
2020-10-13	284	5	6486201	73.32
2020-10-14	286	5	6486201	73.32
2020-10-15	295	4	6486201	73.32
2020-10-16	204	4	6486201	73.32
2020-10-17	191	5	6486201	73.32
2020-10-18	210	5	6486201	73.32
2020-10-19	0	4	6486201	73.32
2020-10-20	309	3	6486201	73.32
2020-10-21	145	4	6486201	73.32
2020-10-22	142	3	6486201	73.32
2020-10-23	159	4	6486201	73.32
2020-10-24	164	4	6486201	73.32
2020-10-25	0	5	6486201	73.32
2020-10-26	340	4	6486201	73.32
2020-10-27	0	4	6486201	73.32
2020-10-28	0	5	6486201	73.32
2020-10-29	520	5	6486201	73.32
2020-10-30	0	4	6486201	73.32
2020-10-31	0	4	6486201	73.32
2020-11-01	570	4	6486201	73.32
2020-11-02	0	4	6486201	73.32
2020-11-03	0	4	6486201	73.32
2020-11-04	0	5	6486201	73.32
2020-11-05	767	5	6486201	73.32
2020-11-06	184	5	6486201	73.32
2020-11-07	179	4	6486201	73.32
2020-11-08	0	4	6486201	73.32
2020-11-09	0	4	6486201	73.32
2020-11-10	0	6	6486201	73.32
2020-11-11	0	4	6486201	73.32
2020-11-12	885	4	6486201	73.32
2020-11-13	165	5	6486201	73.32
2020-11-14	163	6	6486201	73.32
2020-11-15	0	5	6486201	73.32
2020-11-16	311	3	6486201	73.32
2020-11-17	0	5	6486201	73.32
2020-11-18	296	4	6486201	73.32
2020-11-19	144	5	6486201	73.32
2020-11-20	141	3	6486201	73.32
2020-11-21	0	6	6486201	73.32
2020-11-22	312	5	6486201	73.32
2020-11-23	0	6	6486201	73.32
2020-11-24	322	5	6486201	73.32
2020-11-25	0	0	6486201	73.32
2020-11-26	0	12	6486201	73.32
2020-11-27	521	4	6486201	73.32
2020-11-28	0	5	6486201	73.32
2020-11-29	0	4	6486201	73.32
2020-11-30	0	3	6486201	73.32
2020-12-01	725	6	6486201	73.32
2020-12-02	0	9	6486201	73.32
2020-12-03	0	5	6486201	73.32
2020-12-04	588	8	6486201	73.32
2020-12-05	0	11	6486201	73.32
2020-12-06	413	6	6486201	73.32
2020-12-07	214	5	6486201	73.32
2020-12-08	206	4	6486201	73.32
2020-12-09	190	6	6486201	73.32
2020-12-10	0	6	6486201	73.32
2020-12-11	0	6	6486201	73.32
2020-12-12	653	7	6486201	73.32
2020-12-13	0	7	6486201	73.32
2020-12-14	486	5	6486201	73.32
2020-12-15	252	7	6486201	73.32
2020-12-16	265	7	6486201	73.32
2020-12-17	0	8	6486201	73.32
2020-12-18	0	7	6486201	73.32
2020-12-19	798	8	6486201	73.32
2020-12-20	282	8	6486201	73.32
2020-12-21	295	7	6486201	73.32
2020-12-22	0	8	6486201	73.32
2020-12-23	0	9	6486201	73.32
2020-12-24	847	9	6486201	73.32
2020-12-25	0	6	6486201	73.32
2020-12-26	0	8	6486201	73.32
2020-12-27	0	8	6486201	73.32
2020-12-28	796	8	6486201	73.32
2020-12-29	0	0	6486201	73.32
2020-12-30	545	14	6486201	73.32
2020-12-31	0	0	6486201	73.32
2021-01-01	0	0	6486201	73.32
2021-01-02	0	0	6486201	73.32
2021-01-03	843	31	6486201	73.32
2021-01-04	284	6	6486201	73.32
2021-01-05	268	9	6486201	73.32
2021-01-06	0	9	6486201	73.32
2021-01-07	593	8	6486201	73.32
2021-01-08	307	8	6486201	73.32
2021-01-09	319	10	6486201	73.32
2021-01-10	331	11	6486201	73.32
2021-01-11	0	9	6486201	73.32
2021-01-12	634	9	6486201	73.32
2021-01-13	0	10	6486201	73.32
2021-01-14	618	12	6486201	73.32
2021-01-15	0	10	6486201	73.32
2021-01-16	627	10	6486201	73.32
2021-01-17	0	8	6486201	73.32
2021-01-18	653	11	6486201	73.32
2021-01-19	0	11	6486201	73.32
2021-01-20	0	12	6486201	73.32
2021-01-21	951	9	6486201	73.32
2021-01-22	284	10	6486201	73.32
2021-01-23	0	11	6486201	73.32
2021-01-24	546	10	6486201	73.32
2021-01-25	261	11	6486201	73.32
2021-01-26	0	11	6486201	73.32
2021-01-27	510	6	6486201	73.32
2021-01-28	0	10	6486201	73.32
2021-01-29	0	5	6486201	73.32
2021-01-30	0	10	6486201	73.32
2021-01-31	977	9	6486201	73.32
2021-02-01	229	9	6486201	73.32
2021-02-02	0	6	6486201	73.32
2021-02-03	428	8	6486201	73.32
2021-02-04	198	7	6486201	73.32
2021-02-05	204	9	6486201	73.32
2021-02-06	212	11	6486201	73.32
2021-02-07	0	8	6486201	73.32
2021-02-08	416	11	6486201	73.32
2021-02-09	0	9	6486201	73.32
2021-02-10	0	8	6486201	73.32
2021-02-11	0	10	6486201	73.32
2021-02-12	775	8	6486201	73.32
2021-02-13	0	7	6486201	73.32
2021-02-14	0	8	6486201	73.32
2021-02-15	595	8	6486201	73.32
2021-02-16	0	8	6486201	73.32
2021-02-17	0	9	6486201	73.32
2021-02-18	523	9	6486201	73.32
2021-02-19	0	9	6486201	73.32
2021-02-20	0	7	6486201	73.32
2021-02-21	0	7	6486201	73.32
2021-02-22	689	8	6486201	73.32
2021-02-23	0	8	6486201	73.32
2021-02-24	0	8	6486201	73.32
2021-02-25	0	9	6486201	73.32
2021-02-26	631	9	6486201	73.32
2021-02-27	0	6	6486201	73.32
2021-02-28	0	7	6486201	73.32
2021-03-01	0	7	6486201	73.32
2021-03-02	625	8	6486201	73.32
2021-03-03	0	9	6486201	73.32
2021-03-04	309	9	6486201	73.32
2021-03-05	0	7	6486201	73.32
2021-03-06	0	0	6486201	73.32
2021-03-07	0	13	6486201	73.32
2021-03-08	0	8	6486201	73.32
2021-03-09	739	8	6486201	73.32
2021-03-10	138	6	6486201	73.32
2021-03-11	137	6	6486201	73.32
2021-03-12	133	5	6486201	73.32
2021-03-13	139	5	6486201	73.32
2021-03-14	0	5	6486201	73.32
2021-03-15	291	4	6486201	73.32
2021-03-16	154	4	6486201	73.32
2021-03-17	0	4	6486201	73.32
2021-03-18	0	0	6486201	73.32
2021-03-19	0	9	6486201	73.32
2021-03-20	0	4	6486201	73.32
2021-03-21	813	4	6486201	73.32
