2020-02-12	0	0	1326539	78.74
2020-02-26	0	0	1326539	78.74
2020-02-27	1	0	1326539	78.74
2020-02-28	0	0	1326539	78.74
2020-02-29	0	0	1326539	78.74
2020-03-01	0	0	1326539	78.74
2020-03-02	0	0	1326539	78.74
2020-03-03	1	0	1326539	78.74
2020-03-04	0	0	1326539	78.74
2020-03-05	1	0	1326539	78.74
2020-03-06	7	0	1326539	78.74
2020-03-07	0	0	1326539	78.74
2020-03-08	0	0	1326539	78.74
2020-03-09	0	0	1326539	78.74
2020-03-10	2	0	1326539	78.74
2020-03-11	4	0	1326539	78.74
2020-03-12	0	0	1326539	78.74
2020-03-13	63	0	1326539	78.74
2020-03-14	36	0	1326539	78.74
2020-03-15	56	0	1326539	78.74
2020-03-16	34	0	1326539	78.74
2020-03-17	20	0	1326539	78.74
2020-03-18	33	0	1326539	78.74
2020-03-19	9	0	1326539	78.74
2020-03-20	16	0	1326539	78.74
2020-03-21	23	0	1326539	78.74
2020-03-22	20	0	1326539	78.74
2020-03-23	26	0	1326539	78.74
2020-03-24	17	0	1326539	78.74
2020-03-25	35	1	1326539	78.74
2020-03-26	134	0	1326539	78.74
2020-03-27	37	0	1326539	78.74
2020-03-28	70	0	1326539	78.74
2020-03-29	34	2	1326539	78.74
2020-03-30	36	0	1326539	78.74
2020-03-31	30	1	1326539	78.74
2020-04-01	34	1	1326539	78.74
2020-04-02	79	6	1326539	78.74
2020-04-03	103	1	1326539	78.74
2020-04-04	78	1	1326539	78.74
2020-04-05	58	2	1326539	78.74
2020-04-06	11	4	1326539	78.74
2020-04-07	41	2	1326539	78.74
2020-04-08	36	3	1326539	78.74
2020-04-09	22	0	1326539	78.74
2020-04-10	51	0	1326539	78.74
2020-04-11	46	0	1326539	78.74
2020-04-12	5	1	1326539	78.74
2020-04-13	23	3	1326539	78.74
2020-04-14	41	3	1326539	78.74
2020-04-15	27	4	1326539	78.74
2020-04-16	34	1	1326539	78.74
2020-04-17	25	2	1326539	78.74
2020-04-18	53	0	1326539	78.74
2020-04-19	16	2	1326539	78.74
2020-04-20	7	0	1326539	78.74
2020-04-21	17	3	1326539	78.74
2020-04-22	7	1	1326539	78.74
2020-04-23	33	1	1326539	78.74
2020-04-24	13	1	1326539	78.74
2020-04-25	30	0	1326539	78.74
2020-04-26	8	3	1326539	78.74
2020-04-27	4	1	1326539	78.74
2020-04-28	13	0	1326539	78.74
2020-04-29	6	0	1326539	78.74
2020-04-30	23	2	1326539	78.74
2020-05-01	5	0	1326539	78.74
2020-05-02	5	1	1326539	78.74
2020-05-03	1	2	1326539	78.74
2020-05-04	3	0	1326539	78.74
2020-05-05	8	0	1326539	78.74
2020-05-06	2	0	1326539	78.74
2020-05-07	7	1	1326539	78.74
2020-05-08	5	0	1326539	78.74
2020-05-09	8	4	1326539	78.74
2020-05-10	6	0	1326539	78.74
2020-05-11	2	1	1326539	78.74
2020-05-12	5	0	1326539	78.74
2020-05-13	5	0	1326539	78.74
2020-05-14	7	1	1326539	78.74
2020-05-15	8	1	1326539	78.74
2020-05-16	4	0	1326539	78.74
2020-05-17	4	0	1326539	78.74
2020-05-18	10	1	1326539	78.74
2020-05-19	7	0	1326539	78.74
2020-05-20	3	0	1326539	78.74
2020-05-21	6	0	1326539	78.74
2020-05-22	7	0	1326539	78.74
2020-05-23	14	0	1326539	78.74
2020-05-24	2	0	1326539	78.74
2020-05-25	1	1	1326539	78.74
2020-05-26	10	0	1326539	78.74
2020-05-27	6	1	1326539	78.74
2020-05-28	11	0	1326539	78.74
2020-05-29	8	1	1326539	78.74
2020-05-30	6	0	1326539	78.74
2020-05-31	4	1	1326539	78.74
2020-06-01	1	0	1326539	78.74
2020-06-02	0	0	1326539	78.74
2020-06-03	10	1	1326539	78.74
2020-06-04	10	0	1326539	78.74
2020-06-05	20	0	1326539	78.74
2020-06-06	21	0	1326539	78.74
2020-06-07	8	0	1326539	78.74
2020-06-08	1	0	1326539	78.74
2020-06-09	7	0	1326539	78.74
2020-06-10	11	0	1326539	78.74
2020-06-11	7	0	1326539	78.74
2020-06-12	5	0	1326539	78.74
2020-06-13	3	0	1326539	78.74
2020-06-14	0	0	1326539	78.74
2020-06-15	1	0	1326539	78.74
2020-06-16	1	0	1326539	78.74
2020-06-17	2	0	1326539	78.74
2020-06-18	0	0	1326539	78.74
2020-06-19	2	0	1326539	78.74
2020-06-20	2	0	1326539	78.74
2020-06-21	0	0	1326539	78.74
2020-06-22	0	0	1326539	78.74
2020-06-23	1	0	1326539	78.74
2020-06-24	1	0	1326539	78.74
2020-06-25	1	0	1326539	78.74
2020-06-26	2	0	1326539	78.74
2020-06-27	0	0	1326539	78.74
2020-06-28	1	0	1326539	78.74
2020-06-29	0	0	1326539	78.74
2020-06-30	2	0	1326539	78.74
2020-07-01	0	0	1326539	78.74
2020-07-02	1	0	1326539	78.74
2020-07-03	1	0	1326539	78.74
2020-07-04	2	0	1326539	78.74
2020-07-05	0	0	1326539	78.74
2020-07-06	1	0	1326539	78.74
2020-07-07	1	0	1326539	78.74
2020-07-08	8	0	1326539	78.74
2020-07-09	8	0	1326539	78.74
2020-07-10	2	0	1326539	78.74
2020-07-11	1	0	1326539	78.74
2020-07-12	0	0	1326539	78.74
2020-07-13	0	0	1326539	78.74
2020-07-14	1	0	1326539	78.74
2020-07-15	1	0	1326539	78.74
2020-07-16	0	0	1326539	78.74
2020-07-17	4	0	1326539	78.74
2020-07-18	1	0	1326539	78.74
2020-07-19	0	0	1326539	78.74
2020-07-20	0	0	1326539	78.74
2020-07-21	1	0	1326539	78.74
2020-07-22	3	0	1326539	78.74
2020-07-23	2	0	1326539	78.74
2020-07-24	1	0	1326539	78.74
2020-07-25	5	0	1326539	78.74
2020-07-26	1	0	1326539	78.74
2020-07-27	0	0	1326539	78.74
2020-07-28	4	0	1326539	78.74
2020-07-29	4	0	1326539	78.74
2020-07-30	9	0	1326539	78.74
2020-07-31	13	0	1326539	78.74
2020-08-01	8	0	1326539	78.74
2020-08-02	7	-6	1326539	78.74
2020-08-03	1	0	1326539	78.74
2020-08-04	11	0	1326539	78.74
2020-08-05	22	0	1326539	78.74
2020-08-06	11	0	1326539	78.74
2020-08-07	9	0	1326539	78.74
2020-08-08	14	0	1326539	78.74
2020-08-09	5	0	1326539	78.74
2020-08-10	6	0	1326539	78.74
2020-08-11	9	0	1326539	78.74
2020-08-12	7	0	1326539	78.74
2020-08-13	0	0	1326539	78.74
2020-08-14	3	0	1326539	78.74
2020-08-15	7	0	1326539	78.74
2020-08-16	6	0	1326539	78.74
2020-08-17	2	0	1326539	78.74
2020-08-18	8	0	1326539	78.74
2020-08-19	7	0	1326539	78.74
2020-08-20	20	0	1326539	78.74
2020-08-21	17	0	1326539	78.74
2020-08-22	21	0	1326539	78.74
2020-08-23	7	0	1326539	78.74
2020-08-24	3	1	1326539	78.74
2020-08-25	19	0	1326539	78.74
2020-08-26	17	0	1326539	78.74
2020-08-27	14	0	1326539	78.74
2020-08-28	18	0	1326539	78.74
2020-08-29	20	0	1326539	78.74
2020-08-30	10	0	1326539	78.74
2020-08-31	2	0	1326539	78.74
2020-09-01	20	0	1326539	78.74
2020-09-02	20	0	1326539	78.74
2020-09-03	26	0	1326539	78.74
2020-09-04	15	0	1326539	78.74
2020-09-05	35	0	1326539	78.74
2020-09-06	25	0	1326539	78.74
2020-09-07	16	0	1326539	78.74
2020-09-08	32	0	1326539	78.74
2020-09-09	21	0	1326539	78.74
2020-09-10	15	0	1326539	78.74
2020-09-11	32	0	1326539	78.74
2020-09-12	23	0	1326539	78.74
2020-09-13	21	0	1326539	78.74
2020-09-14	22	0	1326539	78.74
2020-09-15	24	0	1326539	78.74
2020-09-16	34	0	1326539	78.74
2020-09-17	22	0	1326539	78.74
2020-09-18	36	0	1326539	78.74
2020-09-19	61	0	1326539	78.74
2020-09-20	49	0	1326539	78.74
2020-09-21	17	0	1326539	78.74
2020-09-22	35	0	1326539	78.74
2020-09-23	57	0	1326539	78.74
2020-09-24	43	0	1326539	78.74
2020-09-25	42	0	1326539	78.74
2020-09-26	47	0	1326539	78.74
2020-09-27	35	0	1326539	78.74
2020-09-28	67	0	1326539	78.74
2020-09-29	48	0	1326539	78.74
2020-09-30	56	0	1326539	78.74
2020-10-01	79	1	1326539	78.74
2020-10-02	57	1	1326539	78.74
2020-10-03	70	1	1326539	78.74
2020-10-04	30	0	1326539	78.74
2020-10-05	10	0	1326539	78.74
2020-10-06	42	0	1326539	78.74
2020-10-07	56	0	1326539	78.74
2020-10-08	45	0	1326539	78.74
2020-10-09	49	1	1326539	78.74
2020-10-10	37	0	1326539	78.74
2020-10-11	19	0	1326539	78.74
2020-10-12	18	0	1326539	78.74
2020-10-13	25	0	1326539	78.74
2020-10-14	39	0	1326539	78.74
2020-10-15	33	0	1326539	78.74
2020-10-16	37	0	1326539	78.74
2020-10-17	35	0	1326539	78.74
2020-10-18	26	0	1326539	78.74
2020-10-19	7	0	1326539	78.74
2020-10-20	42	3	1326539	78.74
2020-10-21	44	0	1326539	78.74
2020-10-22	76	0	1326539	78.74
2020-10-23	53	2	1326539	78.74
2020-10-24	51	0	1326539	78.74
2020-10-25	60	0	1326539	78.74
2020-10-26	17	0	1326539	78.74
2020-10-27	37	0	1326539	78.74
2020-10-28	125	0	1326539	78.74
2020-10-29	81	0	1326539	78.74
2020-10-30	100	0	1326539	78.74
2020-10-31	134	0	1326539	78.74
2020-11-01	80	0	1326539	78.74
2020-11-02	61	0	1326539	78.74
2020-11-03	79	0	1326539	78.74
2020-11-04	208	0	1326539	78.74
2020-11-05	131	0	1326539	78.74
2020-11-06	241	0	1326539	78.74
2020-11-07	228	0	1326539	78.74
2020-11-08	192	2	1326539	78.74
2020-11-09	125	1	1326539	78.74
2020-11-10	126	0	1326539	78.74
2020-11-11	132	0	1326539	78.74
2020-11-12	373	0	1326539	78.74
2020-11-13	267	4	1326539	78.74
2020-11-14	264	0	1326539	78.74
2020-11-15	225	1	1326539	78.74
2020-11-16	211	0	1326539	78.74
2020-11-17	185	3	1326539	78.74
2020-11-18	271	1	1326539	78.74
2020-11-19	411	1	1326539	78.74
2020-11-20	361	1	1326539	78.74
2020-11-21	299	0	1326539	78.74
2020-11-22	349	1	1326539	78.74
2020-11-23	232	4	1326539	78.74
2020-11-24	203	2	1326539	78.74
2020-11-25	382	3	1326539	78.74
2020-11-26	414	2	1326539	78.74
2020-11-27	368	5	1326539	78.74
2020-11-28	375	5	1326539	78.74
2020-11-29	354	3	1326539	78.74
2020-11-30	256	6	1326539	78.74
2020-12-01	189	3	1326539	78.74
2020-12-02	522	1	1326539	78.74
2020-12-03	450	1	1326539	78.74
2020-12-04	470	2	1326539	78.74
2020-12-05	561	1	1326539	78.74
2020-12-06	478	5	1326539	78.74
2020-12-07	248	3	1326539	78.74
2020-12-08	284	3	1326539	78.74
2020-12-09	544	2	1326539	78.74
2020-12-10	544	2	1326539	78.74
2020-12-11	358	1	1326539	78.74
2020-12-12	757	6	1326539	78.74
2020-12-13	342	1	1326539	78.74
2020-12-14	330	5	1326539	78.74
2020-12-15	297	3	1326539	78.74
2020-12-16	589	3	1326539	78.74
2020-12-17	733	4	1326539	78.74
2020-12-18	654	4	1326539	78.74
2020-12-19	561	2	1326539	78.74
2020-12-20	575	4	1326539	78.74
2020-12-21	289	7	1326539	78.74
2020-12-22	564	6	1326539	78.74
2020-12-23	662	5	1326539	78.74
2020-12-24	700	3	1326539	78.74
2020-12-25	573	7	1326539	78.74
2020-12-26	445	2	1326539	78.74
2020-12-27	365	0	1326539	78.74
2020-12-28	416	9	1326539	78.74
2020-12-29	475	8	1326539	78.74
2020-12-30	973	5	1326539	78.74
2020-12-31	734	3	1326539	78.74
2021-01-01	416	5	1326539	78.74
2021-01-02	383	7	1326539	78.74
2021-01-03	342	3	1326539	78.74
2021-01-04	390	7	1326539	78.74
2021-01-05	429	7	1326539	78.74
2021-01-06	717	3	1326539	78.74
2021-01-07	1084	4	1326539	78.74
2021-01-08	786	5	1326539	78.74
2021-01-09	552	8	1326539	78.74
2021-01-10	427	5	1326539	78.74
2021-01-11	289	4	1326539	78.74
2021-01-12	333	5	1326539	78.74
2021-01-13	853	9	1326539	78.74
2021-01-14	630	10	1326539	78.74
2021-01-15	475	5	1326539	78.74
2021-01-16	595	4	1326539	78.74
2021-01-17	388	5	1326539	78.74
2021-01-18	265	8	1326539	78.74
2021-01-19	597	11	1326539	78.74
2021-01-20	603	5	1326539	78.74
2021-01-21	668	5	1326539	78.74
2021-01-22	489	4	1326539	78.74
2021-01-23	483	10	1326539	78.74
2021-01-24	532	8	1326539	78.74
2021-01-25	259	7	1326539	78.74
2021-01-26	355	9	1326539	78.74
2021-01-27	636	6	1326539	78.74
2021-01-28	690	8	1326539	78.74
2021-01-29	687	3	1326539	78.74
2021-01-30	404	2	1326539	78.74
2021-01-31	461	8	1326539	78.74
2021-02-01	367	3	1326539	78.74
2021-02-02	403	2	1326539	78.74
2021-02-03	685	9	1326539	78.74
2021-02-04	671	10	1326539	78.74
2021-02-05	591	4	1326539	78.74
2021-02-06	587	9	1326539	78.74
2021-02-07	416	5	1326539	78.74
2021-02-08	339	5	1326539	78.74
2021-02-09	542	8	1326539	78.74
2021-02-10	796	3	1326539	78.74
2021-02-11	675	3	1326539	78.74
2021-02-12	713	6	1326539	78.74
2021-02-13	756	5	1326539	78.74
2021-02-14	667	4	1326539	78.74
2021-02-15	411	6	1326539	78.74
2021-02-16	617	7	1326539	78.74
2021-02-17	856	2	1326539	78.74
2021-02-18	995	4	1326539	78.74
2021-02-19	951	4	1326539	78.74
2021-02-20	787	10	1326539	78.74
2021-02-21	583	7	1326539	78.74
2021-02-22	829	5	1326539	78.74
2021-02-23	962	13	1326539	78.74
2021-02-24	1068	4	1326539	78.74
2021-02-25	1152	10	1326539	78.74
2021-02-26	1203	8	1326539	78.74
2021-02-27	1569	9	1326539	78.74
2021-02-28	1201	5	1326539	78.74
2021-03-01	1028	9	1326539	78.74
2021-03-02	1111	7	1326539	78.74
2021-03-03	1454	10	1326539	78.74
2021-03-04	1417	8	1326539	78.74
2021-03-05	1534	14	1326539	78.74
2021-03-06	1540	7	1326539	78.74
2021-03-07	1319	9	1326539	78.74
2021-03-08	1180	14	1326539	78.74
2021-03-09	1308	2	1326539	78.74
2021-03-10	1482	8	1326539	78.74
2021-03-11	1956	9	1326539	78.74
2021-03-12	1357	9	1326539	78.74
2021-03-13	1586	15	1326539	78.74
2021-03-14	935	9	1326539	78.74
2021-03-15	1279	9	1326539	78.74
2021-03-16	1462	11	1326539	78.74
2021-03-17	1783	6	1326539	78.74
2021-03-18	1700	13	1326539	78.74
2021-03-19	1749	11	1326539	78.74
2021-03-20	1248	11	1326539	78.74
2021-03-21	1373	7	1326539	78.74
