2020-03-14      1       0       1160164     60.19
2020-03-15      0       0       1160164     60.19
2020-03-16      0       0       1160164     60.19
2020-03-17      0       0       1160164     60.19
2020-03-18      0       0       1160164     60.19
2020-03-19      0       0       1160164     60.19
2020-03-20      0       0       1160164     60.19
2020-03-21      0       0       1160164     60.19
2020-03-22      3       0       1160164     60.19
2020-03-23      0       0       1160164     60.19
2020-03-24      0       0       1160164     60.19
2020-03-25      0       0       1160164     60.19
2020-03-26      2       0       1160164     60.19
2020-03-27      3       0       1160164     60.19
2020-03-28      0       0       1160164     60.19
2020-03-29      0       0       1160164     60.19
2020-03-30      0       0       1160164     60.19
2020-03-31      0       0       1160164     60.19
2020-04-01      0       0       1160164     60.19
2020-04-02      0       0       1160164     60.19
2020-04-03      0       0       1160164     60.19
2020-04-04      0       0       1160164     60.19
2020-04-05      0       0       1160164     60.19
2020-04-06      1       0       1160164     60.19
2020-04-07      0       0       1160164     60.19
2020-04-08      2       0       1160164     60.19
2020-04-09      0       0       1160164     60.19
2020-04-10      0       0       1160164     60.19
2020-04-11      0       0       1160164     60.19
2020-04-12      2       0       1160164     60.19
2020-04-13      1       0       1160164     60.19
2020-04-14      0       0       1160164     60.19
2020-04-15      0       0       1160164     60.19
2020-04-16      1       1       1160164     60.19
2020-04-17      0       0       1160164     60.19
2020-04-18      6       0       1160164     60.19
2020-04-19      0       0       1160164     60.19
2020-04-20      2       0       1160164     60.19
2020-04-21      7       0       1160164     60.19
2020-04-22      0       0       1160164     60.19
2020-04-23      0       0       1160164     60.19
2020-04-24      5       0       1160164     60.19
2020-04-25      20      0       1160164     60.19
2020-04-26      3       0       1160164     60.19
2020-04-27      6       0       1160164     60.19
2020-04-28      6       0       1160164     60.19
2020-04-29      20      0       1160164     60.19
2020-04-30      9       0       1160164     60.19
2020-05-01      6       0       1160164     60.19
2020-05-02      2       0       1160164     60.19
2020-05-03      4       0       1160164     60.19
2020-05-04      4       0       1160164     60.19
2020-05-05      3       0       1160164     60.19
2020-05-06      4       1       1160164     60.19
2020-05-07      30      0       1160164     60.19
2020-05-08      6       0       1160164     60.19
2020-05-09      4       0       1160164     60.19
2020-05-10      9       0       1160164     60.19
2020-05-11      3       0       1160164     60.19
2020-05-12      9       0       1160164     60.19
2020-05-13      3       0       1160164     60.19
2020-05-14      0       0       1160164     60.19
2020-05-15      3       0       1160164     60.19
2020-05-16      12      0       1160164     60.19
2020-05-17      1       0       1160164     60.19
2020-05-18      2       0       1160164     60.19
2020-05-19      3       0       1160164     60.19
2020-05-20      9       0       1160164     60.19
2020-05-21      3       0       1160164     60.19
2020-05-22      5       0       1160164     60.19
2020-05-23      13      0       1160164     60.19
2020-05-24      12      0       1160164     60.19
2020-05-25      6       0       1160164     60.19
2020-05-26      5       0       1160164     60.19
2020-05-27      11      0       1160164     60.19
2020-05-28      7       0       1160164     60.19
2020-05-29      0       0       1160164     60.19
2020-05-30      4       0       1160164     60.19
2020-05-31      2       0       1160164     60.19
2020-06-01      8       1       1160164     60.19
2020-06-02      1       0       1160164     60.19
2020-06-03      1       0       1160164     60.19
2020-06-04      5       0       1160164     60.19
2020-06-05      5       0       1160164     60.19
2020-06-06      17      0       1160164     60.19
2020-06-07      11      0       1160164     60.19
2020-06-08      7       0       1160164     60.19
2020-06-09      31      0       1160164     60.19
2020-06-10      27      0       1160164     60.19
2020-06-11      51      0       1160164     60.19
2020-06-12      23      0       1160164     60.19
2020-06-13      14      0       1160164     60.19
2020-06-14      4       1       1160164     60.19
2020-06-15      16      0       1160164     60.19
2020-06-16      14      0       1160164     60.19
2020-06-17      43      0       1160164     60.19
2020-06-18      23      0       1160164     60.19
2020-06-19      37      0       1160164     60.19
2020-06-20      4       1       1160164     60.19
2020-06-21      8       0       1160164     60.19
2020-06-22      8       1       1160164     60.19
2020-06-23      31      1       1160164     60.19
2020-06-24      16      0       1160164     60.19
2020-06-25      16      1       1160164     60.19
2020-06-26      22      0       1160164     60.19
2020-06-27      17      0       1160164     60.19
2020-06-28      36      3       1160164     60.19
2020-06-29      14      0       1160164     60.19
2020-06-30      17      0       1160164     60.19
2020-07-01      28      0       1160164     60.19
2020-07-02      33      0       1160164     60.19
2020-07-03      36      2       1160164     60.19
2020-07-04      45      0       1160164     60.19
2020-07-05      34      0       1160164     60.19
2020-07-06      23      0       1160164     60.19
2020-07-07      45      1       1160164     60.19
2020-07-08      82      0       1160164     60.19
2020-07-09      75      3       1160164     60.19
2020-07-10      44      1       1160164     60.19
2020-07-11      54      0       1160164     60.19
2020-07-12      40      2       1160164     60.19
2020-07-13      38      0       1160164     60.19
2020-07-14      45      0       1160164     60.19
2020-07-15      55      0       1160164     60.19
2020-07-16      63      1       1160164     60.19
2020-07-17      67      0       1160164     60.19
2020-07-18      110     0       1160164     60.19
2020-07-19      64      0       1160164     60.19
2020-07-20      33      2       1160164     60.19
2020-07-21      68      1       1160164     60.19
2020-07-22      44      1       1160164     60.19
2020-07-23      83      3       1160164     60.19
2020-07-24      52      0       1160164     60.19
2020-07-25      69      0       1160164     60.19
2020-07-26      65      4       1160164     60.19
2020-07-27      109     2       1160164     60.19
2020-07-28      88      5       1160164     60.19
2020-07-29      147     1       1160164     60.19
2020-07-30      26      0       1160164     60.19
2020-07-31      71      1       1160164     60.19
2020-08-01      58      2       1160164     60.19
2020-08-02      69      0       1160164     60.19
2020-08-03      63      2       1160164     60.19
2020-08-04      18      4       1160164     60.19
2020-08-05      53      4       1160164     60.19
2020-08-06      59      2       1160164     60.19
2020-08-07      68      1       1160164     60.19
2020-08-08      92      0       1160164     60.19
2020-08-09      108     2       1160164     60.19
2020-08-10      73      3       1160164     60.19
2020-08-11      101     2       1160164     60.19
2020-08-12      115     0       1160164     60.19
2020-08-13      74      2       1160164     60.19
2020-08-14      71      3       1160164     60.19
2020-08-15      75      1       1160164     60.19
2020-08-16      94      1       1160164     60.19
2020-08-17      55      3       1160164     60.19
2020-08-18      95      3       1160164     60.19
2020-08-19      69      3       1160164     60.19
2020-08-20      52      2       1160164     60.19
2020-08-21      18      0       1160164     60.19
2020-08-22      61      2       1160164     60.19
2020-08-23      36      2       1160164     60.19
2020-08-24      79      0       1160164     60.19
2020-08-25      23      1       1160164     60.19
2020-08-26      60      2       1160164     60.19
2020-08-27      46      1       1160164     60.19
2020-08-28      28      2       1160164     60.19
2020-08-29      49      0       1160164     60.19
2020-08-30      51      0       1160164     60.19
2020-08-31      16      0       1160164     60.19
2020-09-01      41      3       1160164     60.19
2020-09-02      50      0       1160164     60.19
2020-09-03      52      0       1160164     60.19
2020-09-04      60      0       1160164     60.19
2020-09-05      39      0       1160164     60.19
2020-09-06      34      0       1160164     60.19
2020-09-07      31      0       1160164     60.19
2020-09-08      20      2       1160164     60.19
2020-09-09      32      1       1160164     60.19
2020-09-10      58      1       1160164     60.19
2020-09-11      31      0       1160164     60.19
2020-09-12      25      0       1160164     60.19
2020-09-13      25      0       1160164     60.19
2020-09-14      29      3       1160164     60.19
2020-09-15      24      0       1160164     60.19
2020-09-16      27      0       1160164     60.19
2020-09-17      36      2       1160164     60.19
2020-09-18      24      0       1160164     60.19
2020-09-19      30      1       1160164     60.19
2020-09-20      24      0       1160164     60.19
2020-09-21      13      0       1160164     60.19
2020-09-22      25      2       1160164     60.19
2020-09-23      36      2       1160164     60.19
2020-09-24      32      0       1160164     60.19
2020-09-25      24      0       1160164     60.19
2020-09-26      20      0       1160164     60.19
2020-09-27      12      0       1160164     60.19
2020-09-28      21      0       1160164     60.19
2020-09-29      10      0       1160164     60.19
2020-09-30      20      1       1160164     60.19
2020-10-01      18      2       1160164     60.19
2020-10-02      21      0       1160164     60.19
2020-10-03      9       0       1160164     60.19
2020-10-04      39      0       1160164     60.19
2020-10-05      10      1       1160164     60.19
2020-10-06      19      0       1160164     60.19
2020-10-07      19      1       1160164     60.19
2020-10-08      15      0       1160164     60.19
2020-10-09      12      0       1160164     60.19
2020-10-10      16      0       1160164     60.19
2020-10-11      9       0       1160164     60.19
2020-10-12      14      0       1160164     60.19
2020-10-13      13      1       1160164     60.19
2020-10-14      19      0       1160164     60.19
2020-10-15      18      1       1160164     60.19
2020-10-16      13      0       1160164     60.19
2020-10-17      19      0       1160164     60.19
2020-10-18      15      1       1160164     60.19
2020-10-19      8       0       1160164     60.19
2020-10-20      12      0       1160164     60.19
2020-10-21      5       0       1160164     60.19
2020-10-22      9       0       1160164     60.19
2020-10-23      17      0       1160164     60.19
2020-10-24      16      0       1160164     60.19
2020-10-25      7       0       1160164     60.19
2020-10-26      9       0       1160164     60.19
2020-10-27      12      0       1160164     60.19
2020-10-28      11      0       1160164     60.19
2020-10-29      13      1       1160164     60.19
2020-10-30      10      0       1160164     60.19
2020-10-31      8       0       1160164     60.19
2020-11-01      8       0       1160164     60.19
2020-11-02      4       0       1160164     60.19
2020-11-03      13      0       1160164     60.19
2020-11-04      13      0       1160164     60.19
2020-11-05      12      0       1160164     60.19
2020-11-06      9       0       1160164     60.19
2020-11-07      13      0       1160164     60.19
2020-11-08      14      0       1160164     60.19
2020-11-09      10      0       1160164     60.19
2020-11-10      11      0       1160164     60.19
2020-11-11      20      0       1160164     60.19
2020-11-12      16      0       1160164     60.19
2020-11-13      16      1       1160164     60.19
2020-11-14      17      1       1160164     60.19
2020-11-15      2       0       1160164     60.19
2020-11-16      10      0       1160164     60.19
2020-11-17      19      0       1160164     60.19
2020-11-18      20      0       1160164     60.19
2020-11-19      12      0       1160164     60.19
2020-11-20      29      0       1160164     60.19
2020-11-21      20      0       1160164     60.19
2020-11-22      14      1       1160164     60.19
2020-11-23      14      0       1160164     60.19
2020-11-24      14      0       1160164     60.19
2020-11-25      25      0       1160164     60.19
2020-11-26      57      0       1160164     60.19
2020-11-27      33      0       1160164     60.19
2020-11-28      44      1       1160164     60.19
2020-11-29      4       0       1160164     60.19
2020-11-30      9       1       1160164     60.19
2020-12-01      23      0       1160164     60.19
2020-12-02      13      0       1160164     60.19
2020-12-03      19      0       1160164     60.19
2020-12-04      6       0       1160164     60.19
2020-12-05      15      0       1160164     60.19
2020-12-06      6       0       1160164     60.19
2020-12-07      28      1       1160164     60.19
2020-12-08      34      1       1160164     60.19
2020-12-09      49      1       1160164     60.19
2020-12-10      21      1       1160164     60.19
2020-12-11      52      0       1160164     60.19
2020-12-12      29      1       1160164     60.19
2020-12-13      54      0       1160164     60.19
2020-12-14      57      3       1160164     60.19
2020-12-15      87      2       1160164     60.19
2020-12-16      114     3       1160164     60.19
2020-12-17      67      0       1160164     60.19
2020-12-18      109     1       1160164     60.19
2020-12-19      103     1       1160164     60.19
2020-12-20      122     3       1160164     60.19
2020-12-21      135     1       1160164     60.19
2020-12-22      153     1       1160164     60.19
2020-12-23      153     11      1160164     60.19
2020-12-24      164     1       1160164     60.19
2020-12-25      138     0       1160164     60.19
2020-12-26      197     9       1160164     60.19
2020-12-27      117     2       1160164     60.19
2020-12-28      203     2       1160164     60.19
2020-12-29      247     8       1160164     60.19
2020-12-30      212     9       1160164     60.19
2020-12-31      212     21      1160164     60.19
2021-01-01      124     11      1160164     60.19
2021-01-02      229     11      1160164     60.19
2021-01-03      232     4       1160164     60.19
2021-01-04      195     13      1160164     60.19
2021-01-05      200     8       1160164     60.19
2021-01-06      201     9       1160164     60.19
2021-01-07      234     7       1160164     60.19
2021-01-08      202     11      1160164     60.19
2021-01-09      205     12      1160164     60.19
2021-01-10      255     4       1160164     60.19
2021-01-11      276     3       1160164     60.19
2021-01-12      208     21      1160164     60.19
2021-01-13      205     13      1160164     60.19
2021-01-14      203     3       1160164     60.19
2021-01-15      205     8       1160164     60.19
2021-01-16      204     17      1160164     60.19
2021-01-17      208     16      1160164     60.19
2021-01-18      243     8       1160164     60.19
2021-01-19      256     19      1160164     60.19
2021-01-20      346     24      1160164     60.19
2021-01-21      228     14      1160164     60.19
2021-01-22      202     17      1160164     60.19
2021-01-23      111     0       1160164     60.19
2021-01-24      154     21      1160164     60.19
2021-01-25      138     14      1160164     60.19
2021-01-26      208     24      1160164     60.19
2021-01-27      221     5       1160164     60.19
2021-01-28      232     16      1160164     60.19
2021-01-29      188     13      1160164     60.19
2021-01-30      195     11      1160164     60.19
2021-01-31      45      3       1160164     60.19
2021-02-01      93      9       1160164     60.19
2021-02-02      74      9       1160164     60.19
2021-02-03      96      2       1160164     60.19
2021-02-04      71      6       1160164     60.19
2021-02-05      92      9       1160164     60.19
2021-02-06      44      4       1160164     60.19
2021-02-07      23      0       1160164     60.19
2021-02-08      30      3       1160164     60.19
2021-02-09      54      3       1160164     60.19
2021-02-10      53      6       1160164     60.19
2021-02-11      55      3       1160164     60.19
2021-02-12      59      11      1160164     60.19
2021-02-13      33      0       1160164     60.19
2021-02-14      47      0       1160164     60.19
2021-02-15      41      4       1160164     60.19
2021-02-16      30      0       1160164     60.19
2021-02-17      67      3       1160164     60.19
2021-02-18      36      3       1160164     60.19
2021-02-19      33      4       1160164     60.19
2021-02-20      22      1       1160164     60.19
2021-02-21      25      0       1160164     60.19
2021-02-22      18      0       1160164     60.19
2021-02-23      32      2       1160164     60.19
2021-02-24      58      2       1160164     60.19
2021-02-25      49      1       1160164     60.19
2021-02-26      26      0       1160164     60.19
2021-02-27      30      0       1160164     60.19
2021-02-28      12      2       1160164     60.19
2021-03-01      11      0       1160164     60.19
2021-03-02      61      0       1160164     60.19
2021-03-03      17      0       1160164     60.19
2021-03-04      26      2       1160164     60.19
2021-03-05      26      0       1160164     60.19
2021-03-06      18      4       1160164     60.19
2021-03-07      11      0       1160164     60.19
2021-03-08      4       0       1160164     60.19
2021-03-09      3       0       1160164     60.19
2021-03-10      12      0       1160164     60.19
2021-03-11      12      1       1160164     60.19
2021-03-12      10      0       1160164     60.19
2021-03-13      9       2       1160164     60.19
2021-03-14      3       0       1160164     60.19
2021-03-15      2       2       1160164     60.19
2021-03-16      4       0       1160164     60.19
2021-03-17      14      0       1160164     60.19
2021-03-18      10      1       1160164     60.19
2021-03-19      7       0       1160164     60.19
2021-03-20      9       1       1160164     60.19
2021-03-21      3       0       1160164     60.19