
	2020-01-29		1		0		5540718		81.91
	2020-01-30		0		0		5540718		81.91
	2020-01-31		0		0		5540718		81.91
	2020-02-01		0		0		5540718		81.91
	2020-02-02		0		0		5540718		81.91
	2020-02-03		0		0		5540718		81.91
	2020-02-04		0		0		5540718		81.91
	2020-02-05		0		0		5540718		81.91
	2020-02-06		0		0		5540718		81.91
	2020-02-07		0		0		5540718		81.91
	2020-02-08		0		0		5540718		81.91
	2020-02-09		0		0		5540718		81.91
	2020-02-10		0		0		5540718		81.91
	2020-02-11		0		0		5540718		81.91
	2020-02-12		0		0		5540718		81.91
	2020-02-13		0		0		5540718		81.91
	2020-02-14		0		0		5540718		81.91
	2020-02-15		0		0		5540718		81.91
	2020-02-16		0		0		5540718		81.91
	2020-02-17		0		0		5540718		81.91
	2020-02-18		0		0		5540718		81.91
	2020-02-19		0		0		5540718		81.91
	2020-02-20		0		0		5540718		81.91
	2020-02-21		0		0		5540718		81.91
	2020-02-22		0		0		5540718		81.91
	2020-02-23		0		0		5540718		81.91
	2020-02-24		0		0		5540718		81.91
	2020-02-25		0		0		5540718		81.91
	2020-02-26		1		0		5540718		81.91
	2020-02-27		0		0		5540718		81.91
	2020-02-28		0		0		5540718		81.91
	2020-02-29		1		0		5540718		81.91
	2020-03-01		3		0		5540718		81.91
	2020-03-02		0		0		5540718		81.91
	2020-03-03		0		0		5540718		81.91
	2020-03-04		0		0		5540718		81.91
	2020-03-05		6		0		5540718		81.91
	2020-03-06		3		0		5540718		81.91
	2020-03-07		0		0		5540718		81.91
	2020-03-08		8		0		5540718		81.91
	2020-03-09		7		0		5540718		81.91
	2020-03-10		10		0		5540718		81.91
	2020-03-11		19		0		5540718		81.91
	2020-03-12		0		0		5540718		81.91
	2020-03-13		96		0		5540718		81.91
	2020-03-14		70		0		5540718		81.91
	2020-03-15		19		0		5540718		81.91
	2020-03-16		33		0		5540718		81.91
	2020-03-17		44		0		5540718		81.91
	2020-03-18		15		0		5540718		81.91
	2020-03-19		64		0		5540718		81.91
	2020-03-20		50		0		5540718		81.91
	2020-03-21		73		1		5540718		81.91
	2020-03-22		103		0		5540718		81.91
	2020-03-23		74		0		5540718		81.91
	2020-03-24		92		0		5540718		81.91
	2020-03-25		88		2		5540718		81.91
	2020-03-26		78		2		5540718		81.91
	2020-03-27		83		2		5540718		81.91
	2020-03-28		126		2		5540718		81.91
	2020-03-29		73		2		5540718		81.91
	2020-03-30		112		2		5540718		81.91
	2020-03-31		66		4		5540718		81.91
	2020-04-01		28		0		5540718		81.91
	2020-04-02		72		2		5540718		81.91
	2020-04-03		97		1		5540718		81.91
	2020-04-04		267		5		5540718		81.91
	2020-04-05		45		3		5540718		81.91
	2020-04-06		249		-1		5540718		81.91
	2020-04-07		132		7		5540718		81.91
	2020-04-08		179		6		5540718		81.91
	2020-04-09		118		2		5540718		81.91
	2020-04-10		164		6		5540718		81.91
	2020-04-11		136		1		5540718		81.91
	2020-04-12		69		7		5540718		81.91
	2020-04-13		90		3		5540718		81.91
	2020-04-14		97		5		5540718		81.91
	2020-04-15		76		8		5540718		81.91
	2020-04-16		132		3		5540718		81.91
	2020-04-17		120		7		5540718		81.91
	2020-04-18		192		8		5540718		81.91
	2020-04-19		102		4		5540718		81.91
	2020-04-20		85		4		5540718		81.91
	2020-04-21		146		43		5540718		81.91
	2020-04-22		115		8		5540718		81.91
	2020-04-23		155		23		5540718		81.91
	2020-04-24		111		5		5540718		81.91
	2020-04-25		80		9		5540718		81.91
	2020-04-26		101		4		5540718		81.91
	2020-04-27		119		3		5540718		81.91
	2020-04-28		45		6		5540718		81.91
	2020-04-29		166		7		5540718		81.91
	2020-04-30		89		5		5540718		81.91
	2020-05-01		56		7		5540718		81.91
	2020-05-02		125		2		5540718		81.91
	2020-05-03		78		10		5540718		81.91
	2020-05-04		73		10		5540718		81.91
	2020-05-05		85		6		5540718		81.91
	2020-05-06		161		6		5540718		81.91
	2020-05-07		100		3		5540718		81.91
	2020-05-08		65		5		5540718		81.91
	2020-05-09		142		5		5540718		81.91
	2020-05-10		82		2		5540718		81.91
	2020-05-11		22		4		5540718		81.91
	2020-05-12		19		4		5540718		81.91
	2020-05-13		51		9		5540718		81.91
	2020-05-14		91		3		5540718		81.91
	2020-05-15		83		6		5540718		81.91
	2020-05-16		58		4		5540718		81.91
	2020-05-17		61		1		5540718		81.91
	2020-05-18		33		2		5540718		81.91
	2020-05-19		19		1		5540718		81.91
	2020-05-20		44		3		5540718		81.91
	2020-05-21		50		2		5540718		81.91
	2020-05-22		44		0		5540718		81.91
	2020-05-23		31		0		5540718		81.91
	2020-05-24		11		1		5540718		81.91
	2020-05-25		20		1		5540718		81.91
	2020-05-26		29		4		5540718		81.91
	2020-05-27		64		1		5540718		81.91
	2020-05-28		51		0		5540718		81.91
	2020-05-29		33		1		5540718		81.91
	2020-05-30		50		2		5540718		81.91
	2020-05-31		33		4		5540718		81.91
	2020-06-01		26		-2		5540718		81.91
	2020-06-02		2		2		5540718		81.91
	2020-06-03		24		1		5540718		81.91
	2020-06-04		0		1		5540718		81.91
	2020-06-05		30		0		5540718		81.91
	2020-06-06		23		0		5540718		81.91
	2020-06-07		17		1		5540718		81.91
	2020-06-08		20		0		5540718		81.91
	2020-06-09		24		1		5540718		81.91
	2020-06-10		15		0		5540718		81.91
	2020-06-11		24		1		5540718		81.91
	2020-06-12		9		0		5540718		81.91
	2020-06-13		14		0		5540718		81.91
	2020-06-14		17		1		5540718		81.91
	2020-06-15		4		0		5540718		81.91
	2020-06-16		4		0		5540718		81.91
	2020-06-17		5		0		5540718		81.91
	2020-06-18		2		0		5540718		81.91
	2020-06-19		14		0		5540718		81.91
	2020-06-20		9		0		5540718		81.91
	2020-06-21		1		0		5540718		81.91
	2020-06-22		1		1		5540718		81.91
	2020-06-23		11		0		5540718		81.91
	2020-06-24		12		0		5540718		81.91
	2020-06-25		5		0		5540718		81.91
	2020-06-26		19		1		5540718		81.91
	2020-06-27		7		0		5540718		81.91
	2020-06-28		0		0		5540718		81.91
	2020-06-29		11		0		5540718		81.91
	2020-06-30		5		0		5540718		81.91
	2020-07-01		22		0		5540718		81.91
	2020-07-02		5		0		5540718		81.91
	2020-07-03		1		1		5540718		81.91
	2020-07-04		6		0		5540718		81.91
	2020-07-05		5		0		5540718		81.91
	2020-07-06		4		0		5540718		81.91
	2020-07-07		5		0		5540718		81.91
	2020-07-08		3		0		5540718		81.91
	2020-07-09		8		0		5540718		81.91
	2020-07-10		6		0		5540718		81.91
	2020-07-11		12		0		5540718		81.91
	2020-07-12		3		0		5540718		81.91
	2020-07-13		1		0		5540718		81.91
	2020-07-14		6		0		5540718		81.91
	2020-07-15		-5		-1		5540718		81.91
	2020-07-16		-3		0		5540718		81.91
	2020-07-17		8		0		5540718		81.91
	2020-07-18		17		0		5540718		81.91
	2020-07-19		17		0		5540718		81.91
	2020-07-20		5		0		5540718		81.91
	2020-07-21		11		0		5540718		81.91
	2020-07-22		11		0		5540718		81.91
	2020-07-23		10		0		5540718		81.91
	2020-07-24		8		1		5540718		81.91
	2020-07-25		8		0		5540718		81.91
	2020-07-26		5		0		5540718		81.91
	2020-07-27		5		0		5540718		81.91
	2020-07-28		6		0		5540718		81.91
	2020-07-29		10		0		5540718		81.91
	2020-07-30		9		0		5540718		81.91
	2020-07-31		9		0		5540718		81.91
	2020-08-01		11		0		5540718		81.91
	2020-08-02		10		0		5540718		81.91
	2020-08-03		13		0		5540718		81.91
	2020-08-04		17		2		5540718		81.91
	2020-08-05		29		0		5540718		81.91
	2020-08-06		20		0		5540718		81.91
	2020-08-07		22		0		5540718		81.91
	2020-08-08		14		0		5540718		81.91
	2020-08-09		16		0		5540718		81.91
	2020-08-10		17		2		5540718		81.91
	2020-08-11		22		0		5540718		81.91
	2020-08-12		19		0		5540718		81.91
	2020-08-13		41		0		5540718		81.91
	2020-08-14		17		0		5540718		81.91
	2020-08-15		20		0		5540718		81.91
	2020-08-16		11		0		5540718		81.91
	2020-08-17		21		1		5540718		81.91
	2020-08-18		24		0		5540718		81.91
	2020-08-19		29		0		5540718		81.91
	2020-08-20		37		0		5540718		81.91
	2020-08-21		29		0		5540718		81.91
	2020-08-22		35		0		5540718		81.91
	2020-08-23		14		0		5540718		81.91
	2020-08-24		18		1		5540718		81.91
	2020-08-25		43		0		5540718		81.91
	2020-08-26		21		0		5540718		81.91
	2020-08-27		17		0		5540718		81.91
	2020-08-28		23		0		5540718		81.91
	2020-08-29		7		0		5540718		81.91
	2020-08-30		28		0		5540718		81.91
	2020-08-31		9		1		5540718		81.91
	2020-09-01		56		0		5540718		81.91
	2020-09-02		19		0		5540718		81.91
	2020-09-03		39		0		5540718		81.91
	2020-09-04		25		0		5540718		81.91
	2020-09-05		36		0		5540718		81.91
	2020-09-06		30		0		5540718		81.91
	2020-09-07		36		0		5540718		81.91
	2020-09-08		10		0		5540718		81.91
	2020-09-09		93		1		5540718		81.91
	2020-09-10		39		0		5540718		81.91
	2020-09-11		43		0		5540718		81.91
	2020-09-12		45		0		5540718		81.91
	2020-09-13		23		0		5540718		81.91
	2020-09-14		47		0		5540718		81.91
	2020-09-15		98		2		5540718		81.91
	2020-09-16		25		0		5540718		81.91
	2020-09-17		49		0		5540718		81.91
	2020-09-18		59		0		5540718		81.91
	2020-09-19		64		0		5540718		81.91
	2020-09-20		58		0		5540718		81.91
	2020-09-21		66		2		5540718		81.91
	2020-09-22		149		0		5540718		81.91
	2020-09-23		93		2		5540718		81.91
	2020-09-24		91		0		5540718		81.91
	2020-09-25		105		0		5540718		81.91
	2020-09-26		93		0		5540718		81.91
	2020-09-27		105		0		5540718		81.91
	2020-09-28		61		2		5540718		81.91
	2020-09-29		149		0		5540718		81.91
	2020-09-30		100		-1		5540718		81.91
	2020-10-01		111		0		5540718		81.91
	2020-10-02		141		1		5540718		81.91
	2020-10-03		147		0		5540718		81.91
	2020-10-04		147		0		5540718		81.91
	2020-10-05		164		1		5540718		81.91
	2020-10-06		227		0		5540718		81.91
	2020-10-07		120		0		5540718		81.91
	2020-10-08		296		0		5540718		81.91
	2020-10-09		235		0		5540718		81.91
	2020-10-10		269		0		5540718		81.91
	2020-10-11		149		0		5540718		81.91
	2020-10-12		214		0		5540718		81.91
	2020-10-13		287		0		5540718		81.91
	2020-10-14		204		4		5540718		81.91
	2020-10-15		241		0		5540718		81.91
	2020-10-16		189		1		5540718		81.91
	2020-10-17		160		0		5540718		81.91
	2020-10-18		131		0		5540718		81.91
	2020-10-19		131		0		5540718		81.91
	2020-10-20		294		0		5540718		81.91
	2020-10-21		222		4		5540718		81.91
	2020-10-22		184		0		5540718		81.91
	2020-10-23		219		-2		5540718		81.91
	2020-10-24		178		0		5540718		81.91
	2020-10-25		196		0		5540718		81.91
	2020-10-26		122		1		5540718		81.91
	2020-10-27		193		0		5540718		81.91
	2020-10-28		215		0		5540718		81.91
	2020-10-29		188		0		5540718		81.91
	2020-10-30		344		4		5540718		81.91
	2020-10-31		203		0		5540718		81.91
	2020-11-01		178		0		5540718		81.91
	2020-11-02		109		1		5540718		81.91
	2020-11-03		237		0		5540718		81.91
	2020-11-04		293		2		5540718		81.91
	2020-11-05		189		0		5540718		81.91
	2020-11-06		266		1		5540718		81.91
	2020-11-07		0		0		5540718		81.91
	2020-11-08		412		0		5540718		81.91
	2020-11-09		90		1		5540718		81.91
	2020-11-10		220		0		5540718		81.91
	2020-11-11		238		2		5540718		81.91
	2020-11-12		197		0		5540718		81.91
	2020-11-13		316		4		5540718		81.91
	2020-11-14		244		0		5540718		81.91
	2020-11-15		213		0		5540718		81.91
	2020-11-16		104		2		5540718		81.91
	2020-11-17		228		0		5540718		81.91
	2020-11-18		288		3		5540718		81.91
	2020-11-19		351		0		5540718		81.91
	2020-11-20		461		1		5540718		81.91
	2020-11-21		469		0		5540718		81.91
	2020-11-22		423		0		5540718		81.91
	2020-11-23		297		9		5540718		81.91
	2020-11-24		353		0		5540718		81.91
	2020-11-25		363		4		5540718		81.91
	2020-11-26		496		0		5540718		81.91
	2020-11-27		618		5		5540718		81.91
	2020-11-28		541		0		5540718		81.91
	2020-11-29		322		0		5540718		81.91
	2020-11-30		283		6		5540718		81.91
	2020-12-01		550		0		5540718		81.91
	2020-12-02		420		9		5540718		81.91
	2020-12-03		540		0		5540718		81.91
	2020-12-04		336		0		5540718		81.91
	2020-12-05		460		7		5540718		81.91
	2020-12-06		413		0		5540718		81.91
	2020-12-07		250		9		5540718		81.91
	2020-12-08		361		0		5540718		81.91
	2020-12-09		490		9		5540718		81.91
	2020-12-10		840		9		5540718		81.91
	2020-12-11		501		11		5540718		81.91
	2020-12-12		377		0		5540718		81.91
	2020-12-13		360		0		5540718		81.91
	2020-12-14		300		8		5540718		81.91
	2020-12-15		349		5		5540718		81.91
	2020-12-16		411		6		5540718		81.91
	2020-12-17		358		12		5540718		81.91
	2020-12-18		354		5		5540718		81.91
	2020-12-19		271		0		5540718		81.91
	2020-12-20		309		0		5540718		81.91
	2020-12-21		252		17		5540718		81.91
	2020-12-22		303		5		5540718		81.91
	2020-12-23		367		13		5540718		81.91
	2020-12-24		363		0		5540718		81.91
	2020-12-25		201		0		5540718		81.91
	2020-12-26		173		0		5540718		81.91
	2020-12-27		156		0		5540718		81.91
	2020-12-28		160		22		5540718		81.91
	2020-12-29		283		4		5540718		81.91
	2020-12-30		438		6		5540718		81.91
	2020-12-31		249		5		5540718		81.91
	2021-01-01		296		0		5540718		81.91
	2021-01-02		201		0		5540718		81.91
	2021-01-03		168		0		5540718		81.91
	2021-01-04		147		4		5540718		81.91
	2021-01-05		299		11		5540718		81.91
	2021-01-06		331		0		5540718		81.91
	2021-01-07		223		8		5540718		81.91
	2021-01-08		296		2		5540718		81.91
	2021-01-09		324		0		5540718		81.91
	2021-01-10		198		0		5540718		81.91
	2021-01-11		200		11		5540718		81.91
	2021-01-12		221		5		5540718		81.91
	2021-01-13		324		0		5540718		81.91
	2021-01-14		258		14		5540718		81.91
	2021-01-15		318		2		5540718		81.91
	2021-01-16		190		0		5540718		81.91
	2021-01-17		236		0		5540718		81.91
	2021-01-18		168		0		5540718		81.91
	2021-01-19		217		3		5540718		81.91
	2021-01-20		444		11		5540718		81.91
	2021-01-21		399		0		5540718		81.91
	2021-01-22		350		12		5540718		81.91
	2021-01-23		419		0		5540718		81.91
	2021-01-24		246		0		5540718		81.91
	2021-01-25		192		11		5540718		81.91
	2021-01-26		348		0		5540718		81.91
	2021-01-27		496		5		5540718		81.91
	2021-01-28		423		4		5540718		81.91
	2021-01-29		363		7		5540718		81.91
	2021-01-30		469		0		5540718		81.91
	2021-01-31		367		0		5540718		81.91
	2021-02-01		244		6		5540718		81.91
	2021-02-02		302		7		5540718		81.91
	2021-02-03		265		1		5540718		81.91
	2021-02-04		444		3		5540718		81.91
	2021-02-05		401		0		5540718		81.91
	2021-02-06		368		0		5540718		81.91
	2021-02-07		354		0		5540718		81.91
	2021-02-08		353		0		5540718		81.91
	2021-02-09		438		15		5540718		81.91
	2021-02-10		400		0		5540718		81.91
	2021-02-11		358		5		5540718		81.91
	2021-02-12		407		2		5540718		81.91
	2021-02-13		435		0		5540718		81.91
	2021-02-14		312		0		5540718		81.91
	2021-02-15		343		6		5540718		81.91
	2021-02-16		385		4		5540718		81.91
	2021-02-17		548		3		5540718		81.91
	2021-02-18		614		2		5540718		81.91
	2021-02-19		444		0		5540718		81.91
	2021-02-20		632		1		5540718		81.91
	2021-02-21		457		0		5540718		81.91
	2021-02-22		390		7		5540718		81.91
	2021-02-23		400		1		5540718		81.91
	2021-02-24		590		3		5540718		81.91
	2021-02-25		565		3		5540718		81.91
	2021-02-26		720		2		5540718		81.91
	2021-02-27		645		0		5540718		81.91
	2021-02-28		620		0		5540718		81.91
	2021-03-01		392		8		5540718		81.91
	2021-03-02		581		5		5540718		81.91
	2021-03-03		797		4		5540718		81.91
	2021-03-04		758		5		5540718		81.91
	2021-03-05		704		3		5540718		81.91
	2021-03-06		648		0		5540718		81.91
	2021-03-07		511		0		5540718		81.91
	2021-03-08		459		7		5540718		81.91
	2021-03-09		588		2		5540718		81.91
	2021-03-10		779		0		5540718		81.91
	2021-03-11		720		0		5540718		81.91
	2021-03-12		706		10		5540718		81.91
	2021-03-13		691		0		5540718		81.91
	2021-03-14		863		0		5540718		81.91
	2021-03-15		465		14		5540718		81.91
	2021-03-16		517		1		5540718		81.91
	2021-03-17		842		3		5540718		81.91
	2021-03-18		804		1		5540718		81.91
	2021-03-19		770		0		5540718		81.91
	2021-03-20		856		0		5540718		81.91
	2021-03-21		520		0		5540718		81.91