2020-01-24	2	0	68147687	82.66
2020-01-25	1	0	68147687	82.66
2020-01-26	0	0	68147687	82.66
2020-01-27	0	0	68147687	82.66
2020-01-28	1	0	68147687	82.66
2020-01-29	1	0	68147687	82.66
2020-01-30	0	0	68147687	82.66
2020-01-31	0	0	68147687	82.66
2020-02-01	1	0	68147687	82.66
2020-02-02	0	0	68147687	82.66
2020-02-03	0	0	68147687	82.66
2020-02-04	0	0	68147687	82.66
2020-02-05	0	0	68147687	82.66
2020-02-06	0	0	68147687	82.66
2020-02-07	0	0	68147687	82.66
2020-02-08	5	0	68147687	82.66
2020-02-09	0	0	68147687	82.66
2020-02-10	0	0	68147687	82.66
2020-02-11	0	0	68147687	82.66
2020-02-12	0	0	68147687	82.66
2020-02-13	0	0	68147687	82.66
2020-02-14	0	0	68147687	82.66
2020-02-15	1	1	68147687	82.66
2020-02-16	0	0	68147687	82.66
2020-02-17	0	0	68147687	82.66
2020-02-18	0	0	68147687	82.66
2020-02-19	0	0	68147687	82.66
2020-02-20	0	0	68147687	82.66
2020-02-21	0	0	68147687	82.66
2020-02-22	0	0	68147687	82.66
2020-02-23	0	0	68147687	82.66
2020-02-24	0	0	68147687	82.66
2020-02-25	2	0	68147687	82.66
2020-02-26	4	1	68147687	82.66
2020-02-27	20	0	68147687	82.66
2020-02-28	19	0	68147687	82.66
2020-02-29	43	0	68147687	82.66
2020-03-01	30	0	68147687	82.66
2020-03-02	61	1	68147687	82.66
2020-03-03	21	1	68147687	82.66
2020-03-04	76	0	68147687	82.66
2020-03-05	138	3	68147687	82.66
2020-03-06	190	2	68147687	82.66
2020-03-07	332	7	68147687	82.66
2020-03-08	177	3	68147687	82.66
2020-03-09	286	6	68147687	82.66
2020-03-10	372	8	68147687	82.66
2020-03-11	510	15	68147687	82.66
2020-03-12	0	0	68147687	82.66
2020-03-13	1388	31	68147687	82.66
2020-03-14	815	12	68147687	82.66
2020-03-15	36	0	68147687	82.66
2020-03-16	2151	58	68147687	82.66
2020-03-17	1032	0	68147687	82.66
2020-03-18	1409	0	68147687	82.66
2020-03-19	1846	95	68147687	82.66
2020-03-20	1788	207	68147687	82.66
2020-03-21	1705	112	68147687	82.66
2020-03-22	2295	113	68147687	82.66
2020-03-23	3365	186	68147687	82.66
2020-03-24	2249	240	68147687	82.66
2020-03-25	2962	231	68147687	82.66
2020-03-26	3918	364	68147687	82.66
2020-03-27	3795	299	68147687	82.66
2020-03-28	4645	318	68147687	82.66
2020-03-29	2603	294	68147687	82.66
2020-03-30	4354	418	68147687	82.66
2020-03-31	7629	500	68147687	82.66
2020-04-01	4844	1252	68147687	82.66
2020-04-02	2106	609	68147687	82.66
2020-04-03	5224	1122	68147687	82.66
2020-04-04	-17074	1053	68147687	82.66
2020-04-05	855	519	68147687	82.66
2020-04-06	2654	833	68147687	82.66
2020-04-07	-3491	1416	68147687	82.66
2020-04-08	3855	544	68147687	82.66
2020-04-09	3784	1340	68147687	82.66
2020-04-10	1565	985	68147687	82.66
2020-04-11	1445	636	68147687	82.66
2020-04-12	50746	561	68147687	82.66
2020-04-13	3141	573	68147687	82.66
2020-04-14	17448	743	68147687	82.66
2020-04-15	3208	1438	68147687	82.66
2020-04-16	12578	753	68147687	82.66
2020-04-17	1891	761	68147687	82.66
2020-04-18	3806	641	68147687	82.66
2020-04-19	1092	389	68147687	82.66
2020-04-20	2447	547	68147687	82.66
2020-04-21	2666	528	68147687	82.66
2020-04-22	1800	544	68147687	82.66
2020-04-23	-1710	516	68147687	82.66
2020-04-24	2811	390	68147687	82.66
2020-04-25	1678	369	68147687	82.66
2020-04-26	633	242	68147687	82.66
2020-04-27	3686	437	68147687	82.66
2020-04-28	3132	367	68147687	82.66
2020-04-29	-1455	426	68147687	82.66
2020-04-30	1218	289	68147687	82.66
2020-05-01	526	217	68147687	82.66
2020-05-02	792	197	68147687	82.66
2020-05-03	361	135	68147687	82.66
2020-05-04	562	306	68147687	82.66
2020-05-05	1117	333	68147687	82.66
2020-05-06	4136	275	68147687	82.66
2020-05-07	741	179	68147687	82.66
2020-05-08	531	242	68147687	82.66
2020-05-09	529	80	68147687	82.66
2020-05-10	249	70	68147687	82.66
2020-05-11	314	263	68147687	82.66
2020-05-12	753	348	68147687	82.66
2020-05-13	521	85	68147687	82.66
2020-05-14	642	351	68147687	82.66
2020-05-15	513	102	68147687	82.66
2020-05-16	415	98	68147687	82.66
2020-05-17	140	483	68147687	82.66
2020-05-18	444	129	68147687	82.66
2020-05-19	501	-217	68147687	82.66
2020-05-20	482	111	68147687	82.66
2020-05-21	267	82	68147687	82.66
2020-05-22	756	148	68147687	82.66
2020-05-23	546	86	68147687	82.66
2020-05-24	-439	-80	68147687	82.66
2020-05-25	325	89	68147687	82.66
2020-05-26	255	137	68147687	82.66
2020-05-27	172	1	68147687	82.66
2020-05-28	3343	67	68147687	82.66
2020-05-29	594	51	68147687	82.66
2020-05-30	1795	57	68147687	82.66
2020-05-31	231	31	68147687	82.66
2020-06-01	407	32	68147687	82.66
2020-06-02	-647	106	68147687	82.66
2020-06-03	-3226	81	68147687	82.66
2020-06-04	4360	45	68147687	82.66
2020-06-05	581	45	68147687	82.66
2020-06-06	572	31	68147687	82.66
2020-06-07	341	13	68147687	82.66
2020-06-08	274	55	68147687	82.66
2020-06-09	553	88	68147687	82.66
2020-06-10	625	21	68147687	82.66
2020-06-11	364	27	68147687	82.66
2020-06-12	802	28	68147687	82.66
2020-06-13	497	24	68147687	82.66
2020-06-14	390	10	68147687	82.66
2020-06-15	136	28	68147687	82.66
2020-06-16	663	114	68147687	82.66
2020-06-17	488	25	68147687	82.66
2020-06-18	586	28	68147687	82.66
2020-06-19	787	14	68147687	82.66
2020-06-20	619	18	68147687	82.66
2020-06-21	343	6	68147687	82.66
2020-06-22	142	24	68147687	82.66
2020-06-23	698	54	68147687	82.66
2020-06-24	268	13	68147687	82.66
2020-06-25	255	19	68147687	82.66
2020-06-26	1263	26	68147687	82.66
2020-06-27	448	1	68147687	82.66
2020-06-28	-406	0	68147687	82.66
2020-06-29	645	35	68147687	82.66
2020-06-30	441	30	68147687	82.66
2020-07-01	990	19	68147687	82.66
2020-07-02	539	13	68147687	82.66
2020-07-03	539	18	68147687	82.66
2020-07-04	358	0	68147687	82.66
2020-07-05	11	-1	68147687	82.66
2020-07-06	1018	30	68147687	82.66
2020-07-07	454	11	68147687	82.66
2020-07-08	822	31	68147687	82.66
2020-07-09	444	16	68147687	82.66
2020-07-10	715	26	68147687	82.66
2020-07-11	251	3	68147687	82.66
2020-07-12	16	0	68147687	82.66
2020-07-13	1423	23	68147687	82.66
2020-07-14	62	2	68147687	82.66
2020-07-15	727	88	68147687	82.66
2020-07-16	569	17	68147687	82.66
2020-07-17	829	13	68147687	82.66
2020-07-18	163	3	68147687	82.66
2020-07-19	4	0	68147687	82.66
2020-07-20	1911	24	68147687	82.66
2020-07-21	595	-13	68147687	82.66
2020-07-22	921	6	68147687	82.66
2020-07-23	1236	11	68147687	82.66
2020-07-24	1091	10	68147687	82.66
2020-07-25	88	0	68147687	82.66
2020-07-26	0	0	68147687	82.66
2020-07-27	2488	18	68147687	82.66
2020-07-28	564	13	68147687	82.66
2020-07-29	1470	14	68147687	82.66
2020-07-30	1389	16	68147687	82.66
2020-07-31	1308	11	68147687	82.66
2020-08-01	63	0	68147687	82.66
2020-08-02	3	0	68147687	82.66
2020-08-03	3360	30	68147687	82.66
2020-08-04	971	2	68147687	82.66
2020-08-05	1708	11	68147687	82.66
2020-08-06	1601	4	68147687	82.66
2020-08-07	2387	13	68147687	82.66
2020-08-08	70	1	68147687	82.66
2020-08-09	35	0	68147687	82.66
2020-08-10	4731	15	68147687	82.66
2020-08-11	1414	14	68147687	82.66
2020-08-12	2598	18	68147687	82.66
2020-08-13	2678	17	68147687	82.66
2020-08-14	2923	19	68147687	82.66
2020-08-15	3210	1	68147687	82.66
2020-08-16	3003	1	68147687	82.66
2020-08-17	650	20	68147687	82.66
2020-08-18	2119	22	68147687	82.66
2020-08-19	3772	18	68147687	82.66
2020-08-20	4800	11	68147687	82.66
2020-08-21	5009	24	68147687	82.66
2020-08-22	3474	9	68147687	82.66
2020-08-23	4680	0	68147687	82.66
2020-08-24	1976	16	68147687	82.66
2020-08-25	3616	19	68147687	82.66
2020-08-26	287	0	68147687	82.66
2020-08-27	11203	35	68147687	82.66
2020-08-28	7641	18	68147687	82.66
2020-08-29	5460	6	68147687	82.66
2020-08-30	5366	3	68147687	82.66
2020-08-31	3113	31	68147687	82.66
2020-09-01	5104	27	68147687	82.66
2020-09-02	7113	27	68147687	82.66
2020-09-03	7122	17	68147687	82.66
2020-09-04	8834	-21	68147687	82.66
2020-09-05	8594	12	68147687	82.66
2020-09-06	7016	4	68147687	82.66
2020-09-07	4266	23	68147687	82.66
2020-09-08	6738	38	68147687	82.66
2020-09-09	8619	32	68147687	82.66
2020-09-10	9762	19	68147687	82.66
2020-09-11	9509	82	68147687	82.66
2020-09-12	11337	18	68147687	82.66
2020-09-13	6345	5	68147687	82.66
2020-09-14	6396	34	68147687	82.66
2020-09-15	7826	50	68147687	82.66
2020-09-16	10191	48	68147687	82.66
2020-09-17	10239	47	68147687	82.66
2020-09-18	13233	154	68147687	82.66
2020-09-19	13560	25	68147687	82.66
2020-09-20	10536	11	68147687	82.66
2020-09-21	5539	53	68147687	82.66
2020-09-22	10084	79	68147687	82.66
2020-09-23	13291	48	68147687	82.66
2020-09-24	15850	46	68147687	82.66
2020-09-25	16104	151	68147687	82.66
2020-09-26	14220	39	68147687	82.66
2020-09-27	10635	27	68147687	82.66
2020-09-28	4299	84	68147687	82.66
2020-09-29	8005	73	68147687	82.66
2020-09-30	14366	80	68147687	82.66
2020-10-01	13051	57	68147687	82.66
2020-10-02	12436	136	68147687	82.66
2020-10-03	16488	25	68147687	82.66
2020-10-04	12504	32	68147687	82.66
2020-10-05	5639	71	68147687	82.66
2020-10-06	11310	87	68147687	82.66
2020-10-07	18953	80	68147687	82.66
2020-10-08	17402	73	68147687	82.66
2020-10-09	21088	110	68147687	82.66
2020-10-10	26677	35	68147687	82.66
2020-10-11	15937	46	68147687	82.66
2020-10-12	9212	97	68147687	82.66
2020-10-13	13626	128	68147687	82.66
2020-10-14	23002	106	68147687	82.66
2020-10-15	29757	85	68147687	82.66
2020-10-16	25632	179	68147687	82.66
2020-10-17	32104	73	68147687	82.66
2020-10-18	29837	85	68147687	82.66
2020-10-19	14289	148	68147687	82.66
2020-10-20	20376	281	68147687	82.66
2020-10-21	27422	168	68147687	82.66
2020-10-22	40813	154	68147687	82.66
2020-10-23	42837	300	68147687	82.66
2020-10-24	45265	136	68147687	82.66
2020-10-25	6616	-21	68147687	82.66
2020-10-26	73010	389	68147687	82.66
2020-10-27	34482	529	68147687	82.66
2020-10-28	37550	259	68147687	82.66
2020-10-29	46612	232	68147687	82.66
2020-10-30	49474	547	68147687	82.66
2020-10-31	35070	222	68147687	82.66
2020-11-01	46179	231	68147687	82.66
2020-11-02	106091	428	68147687	82.66
2020-11-03	72601	1279	68147687	82.66
2020-11-04	-46076	-31	68147687	82.66
2020-11-05	57806	354	68147687	82.66
2020-11-06	60952	829	68147687	82.66
2020-11-07	86655	303	68147687	82.66
2020-11-08	38562	270	68147687	82.66
2020-11-09	21424	560	68147687	82.66
2020-11-10	22613	1231	68147687	82.66
2020-11-11	36406	328	68147687	82.66
2020-11-12	32628	415	68147687	82.66
2020-11-13	24065	933	68147687	82.66
2020-11-14	31957	353	68147687	82.66
2020-11-15	27192	303	68147687	82.66
2020-11-16	10050	511	68147687	82.66
2020-11-17	45602	1226	68147687	82.66
2020-11-18	28897	431	68147687	82.66
2020-11-19	20736	417	68147687	82.66
2020-11-20	23264	1141	68147687	82.66
2020-11-21	17670	252	68147687	82.66
2020-11-22	13130	214	68147687	82.66
2020-11-23	5062	506	68147687	82.66
2020-11-24	9921	1011	68147687	82.66
2020-11-25	16754	388	68147687	82.66
2020-11-26	13001	331	68147687	82.66
2020-11-27	12774	959	68147687	82.66
2020-11-28	12477	212	68147687	82.66
2020-11-29	9763	198	68147687	82.66
2020-11-30	4354	409	68147687	82.66
2020-12-01	8364	777	68147687	82.66
2020-12-02	14228	311	68147687	82.66
2020-12-03	12787	324	68147687	82.66
2020-12-04	11511	630	68147687	82.66
2020-12-05	12882	212	68147687	82.66
2020-12-06	10949	174	68147687	82.66
2020-12-07	3411	366	68147687	82.66
2020-12-08	14037	838	68147687	82.66
2020-12-09	14675	297	68147687	82.66
2020-12-10	13872	296	68147687	82.66
2020-12-11	13489	628	68147687	82.66
2020-12-12	13947	193	68147687	82.66
2020-12-13	11533	150	68147687	82.66
2020-12-14	3192	376	68147687	82.66
2020-12-15	11655	791	68147687	82.66
2020-12-16	17720	290	68147687	82.66
2020-12-17	18398	261	68147687	82.66
2020-12-18	16005	612	68147687	82.66
2020-12-19	17428	189	68147687	82.66
2020-12-20	12799	131	68147687	82.66
2020-12-21	5960	354	68147687	82.66
2020-12-22	11861	802	68147687	82.66
2020-12-23	15038	277	68147687	82.66
2020-12-24	21718	291	68147687	82.66
2020-12-25	20262	159	68147687	82.66
2020-12-26	3093	146	68147687	82.66
2020-12-27	8822	173	68147687	82.66
2020-12-28	3106	368	68147687	82.66
2020-12-29	11494	969	68147687	82.66
2020-12-30	26514	304	68147687	82.66
2020-12-31	20042	251	68147687	82.66
2021-01-01	19348	133	68147687	82.66
2021-01-02	3466	156	68147687	82.66
2021-01-03	12495	116	68147687	82.66
2021-01-04	4084	385	68147687	82.66
2021-01-05	20825	868	68147687	82.66
2021-01-06	25232	282	68147687	82.66
2021-01-07	21767	276	68147687	82.66
2021-01-08	19860	591	68147687	82.66
2021-01-09	20177	168	68147687	82.66
2021-01-10	15944	151	68147687	82.66
2021-01-11	3816	312	68147687	82.66
2021-01-12	19680	742	68147687	82.66
2021-01-13	23932	229	68147687	82.66
2021-01-14	21431	284	68147687	82.66
2021-01-15	21317	636	68147687	82.66
2021-01-16	21409	193	68147687	82.66
2021-01-17	16642	141	68147687	82.66
2021-01-18	3798	404	68147687	82.66
2021-01-19	23895	656	68147687	82.66
2021-01-20	26877	310	68147687	82.66
2021-01-21	22710	347	68147687	82.66
2021-01-22	23324	649	68147687	82.66
2021-01-23	23924	230	68147687	82.66
2021-01-24	18436	172	68147687	82.66
2021-01-25	4300	446	68147687	82.66
2021-01-26	22143	614	68147687	82.66
2021-01-27	26951	350	68147687	82.66
2021-01-28	23956	344	68147687	82.66
2021-01-29	23235	821	68147687	82.66
2021-01-30	24045	241	68147687	82.66
2021-01-31	19235	195	68147687	82.66
2021-02-01	4388	456	68147687	82.66
2021-02-02	23337	726	68147687	82.66
2021-02-03	26406	358	68147687	82.66
2021-02-04	20	0	68147687	82.66
2021-02-05	45607	1008	68147687	82.66
2021-02-06	20588	191	68147687	82.66
2021-02-07	19715	171	68147687	82.66
2021-02-08	4343	460	68147687	82.66
2021-02-09	18886	724	68147687	82.66
2021-02-10	25678	296	68147687	82.66
2021-02-11	21076	360	68147687	82.66
2021-02-12	20709	645	68147687	82.66
2021-02-13	21231	199	68147687	82.66
2021-02-14	16546	167	68147687	82.66
2021-02-15	4406	412	68147687	82.66
2021-02-16	19596	587	68147687	82.66
2021-02-17	25186	310	68147687	82.66
2021-02-18	22518	271	68147687	82.66
2021-02-19	24127	572	68147687	82.66
2021-02-20	22371	157	68147687	82.66
2021-02-21	22046	159	68147687	82.66
2021-02-22	4654	334	68147687	82.66
2021-02-23	20180	431	68147687	82.66
2021-02-24	31527	278	68147687	82.66
2021-02-25	25414	261	68147687	82.66
2021-02-26	25216	539	68147687	82.66
2021-02-27	23996	185	68147687	82.66
2021-02-28	19952	122	68147687	82.66
2021-03-01	4730	375	68147687	82.66
2021-03-02	22872	418	68147687	82.66
2021-03-03	26903	322	68147687	82.66
2021-03-04	25286	293	68147687	82.66
2021-03-05	23507	439	68147687	82.66
2021-03-06	23306	170	68147687	82.66
2021-03-07	21835	130	68147687	82.66
2021-03-08	5534	363	68147687	82.66
2021-03-09	23143	365	68147687	82.66
2021-03-10	29674	252	68147687	82.66
2021-03-11	28129	277	68147687	82.66
2021-03-12	25177	223	68147687	82.66
2021-03-13	29792	169	68147687	82.66
2021-03-14	26347	207	68147687	82.66
2021-03-15	6471	341	68147687	82.66
2021-03-16	30066	400	68147687	82.66
2021-03-17	38501	87	68147687	82.66
2021-03-18	35061	422	68147687	82.66
2021-03-19	35198	285	68147687	82.66
2021-03-20	35339	177	68147687	82.66
2021-03-21	30587	138	68147687	82.66
