2020-01-27	1	0	83783945	81.33
2020-01-28	3	0	83783945	81.33
2020-01-29	0	0	83783945	81.33
2020-01-30	0	0	83783945	81.33
2020-01-31	1	0	83783945	81.33
2020-02-01	3	0	83783945	81.33
2020-02-02	2	0	83783945	81.33
2020-02-03	2	0	83783945	81.33
2020-02-04	0	0	83783945	81.33
2020-02-05	0	0	83783945	81.33
2020-02-06	0	0	83783945	81.33
2020-02-07	1	0	83783945	81.33
2020-02-08	0	0	83783945	81.33
2020-02-09	1	0	83783945	81.33
2020-02-10	0	0	83783945	81.33
2020-02-11	2	0	83783945	81.33
2020-02-12	0	0	83783945	81.33
2020-02-13	0	0	83783945	81.33
2020-02-14	0	0	83783945	81.33
2020-02-15	0	0	83783945	81.33
2020-02-16	0	0	83783945	81.33
2020-02-17	0	0	83783945	81.33
2020-02-18	0	0	83783945	81.33
2020-02-19	0	0	83783945	81.33
2020-02-20	0	0	83783945	81.33
2020-02-21	0	0	83783945	81.33
2020-02-22	0	0	83783945	81.33
2020-02-23	0	0	83783945	81.33
2020-02-24	0	0	83783945	81.33
2020-02-25	1	0	83783945	81.33
2020-02-26	10	0	83783945	81.33
2020-02-27	19	0	83783945	81.33
2020-02-28	2	0	83783945	81.33
2020-02-29	31	0	83783945	81.33
2020-03-01	51	0	83783945	81.33
2020-03-02	29	0	83783945	81.33
2020-03-03	37	0	83783945	81.33
2020-03-04	66	0	83783945	81.33
2020-03-05	220	0	83783945	81.33
2020-03-06	188	0	83783945	81.33
2020-03-07	129	0	83783945	81.33
2020-03-08	241	0	83783945	81.33
2020-03-09	136	2	83783945	81.33
2020-03-10	281	0	83783945	81.33
2020-03-11	451	1	83783945	81.33
2020-03-12	170	0	83783945	81.33
2020-03-13	1597	4	83783945	81.33
2020-03-14	910	2	83783945	81.33
2020-03-15	1210	2	83783945	81.33
2020-03-16	1477	6	83783945	81.33
2020-03-17	1985	7	83783945	81.33
2020-03-18	3070	4	83783945	81.33
2020-03-19	2993	16	83783945	81.33
2020-03-20	4528	23	83783945	81.33
2020-03-21	2365	17	83783945	81.33
2020-03-22	2660	10	83783945	81.33
2020-03-23	4183	29	83783945	81.33
2020-03-24	3930	34	83783945	81.33
2020-03-25	4337	49	83783945	81.33
2020-03-26	6615	61	83783945	81.33
2020-03-27	6933	75	83783945	81.33
2020-03-28	6824	91	83783945	81.33
2020-03-29	4400	100	83783945	81.33
2020-03-30	4790	112	83783945	81.33
2020-03-31	4923	130	83783945	81.33
2020-04-01	6064	145	83783945	81.33
2020-04-02	6922	187	83783945	81.33
2020-04-03	6365	168	83783945	81.33
2020-04-04	4933	169	83783945	81.33
2020-04-05	4031	140	83783945	81.33
2020-04-06	3251	226	83783945	81.33
2020-04-07	4289	206	83783945	81.33
2020-04-08	5633	333	83783945	81.33
2020-04-09	4885	258	83783945	81.33
2020-04-10	3990	160	83783945	81.33
2020-04-11	2737	-31	83783945	81.33
2020-04-12	2946	286	83783945	81.33
2020-04-13	2218	172	83783945	81.33
2020-04-14	1287	100	83783945	81.33
2020-04-15	3394	510	83783945	81.33
2020-04-16	2945	248	83783945	81.33
2020-04-17	3699	300	83783945	81.33
2020-04-18	1945	107	83783945	81.33
2020-04-19	1842	127	83783945	81.33
2020-04-20	1881	276	83783945	81.33
2020-04-21	1226	171	83783945	81.33
2020-04-22	2357	246	83783945	81.33
2020-04-23	2481	296	83783945	81.33
2020-04-24	1870	185	83783945	81.33
2020-04-25	1514	117	83783945	81.33
2020-04-26	1257	99	83783945	81.33
2020-04-27	988	150	83783945	81.33
2020-04-28	1154	188	83783945	81.33
2020-04-29	1627	153	83783945	81.33
2020-04-30	1470	156	83783945	81.33
2020-05-01	1068	113	83783945	81.33
2020-05-02	890	76	83783945	81.33
2020-05-03	697	54	83783945	81.33
2020-05-04	488	127	83783945	81.33
2020-05-05	855	0	83783945	81.33
2020-05-06	1155	282	83783945	81.33
2020-05-07	1268	117	83783945	81.33
2020-05-08	1158	118	83783945	81.33
2020-05-09	736	39	83783945	81.33
2020-05-10	555	20	83783945	81.33
2020-05-11	697	92	83783945	81.33
2020-05-12	595	77	83783945	81.33
2020-05-13	927	123	83783945	81.33
2020-05-14	380	23	83783945	81.33
2020-05-15	755	13	83783945	81.33
2020-05-16	519	41	83783945	81.33
2020-05-17	617	24	83783945	81.33
2020-05-18	182	41	83783945	81.33
2020-05-19	1227	78	83783945	81.33
2020-05-20	695	63	83783945	81.33
2020-05-21	548	59	83783945	81.33
2020-05-22	689	25	83783945	81.33
2020-05-23	276	33	83783945	81.33
2020-05-24	342	22	83783945	81.33
2020-05-25	272	26	83783945	81.33
2020-05-26	600	63	83783945	81.33
2020-05-27	324	56	83783945	81.33
2020-05-28	672	42	83783945	81.33
2020-05-29	726	34	83783945	81.33
2020-05-30	267	26	83783945	81.33
2020-05-31	221	10	83783945	81.33
2020-06-01	184	15	83783945	81.33
2020-06-02	285	8	83783945	81.33
2020-06-03	242	39	83783945	81.33
2020-06-04	351	33	83783945	81.33
2020-06-05	452	23	83783945	81.33
2020-06-06	526	15	83783945	81.33
2020-06-07	300	12	83783945	81.33
2020-06-08	359	10	83783945	81.33
2020-06-09	397	41	83783945	81.33
2020-06-10	16	16	83783945	81.33
2020-06-11	169	20	83783945	81.33
2020-06-12	535	11	83783945	81.33
2020-06-13	41	10	83783945	81.33
2020-06-14	251	8	83783945	81.33
2020-06-15	164	6	83783945	81.33
2020-06-16	570	13	83783945	81.33
2020-06-17	352	31	83783945	81.33
2020-06-18	1213	24	83783945	81.33
2020-06-19	482	12	83783945	81.33
2020-06-20	371	8	83783945	81.33
2020-06-21	602	0	83783945	81.33
2020-06-22	496	4	83783945	81.33
2020-06-23	712	15	83783945	81.33
2020-06-24	391	14	83783945	81.33
2020-06-25	500	12	83783945	81.33
2020-06-26	665	25	83783945	81.33
2020-06-27	422	3	83783945	81.33
2020-06-28	235	0	83783945	81.33
2020-06-29	349	8	83783945	81.33
2020-06-30	376	14	83783945	81.33
2020-07-01	475	5	83783945	81.33
2020-07-02	477	11	83783945	81.33
2020-07-03	410	4	83783945	81.33
2020-07-04	418	10	83783945	81.33
2020-07-05	325	3	83783945	81.33
2020-07-06	541	-1	83783945	81.33
2020-07-07	279	10	83783945	81.33
2020-07-08	356	14	83783945	81.33
2020-07-09	302	11	83783945	81.33
2020-07-10	331	6	83783945	81.33
2020-07-11	377	7	83783945	81.33
2020-07-12	210	1	83783945	81.33
2020-07-13	261	3	83783945	81.33
2020-07-14	276	4	83783945	81.33
2020-07-15	434	2	83783945	81.33
2020-07-16	560	7	83783945	81.33
2020-07-17	595	1	83783945	81.33
2020-07-18	381	3	83783945	81.33
2020-07-19	309	1	83783945	81.33
2020-07-20	590	2	83783945	81.33
2020-07-21	392	5	83783945	81.33
2020-07-22	559	3	83783945	81.33
2020-07-23	605	8	83783945	81.33
2020-07-24	742	10	83783945	81.33
2020-07-25	655	4	83783945	81.33
2020-07-26	389	0	83783945	81.33
2020-07-27	445	1	83783945	81.33
2020-07-28	595	6	83783945	81.33
2020-07-29	839	4	83783945	81.33
2020-07-30	989	9	83783945	81.33
2020-07-31	864	3	83783945	81.33
2020-08-01	606	7	83783945	81.33
2020-08-02	215	0	83783945	81.33
2020-08-03	891	0	83783945	81.33
2020-08-04	717	9	83783945	81.33
2020-08-05	1285	16	83783945	81.33
2020-08-06	926	2	83783945	81.33
2020-08-07	1157	14	83783945	81.33
2020-08-08	707	6	83783945	81.33
2020-08-09	385	1	83783945	81.33
2020-08-10	1220	1	83783945	81.33
2020-08-11	1032	5	83783945	81.33
2020-08-12	1319	5	83783945	81.33
2020-08-13	1422	4	83783945	81.33
2020-08-14	1510	13	83783945	81.33
2020-08-15	697	5	83783945	81.33
2020-08-16	519	0	83783945	81.33
2020-08-17	1693	1	83783945	81.33
2020-08-18	1420	5	83783945	81.33
2020-08-19	1586	8	83783945	81.33
2020-08-20	1586	14	83783945	81.33
2020-08-21	1737	3	83783945	81.33
2020-08-22	832	6	83783945	81.33
2020-08-23	633	3	83783945	81.33
2020-08-24	1628	1	83783945	81.33
2020-08-25	1461	5	83783945	81.33
2020-08-26	1427	4	83783945	81.33
2020-08-27	1561	5	83783945	81.33
2020-08-28	1555	0	83783945	81.33
2020-08-29	709	9	83783945	81.33
2020-08-30	470	1	83783945	81.33
2020-08-31	1497	3	83783945	81.33
2020-09-01	1213	4	83783945	81.33
2020-09-02	1396	15	83783945	81.33
2020-09-03	1429	0	83783945	81.33
2020-09-04	1443	5	83783945	81.33
2020-09-05	775	2	83783945	81.33
2020-09-06	670	1	83783945	81.33
2020-09-07	1898	1	83783945	81.33
2020-09-08	1331	5	83783945	81.33
2020-09-09	1476	6	83783945	81.33
2020-09-10	1716	3	83783945	81.33
2020-09-11	1586	3	83783945	81.33
2020-09-12	1082	4	83783945	81.33
2020-09-13	920	2	83783945	81.33
2020-09-14	1485	2	83783945	81.33
2020-09-15	1792	11	83783945	81.33
2020-09-16	1855	6	83783945	81.33
2020-09-17	2179	3	83783945	81.33
2020-09-18	2199	10	83783945	81.33
2020-09-19	1685	2	83783945	81.33
2020-09-20	1033	2	83783945	81.33
2020-09-21	1595	0	83783945	81.33
2020-09-22	1852	15	83783945	81.33
2020-09-23	1613	18	83783945	81.33
2020-09-24	2321	13	83783945	81.33
2020-09-25	2366	15	83783945	81.33
2020-09-26	1314	8	83783945	81.33
2020-09-27	1313	5	83783945	81.33
2020-09-28	2292	4	83783945	81.33
2020-09-29	1840	15	83783945	81.33
2020-09-30	2442	12	83783945	81.33
2020-10-01	2626	14	83783945	81.33
2020-10-02	2835	9	83783945	81.33
2020-10-03	1653	13	83783945	81.33
2020-10-04	1546	2	83783945	81.33
2020-10-05	3100	21	83783945	81.33
2020-10-06	2454	12	83783945	81.33
2020-10-07	4010	16	83783945	81.33
2020-10-08	4804	12	83783945	81.33
2020-10-09	4554	5	83783945	81.33
2020-10-10	2968	21	83783945	81.33
2020-10-11	2846	6	83783945	81.33
2020-10-12	6541	14	83783945	81.33
2020-10-13	4464	42	83783945	81.33
2020-10-14	7173	34	83783945	81.33
2020-10-15	7620	23	83783945	81.33
2020-10-16	7695	34	83783945	81.33
2020-10-17	4862	12	83783945	81.33
2020-10-18	4007	13	83783945	81.33
2020-10-19	8397	44	83783945	81.33
2020-10-20	8523	40	83783945	81.33
2020-10-21	12331	29	83783945	81.33
2020-10-22	5952	49	83783945	81.33
2020-10-23	13476	18	83783945	81.33
2020-10-24	10458	57	83783945	81.33
2020-10-25	9890	27	83783945	81.33
2020-10-26	12560	29	83783945	81.33
2020-10-27	13161	30	83783945	81.33
2020-10-28	16202	97	83783945	81.33
2020-10-29	18733	87	83783945	81.33
2020-10-30	19382	86	83783945	81.33
2020-10-31	14054	92	83783945	81.33
2020-11-01	12556	30	83783945	81.33
2020-11-02	25252	156	83783945	81.33
2020-11-03	7533	48	83783945	81.33
2020-11-04	31480	232	83783945	81.33
2020-11-05	22561	161	83783945	81.33
2020-11-06	22820	130	83783945	81.33
2020-11-07	14122	66	83783945	81.33
2020-11-08	14510	66	83783945	81.33
2020-11-09	6522	36	83783945	81.33
2020-11-10	26547	373	83783945	81.33
2020-11-11	22401	213	83783945	81.33
2020-11-12	24738	222	83783945	81.33
2020-11-13	22261	188	83783945	81.33
2020-11-14	14640	107	83783945	81.33
2020-11-15	3213	62	83783945	81.33
2020-11-16	14580	260	83783945	81.33
2020-11-17	26231	305	83783945	81.33
2020-11-18	23727	252	83783945	81.33
2020-11-19	24041	272	83783945	81.33
2020-11-20	22593	256	83783945	81.33
2020-11-21	13872	143	83783945	81.33
2020-11-22	4377	98	83783945	81.33
2020-11-23	14455	301	83783945	81.33
2020-11-24	16370	372	83783945	81.33
2020-11-25	32687	378	83783945	81.33
2020-11-26	21951	430	83783945	81.33
2020-11-27	20819	371	83783945	81.33
2020-11-28	13845	170	83783945	81.33
2020-11-29	3197	125	83783945	81.33
2020-11-30	14221	388	83783945	81.33
2020-12-01	24766	483	83783945	81.33
2020-12-02	23275	482	83783945	81.33
2020-12-03	23591	438	83783945	81.33
2020-12-04	15970	480	83783945	81.33
2020-12-05	26126	262	83783945	81.33
2020-12-06	10910	150	83783945	81.33
2020-12-07	5456	445	83783945	81.33
2020-12-08	29263	568	83783945	81.33
2020-12-09	25089	458	83783945	81.33
2020-12-10	32734	604	83783945	81.33
2020-12-11	27217	503	83783945	81.33
2020-12-12	21792	333	83783945	81.33
2020-12-13	14709	206	83783945	81.33
2020-12-14	6451	528	83783945	81.33
2020-12-15	33825	910	83783945	81.33
2020-12-16	32744	729	83783945	81.33
2020-12-17	30179	754	83783945	81.33
2020-12-18	32830	727	83783945	81.33
2020-12-19	21679	417	83783945	81.33
2020-12-20	6444	229	83783945	81.33
2020-12-21	19256	710	83783945	81.33
2020-12-22	36153	986	83783945	81.33
2020-12-23	33758	813	83783945	81.33
2020-12-24	26467	421	83783945	81.33
2020-12-25	2140	250	83783945	81.33
2020-12-26	13504	366	83783945	81.33
2020-12-27	12399	351	83783945	81.33
2020-12-28	14004	848	83783945	81.33
2020-12-29	19466	1122	83783945	81.33
2020-12-30	49044	963	83783945	81.33
2020-12-31	19367	561	83783945	81.33
2021-01-01	2117	354	83783945	81.33
2021-01-02	10903	335	83783945	81.33
2021-01-03	10356	311	83783945	81.33
2021-01-04	12320	957	83783945	81.33
2021-01-05	18349	1009	83783945	81.33
2021-01-06	26663	1078	83783945	81.33
2021-01-07	45333	1152	83783945	81.33
2021-01-08	19077	1035	83783945	81.33
2021-01-09	22824	575	83783945	81.33
2021-01-10	948	339	83783945	81.33
2021-01-11	11706	863	83783945	81.33
2021-01-12	27210	1090	83783945	81.33
2021-01-13	25566	1207	83783945	81.33
2021-01-14	21343	1111	83783945	81.33
2021-01-15	8593	498	83783945	81.33
2021-01-16	14817	759	83783945	81.33
2021-01-17	11484	437	83783945	81.33
2021-01-18	9253	362	83783945	81.33
2021-01-19	12233	1734	83783945	81.33
2021-01-20	29003	1013	83783945	81.33
2021-01-21	8277	866	83783945	81.33
2021-01-22	16366	837	83783945	81.33
2021-01-23	12430	160	83783945	81.33
2021-01-24	10078	423	83783945	81.33
2021-01-25	6887	831	83783945	81.33
2021-01-26	9387	492	83783945	81.33
2021-01-27	15636	879	83783945	81.33
2021-01-28	14883	1385	83783945	81.33
2021-01-29	12831	403	83783945	81.33
2021-01-30	17518	819	83783945	81.33
2021-01-31	748	58	83783945	81.33
2021-02-01	6668	896	83783945	81.33
2021-02-02	7690	933	83783945	81.33
2021-02-03	12487	784	83783945	81.33
2021-02-04	13032	858	83783945	81.33
2021-02-05	10835	690	83783945	81.33
2021-02-06	8632	227	83783945	81.33
2021-02-07	6670	157	83783945	81.33
2021-02-08	4650	483	83783945	81.33
2021-02-09	5728	815	83783945	81.33
2021-02-10	9246	666	83783945	81.33
2021-02-11	9928	552	83783945	81.33
2021-02-12	9197	547	83783945	81.33
2021-02-13	6484	219	83783945	81.33
2021-02-14	4838	117	83783945	81.33
2021-02-15	5132	181	83783945	81.33
2021-02-16	5890	541	83783945	81.33
2021-02-17	9598	903	83783945	81.33
2021-02-18	9845	513	83783945	81.33
2021-02-19	9050	496	83783945	81.33
2021-02-20	7162	142	83783945	81.33
2021-02-21	6094	63	83783945	81.33
2021-02-22	4984	417	83783945	81.33
2021-02-23	5764	422	83783945	81.33
2021-02-24	10774	385	83783945	81.33
2021-02-25	11032	173	83783945	81.33
2021-02-26	9437	596	83783945	81.33
2021-02-27	7671	153	83783945	81.33
2021-02-28	6118	60	83783945	81.33
2021-03-01	5274	362	83783945	81.33
2021-03-02	6492	412	83783945	81.33
2021-03-03	10852	359	83783945	81.33
2021-03-04	11393	269	83783945	81.33
2021-03-05	9581	298	83783945	81.33
2021-03-06	8264	99	83783945	81.33
2021-03-07	6504	33	83783945	81.33
2021-03-08	5129	252	83783945	81.33
2021-03-09	6834	298	83783945	81.33
2021-03-10	21163	324	83783945	81.33
2021-03-11	4745	262	83783945	81.33
2021-03-12	12770	228	83783945	81.33
2021-03-13	10568	21	83783945	81.33
2021-03-14	8978	94	83783945	81.33
2021-03-15	6543	238	83783945	81.33
2021-03-16	17679	251	83783945	81.33
2021-03-17	7705	91	83783945	81.33
2021-03-18	28489	359	83783945	81.33
2021-03-19	15476	206	83783945	81.33
2021-03-20	14499	98	83783945	81.33
2021-03-21	768	50	83783945	81.33
