2020-03-14	3	0	31072945	64.07
2020-03-15	3	0	31072945	64.07
2020-03-16	0	0	31072945	64.07
2020-03-17	1	0	31072945	64.07
2020-03-18	0	0	31072945	64.07
2020-03-19	4	0	31072945	64.07
2020-03-20	5	0	31072945	64.07
2020-03-21	3	1	31072945	64.07
2020-03-22	4	0	31072945	64.07
2020-03-23	4	1	31072945	64.07
2020-03-24	26	0	31072945	64.07
2020-03-25	40	2	31072945	64.07
2020-03-26	39	0	31072945	64.07
2020-03-27	5	0	31072945	64.07
2020-03-28	4	1	31072945	64.07
2020-03-29	11	0	31072945	64.07
2020-03-30	0	0	31072945	64.07
2020-03-31	9	0	31072945	64.07
2020-04-01	34	0	31072945	64.07
2020-04-02	9	0	31072945	64.07
2020-04-03	1	0	31072945	64.07
2020-04-04	0	0	31072945	64.07
2020-04-05	9	0	31072945	64.07
2020-04-06	0	0	31072945	64.07
2020-04-07	73	0	31072945	64.07
2020-04-08	26	1	31072945	64.07
2020-04-09	65	0	31072945	64.07
2020-04-10	0	0	31072945	64.07
2020-04-11	30	2	31072945	64.07
2020-04-12	158	0	31072945	64.07
2020-04-13	0	0	31072945	64.07
2020-04-14	70	0	31072945	64.07
2020-04-15	0	0	31072945	64.07
2020-04-16	5	0	31072945	64.07
2020-04-17	0	0	31072945	64.07
2020-04-18	193	1	31072945	64.07
2020-04-19	208	0	31072945	64.07
2020-04-20	0	0	31072945	64.07
2020-04-21	0	0	31072945	64.07
2020-04-22	112	0	31072945	64.07
2020-04-23	0	0	31072945	64.07
2020-04-24	125	1	31072945	64.07
2020-04-25	0	0	31072945	64.07
2020-04-26	271	1	31072945	64.07
2020-04-27	0	0	31072945	64.07
2020-04-28	121	5	31072945	64.07
2020-04-29	0	0	31072945	64.07
2020-04-30	403	1	31072945	64.07
2020-05-01	0	0	31072945	64.07
2020-05-02	95	1	31072945	64.07
2020-05-03	0	0	31072945	64.07
2020-05-04	550	0	31072945	64.07
2020-05-05	0	0	31072945	64.07
2020-05-06	372	0	31072945	64.07
2020-05-07	0	0	31072945	64.07
2020-05-08	921	0	31072945	64.07
2020-05-09	251	4	31072945	64.07
2020-05-10	0	0	31072945	64.07
2020-05-11	437	0	31072945	64.07
2020-05-12	427	0	31072945	64.07
2020-05-13	281	2	31072945	64.07
2020-05-14	122	0	31072945	64.07
2020-05-15	108	4	31072945	64.07
2020-05-16	97	1	31072945	64.07
2020-05-17	0	0	31072945	64.07
2020-05-18	0	0	31072945	64.07
2020-05-19	361	2	31072945	64.07
2020-05-20	173	0	31072945	64.07
2020-05-21	0	0	31072945	64.07
2020-05-22	217	0	31072945	64.07
2020-05-23	131	0	31072945	64.07
2020-05-24	66	1	31072945	64.07
2020-05-25	125	0	31072945	64.07
2020-05-26	309	2	31072945	64.07
2020-05-27	186	0	31072945	64.07
2020-05-28	0	0	31072945	64.07
2020-05-29	313	0	31072945	64.07
2020-05-30	152	1	31072945	64.07
2020-05-31	302	1	31072945	64.07
2020-06-01	0	0	31072945	64.07
2020-06-02	227	2	31072945	64.07
2020-06-03	251	0	31072945	64.07
2020-06-04	337	0	31072945	64.07
2020-06-05	283	4	31072945	64.07
2020-06-06	294	2	31072945	64.07
2020-06-07	176	0	31072945	64.07
2020-06-08	272	4	31072945	64.07
2020-06-09	291	0	31072945	64.07
2020-06-10	0	0	31072945	64.07
2020-06-11	157	0	31072945	64.07
2020-06-12	498	0	31072945	64.07
2020-06-13	262	0	31072945	64.07
2020-06-14	846	6	31072945	64.07
2020-06-15	0	0	31072945	64.07
2020-06-16	229	4	31072945	64.07
2020-06-17	397	8	31072945	64.07
2020-06-18	339	0	31072945	64.07
2020-06-19	274	4	31072945	64.07
2020-06-20	514	15	31072945	64.07
2020-06-21	437	0	31072945	64.07
2020-06-22	0	0	31072945	64.07
2020-06-23	414	10	31072945	64.07
2020-06-24	445	0	31072945	64.07
2020-06-25	460	0	31072945	64.07
2020-06-26	361	8	31072945	64.07
2020-06-27	597	0	31072945	64.07
2020-06-28	311	9	31072945	64.07
2020-06-29	609	0	31072945	64.07
2020-06-30	390	0	31072945	64.07
2020-07-01	393	5	31072945	64.07
2020-07-02	0	0	31072945	64.07
2020-07-03	1254	0	31072945	64.07
2020-07-04	0	0	31072945	64.07
2020-07-05	697	5	31072945	64.07
2020-07-06	992	7	31072945	64.07
2020-07-07	891	0	31072945	64.07
2020-07-08	854	0	31072945	64.07
2020-07-09	641	0	31072945	64.07
2020-07-10	371	6	31072945	64.07
2020-07-11	414	0	31072945	64.07
2020-07-12	270	4	31072945	64.07
2020-07-13	470	0	31072945	64.07
2020-07-14	0	0	31072945	64.07
2020-07-15	442	0	31072945	64.07
2020-07-16	695	0	31072945	64.07
2020-07-17	447	5	31072945	64.07
2020-07-18	488	1	31072945	64.07
2020-07-19	607	3	31072945	64.07
2020-07-20	763	5	31072945	64.07
2020-07-21	559	0	31072945	64.07
2020-07-22	683	0	31072945	64.07
2020-07-23	0	0	31072945	64.07
2020-07-24	1385	8	31072945	64.07
2020-07-25	794	0	31072945	64.07
2020-07-26	1118	7	31072945	64.07
2020-07-27	655	0	31072945	64.07
2020-07-28	782	0	31072945	64.07
2020-07-29	736	7	31072945	64.07
2020-07-30	0	0	31072945	64.07
2020-07-31	359	7	31072945	64.07
2020-08-01	1513	0	31072945	64.07
2020-08-02	0	0	31072945	64.07
2020-08-03	798	9	31072945	64.07
2020-08-04	0	0	31072945	64.07
2020-08-05	1263	8	31072945	64.07
2020-08-06	567	0	31072945	64.07
2020-08-07	455	7	31072945	64.07
2020-08-08	436	0	31072945	64.07
2020-08-09	470	9	31072945	64.07
2020-08-10	209	0	31072945	64.07
2020-08-11	192	0	31072945	64.07
2020-08-12	168	8	31072945	64.07
2020-08-13	153	0	31072945	64.07
2020-08-14	122	0	31072945	64.07
2020-08-15	363	8	31072945	64.07
2020-08-16	322	0	31072945	64.07
2020-08-17	121	8	31072945	64.07
2020-08-18	340	9	31072945	64.07
2020-08-19	101	8	31072945	64.07
2020-08-20	166	5	31072945	64.07
2020-08-21	65	0	31072945	64.07
2020-08-22	0	0	31072945	64.07
2020-08-23	180	0	31072945	64.07
2020-08-24	117	2	31072945	64.07
2020-08-25	95	7	31072945	64.07
2020-08-26	52	0	31072945	64.07
2020-08-27	72	0	31072945	64.07
2020-08-28	108	0	31072945	64.07
2020-08-29	169	0	31072945	64.07
2020-08-30	87	6	31072945	64.07
2020-08-31	93	0	31072945	64.07
2020-09-01	162	0	31072945	64.07
2020-09-02	198	0	31072945	64.07
2020-09-03	55	4	31072945	64.07
2020-09-04	64	3	31072945	64.07
2020-09-05	0	0	31072945	64.07
2020-09-06	0	0	31072945	64.07
2020-09-07	92	0	31072945	64.07
2020-09-08	143	0	31072945	64.07
2020-09-09	301	0	31072945	64.07
2020-09-10	0	0	31072945	64.07
2020-09-11	75	2	31072945	64.07
2020-09-12	46	1	31072945	64.07
2020-09-13	0	0	31072945	64.07
2020-09-14	167	8	31072945	64.07
2020-09-15	54	0	31072945	64.07
2020-09-16	0	0	31072945	64.07
2020-09-17	59	0	31072945	64.07
2020-09-18	46	1	31072945	64.07
2020-09-19	117	2	31072945	64.07
2020-09-20	127	0	31072945	64.07
2020-09-21	58	0	31072945	64.07
2020-09-22	0	0	31072945	64.07
2020-09-23	91	2	31072945	64.07
2020-09-24	69	0	31072945	64.07
2020-09-25	0	0	31072945	64.07
2020-09-26	0	0	31072945	64.07
2020-09-27	165	0	31072945	64.07
2020-09-28	57	0	31072945	64.07
2020-09-29	38	2	31072945	64.07
2020-09-30	144	0	31072945	64.07
2020-10-01	30	0	31072945	64.07
2020-10-02	38	0	31072945	64.07
2020-10-03	109	2	31072945	64.07
2020-10-04	26	0	31072945	64.07
2020-10-05	0	0	31072945	64.07
2020-10-06	0	0	31072945	64.07
2020-10-07	0	0	31072945	64.07
2020-10-08	118	3	31072945	64.07
2020-10-09	40	0	31072945	64.07
2020-10-10	18	0	31072945	64.07
2020-10-11	0	0	31072945	64.07
2020-10-12	25	2	31072945	64.07
2020-10-13	96	2	31072945	64.07
2020-10-14	0	0	31072945	64.07
2020-10-15	47	0	31072945	64.07
2020-10-16	0	0	31072945	64.07
2020-10-17	59	0	31072945	64.07
2020-10-18	78	0	31072945	64.07
2020-10-19	62	0	31072945	64.07
2020-10-20	89	2	31072945	64.07
2020-10-21	0	0	31072945	64.07
2020-10-22	77	0	31072945	64.07
2020-10-23	63	2	31072945	64.07
2020-10-24	89	2	31072945	64.07
2020-10-25	0	0	31072945	64.07
2020-10-26	85	0	31072945	64.07
2020-10-27	0	0	31072945	64.07
2020-10-28	0	0	31072945	64.07
2020-10-29	280	4	31072945	64.07
2020-10-30	0	0	31072945	64.07
2020-10-31	0	0	31072945	64.07
2020-11-01	69	0	31072945	64.07
2020-11-02	76	0	31072945	64.07
2020-11-03	0	0	31072945	64.07
2020-11-04	443	0	31072945	64.07
2020-11-05	145	0	31072945	64.07
2020-11-06	0	0	31072945	64.07
2020-11-07	116	0	31072945	64.07
2020-11-08	198	0	31072945	64.07
2020-11-09	100	0	31072945	64.07
2020-11-10	100	0	31072945	64.07
2020-11-11	0	0	31072945	64.07
2020-11-12	655	0	31072945	64.07
2020-11-13	61	0	31072945	64.07
2020-11-14	0	0	31072945	64.07
2020-11-15	105	2	31072945	64.07
2020-11-16	253	1	31072945	64.07
2020-11-17	0	0	31072945	64.07
2020-11-18	81	0	31072945	64.07
2020-11-19	174	0	31072945	64.07
2020-11-20	0	0	31072945	64.07
2020-11-21	86	0	31072945	64.07
2020-11-22	157	0	31072945	64.07
2020-11-23	67	0	31072945	64.07
2020-11-24	243	0	31072945	64.07
2020-11-25	41	0	31072945	64.07
2020-11-26	0	0	31072945	64.07
2020-11-27	0	0	31072945	64.07
2020-11-28	154	0	31072945	64.07
2020-11-29	190	0	31072945	64.07
2020-11-30	98	0	31072945	64.07
2020-12-01	0	0	31072945	64.07
2020-12-02	0	0	31072945	64.07
2020-12-03	0	0	31072945	64.07
2020-12-04	429	2	31072945	64.07
2020-12-05	0	0	31072945	64.07
2020-12-06	178	0	31072945	64.07
2020-12-07	0	0	31072945	64.07
2020-12-08	226	1	31072945	64.07
2020-12-09	122	0	31072945	64.07
2020-12-10	116	0	31072945	64.07
2020-12-11	0	0	31072945	64.07
2020-12-12	195	1	31072945	64.07
2020-12-13	0	0	31072945	64.07
2020-12-14	81	0	31072945	64.07
2020-12-15	256	0	31072945	64.07
2020-12-16	116	0	31072945	64.07
2020-12-17	167	4	31072945	64.07
2020-12-18	100	0	31072945	64.07
2020-12-19	0	0	31072945	64.07
2020-12-20	0	0	31072945	64.07
2020-12-21	301	2	31072945	64.07
2020-12-22	0	0	31072945	64.07
2020-12-23	89	0	31072945	64.07
2020-12-24	0	0	31072945	64.07
2020-12-25	0	0	31072945	64.07
2020-12-26	243	0	31072945	64.07
2020-12-27	115	0	31072945	64.07
2020-12-28	102	0	31072945	64.07
2020-12-29	178	2	31072945	64.07
2020-12-30	90	0	31072945	64.07
2020-12-31	0	0	31072945	64.07
2021-01-01	159	0	31072945	64.07
2021-01-02	134	0	31072945	64.07
2021-01-03	104	0	31072945	64.07
2021-01-04	0	0	31072945	64.07
2021-01-05	0	0	31072945	64.07
2021-01-06	0	0	31072945	64.07
2021-01-07	293	1	31072945	64.07
2021-01-08	0	0	31072945	64.07
2021-01-09	311	0	31072945	64.07
2021-01-10	0	0	31072945	64.07
2021-01-11	458	2	31072945	64.07
2021-01-12	191	0	31072945	64.07
2021-01-13	560	3	31072945	64.07
2021-01-14	0	0	31072945	64.07
2021-01-15	0	0	31072945	64.07
2021-01-16	0	0	31072945	64.07
2021-01-17	733	5	31072945	64.07
2021-01-18	351	6	31072945	64.07
2021-01-19	366	6	31072945	64.07
2021-01-20	0	0	31072945	64.07
2021-01-21	1049	3	31072945	64.07
2021-01-22	0	0	31072945	64.07
2021-01-23	635	0	31072945	64.07
2021-01-24	679	6	31072945	64.07
2021-01-25	1341	5	31072945	64.07
2021-01-26	0	0	31072945	64.07
2021-01-27	616	5	31072945	64.07
2021-01-28	1132	13	31072945	64.07
2021-01-29	0	0	31072945	64.07
2021-01-30	1544	15	31072945	64.07
2021-01-31	1583	11	31072945	64.07
2021-02-01	0	0	31072945	64.07
2021-02-02	772	8	31072945	64.07
2021-02-03	777	9	31072945	64.07
2021-02-04	696	7	31072945	64.07
2021-02-05	791	9	31072945	64.07
2021-02-06	0	0	31072945	64.07
2021-02-07	722	8	31072945	64.07
2021-02-08	1560	15	31072945	64.07
2021-02-09	675	10	31072945	64.07
2021-02-10	0	0	31072945	64.07
2021-02-11	554	12	31072945	64.07
2021-02-12	790	11	31072945	64.07
2021-02-13	1489	28	31072945	64.07
2021-02-14	0	0	31072945	64.07
2021-02-15	656	9	31072945	64.07
2021-02-16	554	13	31072945	64.07
2021-02-17	1225	10	31072945	64.07
2021-02-18	418	3	31072945	64.07
2021-02-19	476	0	31072945	64.07
2021-02-20	490	4	31072945	64.07
2021-02-21	598	5	31072945	64.07
2021-02-22	506	5	31072945	64.07
2021-02-23	0	0	31072945	64.07
2021-02-24	486	2	31072945	64.07
2021-02-25	428	4	31072945	64.07
2021-02-26	913	6	31072945	64.07
2021-02-27	0	0	31072945	64.07
2021-02-28	1437	13	31072945	64.07
2021-03-01	0	0	31072945	64.07
2021-03-02	0	0	31072945	64.07
2021-03-03	326	4	31072945	64.07
2021-03-04	890	18	31072945	64.07
2021-03-05	0	0	31072945	64.07
2021-03-06	853	11	31072945	64.07
2021-03-07	373	7	31072945	64.07
2021-03-08	0	0	31072945	64.07
2021-03-09	272	9	31072945	64.07
2021-03-10	0	0	31072945	64.07
2021-03-11	0	0	31072945	64.07
2021-03-12	0	0	31072945	64.07
2021-03-13	743	23	31072945	64.07
2021-03-14	282	6	31072945	64.07
2021-03-15	223	6	31072945	64.07
2021-03-16	243	7	31072945	64.07
2021-03-17	193	7	31072945	64.07
2021-03-18	0	0	31072945	64.07
2021-03-19	587	8	31072945	64.07
2021-03-20	268	3	31072945	64.07
2021-03-21	406	9	31072945	64.07
