2020-02-02	0	0	10423056	82.24
2020-02-09	0	0	10423056	82.24
2020-02-15	0	0	10423056	82.24
2020-02-23	0	0	10423056	82.24
2020-02-26	1	0	10423056	82.24
2020-02-27	2	0	10423056	82.24
2020-02-28	1	0	10423056	82.24
2020-02-29	0	0	10423056	82.24
2020-03-01	3	0	10423056	82.24
2020-03-02	0	0	10423056	82.24
2020-03-03	0	0	10423056	82.24
2020-03-04	2	0	10423056	82.24
2020-03-05	22	0	10423056	82.24
2020-03-06	14	0	10423056	82.24
2020-03-07	1	0	10423056	82.24
2020-03-08	27	0	10423056	82.24
2020-03-09	0	0	10423056	82.24
2020-03-10	16	0	10423056	82.24
2020-03-11	10	1	10423056	82.24
2020-03-12	0	0	10423056	82.24
2020-03-13	91	0	10423056	82.24
2020-03-14	38	2	10423056	82.24
2020-03-15	103	1	10423056	82.24
2020-03-16	0	0	10423056	82.24
2020-03-17	56	1	10423056	82.24
2020-03-18	31	0	10423056	82.24
2020-03-19	0	1	10423056	82.24
2020-03-20	77	0	10423056	82.24
2020-03-21	35	7	10423056	82.24
2020-03-22	94	2	10423056	82.24
2020-03-23	71	2	10423056	82.24
2020-03-24	48	3	10423056	82.24
2020-03-25	78	2	10423056	82.24
2020-03-26	71	4	10423056	82.24
2020-03-27	74	2	10423056	82.24
2020-03-28	95	4	10423056	82.24
2020-03-29	95	6	10423056	82.24
2020-03-30	56	5	10423056	82.24
2020-03-31	102	6	10423056	82.24
2020-04-01	101	1	10423056	82.24
2020-04-02	129	3	10423056	82.24
2020-04-03	69	10	10423056	82.24
2020-04-04	60	5	10423056	82.24
2020-04-05	62	5	10423056	82.24
2020-04-06	20	6	10423056	82.24
2020-04-07	77	2	10423056	82.24
2020-04-08	52	2	10423056	82.24
2020-04-09	71	4	10423056	82.24
2020-04-10	56	5	10423056	82.24
2020-04-11	70	1	10423056	82.24
2020-04-12	33	5	10423056	82.24
2020-04-13	31	1	10423056	82.24
2020-04-14	25	2	10423056	82.24
2020-04-15	22	1	10423056	82.24
2020-04-16	15	3	10423056	82.24
2020-04-17	17	3	10423056	82.24
2020-04-18	11	2	10423056	82.24
2020-04-19	0	3	10423056	82.24
2020-04-20	10	3	10423056	82.24
2020-04-21	156	5	10423056	82.24
2020-04-22	7	0	10423056	82.24
2020-04-23	55	4	10423056	82.24
2020-04-24	27	5	10423056	82.24
2020-04-25	16	0	10423056	82.24
2020-04-26	11	4	10423056	82.24
2020-04-27	17	2	10423056	82.24
2020-04-28	32	2	10423056	82.24
2020-04-29	10	1	10423056	82.24
2020-04-30	15	1	10423056	82.24
2020-05-01	21	0	10423056	82.24
2020-05-02	8	3	10423056	82.24
2020-05-03	6	1	10423056	82.24
2020-05-04	6	2	10423056	82.24
2020-05-05	10	0	10423056	82.24
2020-05-06	21	1	10423056	82.24
2020-05-07	15	1	10423056	82.24
2020-05-08	13	2	10423056	82.24
2020-05-09	19	1	10423056	82.24
2020-05-10	6	0	10423056	82.24
2020-05-11	10	0	10423056	82.24
2020-05-12	18	1	10423056	82.24
2020-05-13	16	3	10423056	82.24
2020-05-14	10	1	10423056	82.24
2020-05-15	40	4	10423056	82.24
2020-05-16	9	2	10423056	82.24
2020-05-17	15	1	10423056	82.24
2020-05-18	2	2	10423056	82.24
2020-05-19	4	0	10423056	82.24
2020-05-20	10	1	10423056	82.24
2020-05-21	3	2	10423056	82.24
2020-05-22	21	1	10423056	82.24
2020-05-23	2	2	10423056	82.24
2020-05-24	2	0	10423056	82.24
2020-05-25	4	1	10423056	82.24
2020-05-26	10	1	10423056	82.24
2020-05-27	11	0	10423056	82.24
2020-05-28	3	2	10423056	82.24
2020-05-29	3	0	10423056	82.24
2020-05-30	6	0	10423056	82.24
2020-05-31	2	0	10423056	82.24
2020-06-01	1	4	10423056	82.24
2020-06-02	19	0	10423056	82.24
2020-06-03	0	0	10423056	82.24
2020-06-04	15	1	10423056	82.24
2020-06-05	15	0	10423056	82.24
2020-06-06	13	0	10423056	82.24
2020-06-07	17	0	10423056	82.24
2020-06-08	52	2	10423056	82.24
2020-06-09	9	1	10423056	82.24
2020-06-10	10	0	10423056	82.24
2020-06-11	20	0	10423056	82.24
2020-06-12	20	0	10423056	82.24
2020-06-13	4	0	10423056	82.24
2020-06-14	9	0	10423056	82.24
2020-06-15	13	1	10423056	82.24
2020-06-16	14	1	10423056	82.24
2020-06-17	55	2	10423056	82.24
2020-06-18	24	1	10423056	82.24
2020-06-19	10	1	10423056	82.24
2020-06-20	19	1	10423056	82.24
2020-06-21	10	0	10423056	82.24
2020-06-22	21	0	10423056	82.24
2020-06-23	15	0	10423056	82.24
2020-06-24	8	0	10423056	82.24
2020-06-25	11	1	10423056	82.24
2020-06-26	22	0	10423056	82.24
2020-06-27	23	0	10423056	82.24
2020-06-28	10	0	10423056	82.24
2020-06-29	14	0	10423056	82.24
2020-06-30	19	1	10423056	82.24
2020-07-01	23	0	10423056	82.24
2020-07-02	26	0	10423056	82.24
2020-07-03	28	0	10423056	82.24
2020-07-04	25	0	10423056	82.24
2020-07-05	8	0	10423056	82.24
2020-07-06	43	0	10423056	82.24
2020-07-07	27	1	10423056	82.24
2020-07-08	33	0	10423056	82.24
2020-07-09	50	0	10423056	82.24
2020-07-10	60	0	10423056	82.24
2020-07-11	40	0	10423056	82.24
2020-07-12	31	0	10423056	82.24
2020-07-13	23	0	10423056	82.24
2020-07-14	57	0	10423056	82.24
2020-07-15	27	0	10423056	82.24
2020-07-16	29	0	10423056	82.24
2020-07-17	25	1	10423056	82.24
2020-07-18	19	0	10423056	82.24
2020-07-19	24	0	10423056	82.24
2020-07-20	5	1	10423056	82.24
2020-07-21	36	2	10423056	82.24
2020-07-22	29	3	10423056	82.24
2020-07-23	33	1	10423056	82.24
2020-07-24	25	0	10423056	82.24
2020-07-25	31	0	10423056	82.24
2020-07-26	27	1	10423056	82.24
2020-07-27	34	0	10423056	82.24
2020-07-28	52	1	10423056	82.24
2020-07-29	57	0	10423056	82.24
2020-07-30	65	0	10423056	82.24
2020-07-31	76	3	10423056	82.24
2020-08-01	110	0	10423056	82.24
2020-08-02	75	2	10423056	82.24
2020-08-03	75	1	10423056	82.24
2020-08-04	118	0	10423056	82.24
2020-08-05	119	1	10423056	82.24
2020-08-06	149	0	10423056	82.24
2020-08-07	147	0	10423056	82.24
2020-08-08	151	1	10423056	82.24
2020-08-09	202	1	10423056	82.24
2020-08-10	126	1	10423056	82.24
2020-08-11	193	1	10423056	82.24
2020-08-12	235	2	10423056	82.24
2020-08-13	204	5	10423056	82.24
2020-08-14	251	2	10423056	82.24
2020-08-15	226	3	10423056	82.24
2020-08-16	217	2	10423056	82.24
2020-08-17	147	2	10423056	82.24
2020-08-18	250	2	10423056	82.24
2020-08-19	212	3	10423056	82.24
2020-08-20	250	0	10423056	82.24
2020-08-21	204	3	10423056	82.24
2020-08-22	243	2	10423056	82.24
2020-08-23	283	2	10423056	82.24
2020-08-24	155	0	10423056	82.24
2020-08-25	168	1	10423056	82.24
2020-08-26	293	5	10423056	82.24
2020-08-27	251	6	10423056	82.24
2020-08-28	269	5	10423056	82.24
2020-08-29	177	1	10423056	82.24
2020-08-30	157	2	10423056	82.24
2020-08-31	183	4	10423056	82.24
2020-09-01	207	5	10423056	82.24
2020-09-02	233	2	10423056	82.24
2020-09-03	241	5	10423056	82.24
2020-09-04	202	1	10423056	82.24
2020-09-05	186	1	10423056	82.24
2020-09-06	138	4	10423056	82.24
2020-09-07	139	5	10423056	82.24
2020-09-08	169	1	10423056	82.24
2020-09-09	248	3	10423056	82.24
2020-09-10	372	4	10423056	82.24
2020-09-11	282	3	10423056	82.24
2020-09-12	302	2	10423056	82.24
2020-09-13	204	3	10423056	82.24
2020-09-14	180	5	10423056	82.24
2020-09-15	310	3	10423056	82.24
2020-09-16	311	3	10423056	82.24
2020-09-17	359	9	10423056	82.24
2020-09-18	338	2	10423056	82.24
2020-09-19	240	4	10423056	82.24
2020-09-20	164	7	10423056	82.24
2020-09-21	453	6	10423056	82.24
2020-09-22	333	8	10423056	82.24
2020-09-23	358	5	10423056	82.24
2020-09-24	341	9	10423056	82.24
2020-09-25	286	3	10423056	82.24
2020-09-26	315	7	10423056	82.24
2020-09-27	216	3	10423056	82.24
2020-09-28	263	4	10423056	82.24
2020-09-29	416	5	10423056	82.24
2020-09-30	352	3	10423056	82.24
2020-10-01	411	2	10423056	82.24
2020-10-02	460	5	10423056	82.24
2020-10-03	267	7	10423056	82.24
2020-10-04	229	4	10423056	82.24
2020-10-05	300	8	10423056	82.24
2020-10-06	399	3	10423056	82.24
2020-10-07	406	4	10423056	82.24
2020-10-08	434	6	10423056	82.24
2020-10-09	391	1	10423056	82.24
2020-10-10	306	5	10423056	82.24
2020-10-11	280	13	10423056	82.24
2020-10-12	294	7	10423056	82.24
2020-10-13	408	6	10423056	82.24
2020-10-14	435	7	10423056	82.24
2020-10-15	452	13	10423056	82.24
2020-10-16	503	8	10423056	82.24
2020-10-17	482	10	10423056	82.24
2020-10-18	438	9	10423056	82.24
2020-10-19	432	11	10423056	82.24
2020-10-20	667	8	10423056	82.24
2020-10-21	865	6	10423056	82.24
2020-10-22	882	15	10423056	82.24
2020-10-23	841	10	10423056	82.24
2020-10-24	935	5	10423056	82.24
2020-10-25	790	10	10423056	82.24
2020-10-26	714	7	10423056	82.24
2020-10-27	1256	12	10423056	82.24
2020-10-28	1547	10	10423056	82.24
2020-10-29	1211	12	10423056	82.24
2020-10-30	1686	5	10423056	82.24
2020-10-31	2055	6	10423056	82.24
2020-11-01	1678	9	10423056	82.24
2020-11-02	1151	7	10423056	82.24
2020-11-03	2166	13	10423056	82.24
2020-11-04	2646	18	10423056	82.24
2020-11-05	2915	29	10423056	82.24
2020-11-06	2447	13	10423056	82.24
2020-11-07	2555	34	10423056	82.24
2020-11-08	1889	35	10423056	82.24
2020-11-09	1489	41	10423056	82.24
2020-11-10	2383	41	10423056	82.24
2020-11-11	2751	43	10423056	82.24
2020-11-12	3316	50	10423056	82.24
2020-11-13	3038	38	10423056	82.24
2020-11-14	2835	38	10423056	82.24
2020-11-15	1695	71	10423056	82.24
2020-11-16	2198	59	10423056	82.24
2020-11-17	2422	63	10423056	82.24
2020-11-18	3209	60	10423056	82.24
2020-11-19	3227	59	10423056	82.24
2020-11-20	2551	72	10423056	82.24
2020-11-21	2309	108	10423056	82.24
2020-11-22	1498	103	10423056	82.24
2020-11-23	1387	84	10423056	82.24
2020-11-24	2131	101	10423056	82.24
2020-11-25	2151	87	10423056	82.24
2020-11-26	2018	99	10423056	82.24
2020-11-27	1981	101	10423056	82.24
2020-11-28	1747	121	10423056	82.24
2020-11-29	1193	98	10423056	82.24
2020-11-30	1044	85	10423056	82.24
2020-12-01	2199	111	10423056	82.24
2020-12-02	2185	89	10423056	82.24
2020-12-03	1882	100	10423056	82.24
2020-12-04	1648	98	10423056	82.24
2020-12-05	1383	98	10423056	82.24
2020-12-06	903	101	10423056	82.24
2020-12-07	1250	89	10423056	82.24
2020-12-08	1324	102	10423056	82.24
2020-12-09	1675	95	10423056	82.24
2020-12-10	1533	81	10423056	82.24
2020-12-11	1395	102	10423056	82.24
2020-12-12	1194	68	10423056	82.24
2020-12-13	692	85	10423056	82.24
2020-12-14	639	62	10423056	82.24
2020-12-15	1199	98	10423056	82.24
2020-12-16	1185	85	10423056	82.24
2020-12-17	1153	78	10423056	82.24
2020-12-18	874	96	10423056	82.24
2020-12-19	901	58	10423056	82.24
2020-12-20	587	70	10423056	82.24
2020-12-21	525	85	10423056	82.24
2020-12-22	833	83	10423056	82.24
2020-12-23	935	62	10423056	82.24
2020-12-24	870	55	10423056	82.24
2020-12-25	617	50	10423056	82.24
2020-12-26	262	46	10423056	82.24
2020-12-27	342	53	10423056	82.24
2020-12-28	475	66	10423056	82.24
2020-12-29	1045	58	10423056	82.24
2020-12-30	942	58	10423056	82.24
2020-12-31	932	50	10423056	82.24
2021-01-01	597	43	10423056	82.24
2021-01-02	262	40	10423056	82.24
2021-01-03	390	36	10423056	82.24
2021-01-04	427	54	10423056	82.24
2021-01-05	927	40	10423056	82.24
2021-01-06	814	48	10423056	82.24
2021-01-07	510	47	10423056	82.24
2021-01-08	717	49	10423056	82.24
2021-01-09	799	32	10423056	82.24
2021-01-10	445	36	10423056	82.24
2021-01-11	441	39	10423056	82.24
2021-01-12	841	27	10423056	82.24
2021-01-13	668	25	10423056	82.24
2021-01-14	595	33	10423056	82.24
2021-01-15	577	34	10423056	82.24
2021-01-16	510	20	10423056	82.24
2021-01-17	237	28	10423056	82.24
2021-01-18	318	19	10423056	82.24
2021-01-19	537	30	10423056	82.24
2021-01-20	511	27	10423056	82.24
2021-01-21	506	25	10423056	82.24
2021-01-22	562	28	10423056	82.24
2021-01-23	605	24	10423056	82.24
2021-01-24	334	24	10423056	82.24
2021-01-25	432	25	10423056	82.24
2021-01-26	814	21	10423056	82.24
2021-01-27	857	32	10423056	82.24
2021-01-28	713	18	10423056	82.24
2021-01-29	882	22	10423056	82.24
2021-01-30	795	15	10423056	82.24
2021-01-31	484	17	10423056	82.24
2021-02-01	538	33	10423056	82.24
2021-02-02	1221	22	10423056	82.24
2021-02-03	1150	27	10423056	82.24
2021-02-04	1069	25	10423056	82.24
2021-02-05	1172	19	10423056	82.24
2021-02-06	1106	29	10423056	82.24
2021-02-07	733	21	10423056	82.24
2021-02-08	629	25	10423056	82.24
2021-02-09	1492	20	10423056	82.24
2021-02-10	1482	17	10423056	82.24
2021-02-11	1323	22	10423056	82.24
2021-02-12	1372	21	10423056	82.24
2021-02-13	1222	26	10423056	82.24
2021-02-14	662	23	10423056	82.24
2021-02-15	696	26	10423056	82.24
2021-02-16	1081	29	10423056	82.24
2021-02-17	754	13	10423056	82.24
2021-02-18	1400	27	10423056	82.24
2021-02-19	1435	28	10423056	82.24
2021-02-20	1424	23	10423056	82.24
2021-02-21	884	25	10423056	82.24
2021-02-22	870	24	10423056	82.24
2021-02-23	2111	22	10423056	82.24
2021-02-24	1903	28	10423056	82.24
2021-02-25	1783	39	10423056	82.24
2021-02-26	1732	29	10423056	82.24
2021-02-27	1630	29	10423056	82.24
2021-02-28	1269	36	10423056	82.24
2021-03-01	1170	30	10423056	82.24
2021-03-02	2312	23	10423056	82.24
2021-03-03	2697	40	10423056	82.24
2021-03-04	2217	35	10423056	82.24
2021-03-05	2181	32	10423056	82.24
2021-03-06	2301	41	10423056	82.24
2021-03-07	1142	53	10423056	82.24
2021-03-08	1161	39	10423056	82.24
2021-03-09	3181	46	10423056	82.24
2021-03-10	2629	43	10423056	82.24
2021-03-11	2570	51	10423056	82.24
2021-03-12	2357	49	10423056	82.24
2021-03-13	2503	52	10423056	82.24
2021-03-14	1626	53	10423056	82.24
2021-03-15	1134	46	10423056	82.24
2021-03-16	1508	59	10423056	82.24
2021-03-17	3458	56	10423056	82.24
2021-03-18	3070	45	10423056	82.24
2021-03-19	2762	64	10423056	82.24
2021-03-20	2532	60	10423056	82.24
2021-03-21	1514	41	10423056	82.24
