2020-02-17	0	0	17915567	74.3
2020-02-18	0	0	17915567	74.3
2020-02-19	0	0	17915567	74.3
2020-02-20	0	0	17915567	74.3
2020-02-21	0	0	17915567	74.3
2020-02-22	0	0	17915567	74.3
2020-02-23	0	0	17915567	74.3
2020-02-24	0	0	17915567	74.3
2020-02-25	0	0	17915567	74.3
2020-02-26	0	0	17915567	74.3
2020-02-27	0	0	17915567	74.3
2020-02-28	0	0	17915567	74.3
2020-02-29	0	0	17915567	74.3
2020-03-01	0	0	17915567	74.3
2020-03-02	0	0	17915567	74.3
2020-03-03	0	0	17915567	74.3
2020-03-04	0	0	17915567	74.3
2020-03-05	0	0	17915567	74.3
2020-03-06	0	0	17915567	74.3
2020-03-07	0	0	17915567	74.3
2020-03-08	0	0	17915567	74.3
2020-03-09	0	0	17915567	74.3
2020-03-10	0	0	17915567	74.3
2020-03-11	0	0	17915567	74.3
2020-03-12	0	0	17915567	74.3
2020-03-13	0	0	17915567	74.3
2020-03-14	1	0	17915567	74.3
2020-03-15	0	0	17915567	74.3
2020-03-16	1	1	17915567	74.3
2020-03-17	4	0	17915567	74.3
2020-03-18	0	0	17915567	74.3
2020-03-19	3	0	17915567	74.3
2020-03-20	3	0	17915567	74.3
2020-03-21	5	0	17915567	74.3
2020-03-22	2	0	17915567	74.3
2020-03-23	1	0	17915567	74.3
2020-03-24	1	0	17915567	74.3
2020-03-25	3	0	17915567	74.3
2020-03-26	1	0	17915567	74.3
2020-03-27	3	0	17915567	74.3
2020-03-28	6	0	17915567	74.3
2020-03-29	0	0	17915567	74.3
2020-03-30	2	0	17915567	74.3
2020-03-31	2	0	17915567	74.3
2020-04-01	1	0	17915567	74.3
2020-04-02	8	0	17915567	74.3
2020-04-03	3	0	17915567	74.3
2020-04-04	11	1	17915567	74.3
2020-04-05	0	0	17915567	74.3
2020-04-06	9	1	17915567	74.3
2020-04-07	7	0	17915567	74.3
2020-04-08	10	0	17915567	74.3
2020-04-09	8	0	17915567	74.3
2020-04-10	31	0	17915567	74.3
2020-04-11	11	0	17915567	74.3
2020-04-12	18	2	17915567	74.3
2020-04-13	1	0	17915567	74.3
2020-04-14	11	0	17915567	74.3
2020-04-15	13	0	17915567	74.3
2020-04-16	16	0	17915567	74.3
2020-04-17	18	2	17915567	74.3
2020-04-18	21	0	17915567	74.3
2020-04-19	22	0	17915567	74.3
2020-04-20	32	0	17915567	74.3
2020-04-21	5	0	17915567	74.3
2020-04-22	22	1	17915567	74.3
2020-04-23	68	3	17915567	74.3
2020-04-24	46	0	17915567	74.3
2020-04-25	43	2	17915567	74.3
2020-04-26	27	2	17915567	74.3
2020-04-27	30	0	17915567	74.3
2020-04-28	0	0	17915567	74.3
2020-04-29	27	1	17915567	74.3
2020-04-30	42	0	17915567	74.3
2020-05-01	45	0	17915567	74.3
2020-05-02	44	1	17915567	74.3
2020-05-03	15	0	17915567	74.3
2020-05-04	27	2	17915567	74.3
2020-05-05	33	0	17915567	74.3
2020-05-06	35	2	17915567	74.3
2020-05-07	34	2	17915567	74.3
2020-05-08	68	1	17915567	74.3
2020-05-09	67	0	17915567	74.3
2020-05-10	85	2	17915567	74.3
2020-05-11	62	0	17915567	74.3
2020-05-12	85	1	17915567	74.3
2020-05-13	143	2	17915567	74.3
2020-05-14	176	0	17915567	74.3
2020-05-15	125	1	17915567	74.3
2020-05-16	120	3	17915567	74.3
2020-05-17	0	0	17915567	74.3
2020-05-18	149	2	17915567	74.3
2020-05-19	221	8	17915567	74.3
2020-05-20	132	2	17915567	74.3
2020-05-21	247	3	17915567	74.3
2020-05-22	231	3	17915567	74.3
2020-05-23	311	4	17915567	74.3
2020-05-24	370	3	17915567	74.3
2020-05-25	336	1	17915567	74.3
2020-05-26	194	4	17915567	74.3
2020-05-27	191	5	17915567	74.3
2020-05-28	203	12	17915567	74.3
2020-05-29	259	10	17915567	74.3
2020-05-30	132	12	17915567	74.3
2020-05-31	348	6	17915567	74.3
2020-06-01	249	8	17915567	74.3
2020-06-02	250	7	17915567	74.3
2020-06-03	174	20	17915567	74.3
2020-06-04	394	15	17915567	74.3
2020-06-05	331	58	17915567	74.3
2020-06-06	307	14	17915567	74.3
2020-06-07	263	22	17915567	74.3
2020-06-08	447	15	17915567	74.3
2020-06-09	364	22	17915567	74.3
2020-06-10	355	27	17915567	74.3
2020-06-11	340	18	17915567	74.3
2020-06-12	421	17	17915567	74.3
2020-06-13	509	16	17915567	74.3
2020-06-14	354	17	17915567	74.3
2020-06-15	427	15	17915567	74.3
2020-06-16	434	19	17915567	74.3
2020-06-17	545	14	17915567	74.3
2020-06-18	617	17	17915567	74.3
2020-06-19	641	34	17915567	74.3
2020-06-20	246	31	17915567	74.3
2020-06-21	390	17	17915567	74.3
2020-06-22	624	16	17915567	74.3
2020-06-23	771	35	17915567	74.3
2020-06-24	279	19	17915567	74.3
2020-06-25	800	22	17915567	74.3
2020-06-26	209	49	17915567	74.3
2020-06-27	569	34	17915567	74.3
2020-06-28	533	21	17915567	74.3
2020-06-29	479	19	17915567	74.3
2020-06-30	687	27	17915567	74.3
2020-07-01	915	44	17915567	74.3
2020-07-02	1061	26	17915567	74.3
2020-07-03	1221	37	17915567	74.3
2020-07-04	1208	40	17915567	74.3
2020-07-05	747	27	17915567	74.3
2020-07-06	724	34	17915567	74.3
2020-07-07	815	23	17915567	74.3
2020-07-08	624	49	17915567	74.3
2020-07-09	1247	39	17915567	74.3
2020-07-10	961	47	17915567	74.3
2020-07-11	979	33	17915567	74.3
2020-07-12	757	47	17915567	74.3
2020-07-13	387	25	17915567	74.3
2020-07-14	1130	58	17915567	74.3
2020-07-15	1202	48	17915567	74.3
2020-07-16	865	54	17915567	74.3
2020-07-17	870	39	17915567	74.3
2020-07-18	4233	6	17915567	74.3
2020-07-19	635	36	17915567	74.3
2020-07-20	362	17	17915567	74.3
2020-07-21	1190	29	17915567	74.3
2020-07-22	906	42	17915567	74.3
2020-07-23	1057	59	17915567	74.3
2020-07-24	1091	37	17915567	74.3
2020-07-25	1209	30	17915567	74.3
2020-07-26	561	35	17915567	74.3
2020-07-27	256	27	17915567	74.3
2020-07-28	1142	21	17915567	74.3
2020-07-29	1154	53	17915567	74.3
2020-07-30	1221	32	17915567	74.3
2020-07-31	963	57	17915567	74.3
2020-08-01	1190	35	17915567	74.3
2020-08-02	327	36	17915567	74.3
2020-08-03	236	18	17915567	74.3
2020-08-04	823	24	17915567	74.3
2020-08-05	1144	35	17915567	74.3
2020-08-06	830	47	17915567	74.3
2020-08-07	931	49	17915567	74.3
2020-08-08	919	29	17915567	74.3
2020-08-09	416	14	17915567	74.3
2020-08-10	382	11	17915567	74.3
2020-08-11	979	11	17915567	74.3
2020-08-12	1123	34	17915567	74.3
2020-08-13	1195	29	17915567	74.3
2020-08-14	1144	45	17915567	74.3
2020-08-15	885	14	17915567	74.3
2020-08-16	249	24	17915567	74.3
2020-08-17	382	10	17915567	74.3
2020-08-18	903	30	17915567	74.3
2020-08-19	1034	48	17915567	74.3
2020-08-20	1102	39	17915567	74.3
2020-08-21	958	26	17915567	74.3
2020-08-22	915	48	17915567	74.3
2020-08-23	332	14	17915567	74.3
2020-08-24	345	17	17915567	74.3
2020-08-25	1118	19	17915567	74.3
2020-08-26	1063	32	17915567	74.3
2020-08-27	1142	23	17915567	74.3
2020-08-28	1065	24	17915567	74.3
2020-08-29	758	19	17915567	74.3
2020-08-30	233	12	17915567	74.3
2020-08-31	162	20	17915567	74.3
2020-09-01	819	18	17915567	74.3
2020-09-02	751	12	17915567	74.3
2020-09-03	714	14	17915567	74.3
2020-09-04	682	21	17915567	74.3
2020-09-05	441	20	17915567	74.3
2020-09-06	202	7	17915567	74.3
2020-09-07	145	10	17915567	74.3
2020-09-08	893	28	17915567	74.3
2020-09-09	901	7	17915567	74.3
2020-09-10	684	21	17915567	74.3
2020-09-11	703	11	17915567	74.3
2020-09-12	649	20	17915567	74.3
2020-09-13	251	8	17915567	74.3
2020-09-14	263	15	17915567	74.3
2020-09-15	512	12	17915567	74.3
2020-09-16	240	25	17915567	74.3
2020-09-17	740	27	17915567	74.3
2020-09-18	680	40	17915567	74.3
2020-09-19	808	29	17915567	74.3
2020-09-20	292	14	17915567	74.3
2020-09-21	237	5	17915567	74.3
2020-09-22	942	13	17915567	74.3
2020-09-23	819	17	17915567	74.3
2020-09-24	491	16	17915567	74.3
2020-09-25	945	16	17915567	74.3
2020-09-26	824	27	17915567	74.3
2020-09-27	390	16	17915567	74.3
2020-09-28	171	5	17915567	74.3
2020-09-29	705	4	17915567	74.3
2020-09-30	778	8	17915567	74.3
2020-10-01	663	15	17915567	74.3
2020-10-02	681	6	17915567	74.3
2020-10-03	658	18	17915567	74.3
2020-10-04	215	8	17915567	74.3
2020-10-05	219	9	17915567	74.3
2020-10-06	688	8	17915567	74.3
2020-10-07	834	25	17915567	74.3
2020-10-08	776	12	17915567	74.3
2020-10-09	455	9	17915567	74.3
2020-10-10	609	9	17915567	74.3
2020-10-11	171	19	17915567	74.3
2020-10-12	111	3	17915567	74.3
2020-10-13	554	23	17915567	74.3
2020-10-14	714	20	17915567	74.3
2020-10-15	671	23	17915567	74.3
2020-10-16	666	25	17915567	74.3
2020-10-17	597	37	17915567	74.3
2020-10-18	332	15	17915567	74.3
2020-10-19	239	11	17915567	74.3
2020-10-20	620	5	17915567	74.3
2020-10-21	196	21	17915567	74.3
2020-10-22	757	13	17915567	74.3
2020-10-23	730	14	17915567	74.3
2020-10-24	730	15	17915567	74.3
2020-10-25	155	35	17915567	74.3
2020-10-26	107	7	17915567	74.3
2020-10-27	677	14	17915567	74.3
2020-10-28	749	17	17915567	74.3
2020-10-29	470	22	17915567	74.3
2020-10-30	549	10	17915567	74.3
2020-10-31	600	15	17915567	74.3
2020-11-01	165	9	17915567	74.3
2020-11-02	0	0	17915567	74.3
2020-11-03	379	10	17915567	74.3
2020-11-04	664	4	17915567	74.3
2020-11-05	702	14	17915567	74.3
2020-11-06	653	28	17915567	74.3
2020-11-07	548	17	17915567	74.3
2020-11-08	212	10	17915567	74.3
2020-11-09	98	2	17915567	74.3
2020-11-10	769	9	17915567	74.3
2020-11-11	682	13	17915567	74.3
2020-11-12	732	13	17915567	74.3
2020-11-13	580	22	17915567	74.3
2020-11-14	596	40	17915567	74.3
2020-11-15	166	12	17915567	74.3
2020-11-16	147	6	17915567	74.3
2020-11-17	698	9	17915567	74.3
2020-11-18	651	61	17915567	74.3
2020-11-19	685	42	17915567	74.3
2020-11-20	691	17	17915567	74.3
2020-11-21	660	7	17915567	74.3
2020-11-22	212	2	17915567	74.3
2020-11-23	93	16	17915567	74.3
2020-11-24	627	7	17915567	74.3
2020-11-25	640	8	17915567	74.3
2020-11-26	696	26	17915567	74.3
2020-11-27	447	8	17915567	74.3
2020-11-28	666	20	17915567	74.3
2020-11-29	173	5	17915567	74.3
2020-11-30	91	5	17915567	74.3
2020-12-01	712	7	17915567	74.3
2020-12-02	686	13	17915567	74.3
2020-12-03	593	18	17915567	74.3
2020-12-04	752	15	17915567	74.3
2020-12-05	547	15	17915567	74.3
2020-12-06	198	11	17915567	74.3
2020-12-07	124	24	17915567	74.3
2020-12-08	799	12	17915567	74.3
2020-12-09	654	25	17915567	74.3
2020-12-10	659	34	17915567	74.3
2020-12-11	755	31	17915567	74.3
2020-12-12	558	29	17915567	74.3
2020-12-13	183	18	17915567	74.3
2020-12-14	123	22	17915567	74.3
2020-12-15	677	31	17915567	74.3
2020-12-16	746	34	17915567	74.3
2020-12-17	607	41	17915567	74.3
2020-12-18	627	38	17915567	74.3
2020-12-19	533	35	17915567	74.3
2020-12-20	170	32	17915567	74.3
2020-12-21	102	32	17915567	74.3
2020-12-22	734	30	17915567	74.3
2020-12-23	655	21	17915567	74.3
2020-12-24	638	10	17915567	74.3
2020-12-25	186	8	17915567	74.3
2020-12-26	91	6	17915567	74.3
2020-12-27	138	5	17915567	74.3
2020-12-28	132	5	17915567	74.3
2020-12-29	846	8	17915567	74.3
2020-12-30	879	22	17915567	74.3
2020-12-31	846	10	17915567	74.3
2021-01-01	224	7	17915567	74.3
2021-01-02	80	7	17915567	74.3
2021-01-03	159	6	17915567	74.3
2021-01-04	181	2	17915567	74.3
2021-01-05	763	24	17915567	74.3
2021-01-06	783	40	17915567	74.3
2021-01-07	872	29	17915567	74.3
2021-01-08	990	44	17915567	74.3
2021-01-09	1063	27	17915567	74.3
2021-01-10	116	26	17915567	74.3
2021-01-11	0	0	17915567	74.3
2021-01-12	1739	55	17915567	74.3
2021-01-13	1004	37	17915567	74.3
2021-01-14	951	34	17915567	74.3
2021-01-15	623	26	17915567	74.3
2021-01-16	1038	43	17915567	74.3
2021-01-17	290	34	17915567	74.3
2021-01-18	258	24	17915567	74.3
2021-01-19	1131	35	17915567	74.3
2021-01-20	1047	30	17915567	74.3
2021-01-21	1071	46	17915567	74.3
2021-01-22	561	31	17915567	74.3
2021-01-23	934	36	17915567	74.3
2021-01-24	322	9	17915567	74.3
2021-01-25	218	4	17915567	74.3
2021-01-26	1029	17	17915567	74.3
2021-01-27	1038	27	17915567	74.3
2021-01-28	1098	30	17915567	74.3
2021-01-29	741	39	17915567	74.3
2021-01-30	782	36	17915567	74.3
2021-01-31	386	25	17915567	74.3
2021-02-01	128	30	17915567	74.3
2021-02-02	667	36	17915567	74.3
2021-02-03	667	27	17915567	74.3
2021-02-04	699	49	17915567	74.3
2021-02-05	630	31	17915567	74.3
2021-02-06	642	38	17915567	74.3
2021-02-07	200	30	17915567	74.3
2021-02-08	110	38	17915567	74.3
2021-02-09	746	33	17915567	74.3
2021-02-10	753	34	17915567	74.3
2021-02-11	786	34	17915567	74.3
2021-02-12	751	34	17915567	74.3
2021-02-13	788	37	17915567	74.3
2021-02-14	208	30	17915567	74.3
2021-02-15	104	26	17915567	74.3
2021-02-16	720	8	17915567	74.3
2021-02-17	777	6	17915567	74.3
2021-02-18	730	22	17915567	74.3
2021-02-19	665	34	17915567	74.3
2021-02-20	656	29	17915567	74.3
2021-02-21	239	33	17915567	74.3
2021-02-22	119	24	17915567	74.3
2021-02-23	783	9	17915567	74.3
2021-02-24	692	12	17915567	74.3
2021-02-25	378	7	17915567	74.3
2021-02-26	672	14	17915567	74.3
2021-02-27	521	26	17915567	74.3
2021-02-28	207	19	17915567	74.3
2021-03-01	111	9	17915567	74.3
2021-03-02	758	10	17915567	74.3
2021-03-03	839	15	17915567	74.3
2021-03-04	626	8	17915567	74.3
2021-03-05	840	20	17915567	74.3
2021-03-06	621	12	17915567	74.3
2021-03-07	223	6	17915567	74.3
2021-03-08	210	6	17915567	74.3
2021-03-09	793	14	17915567	74.3
2021-03-10	830	29	17915567	74.3
2021-03-11	750	9	17915567	74.3
2021-03-12	831	15	17915567	74.3
2021-03-13	705	25	17915567	74.3
2021-03-14	202	-3	17915567	74.3
2021-03-15	133	10	17915567	74.3
2021-03-16	971	21	17915567	74.3
2021-03-17	949	20	17915567	74.3
2021-03-18	898	20	17915567	74.3
2021-03-19	908	24	17915567	74.3
2021-03-20	919	22	17915567	74.3
2021-03-21	252	15	17915567	74.3
