2020-03-13	1	0	13132792	61.6
2020-03-14	0	0	13132792	61.6
2020-03-15	0	0	13132792	61.6
2020-03-16	0	0	13132792	61.6
2020-03-17	0	0	13132792	61.6
2020-03-18	0	0	13132792	61.6
2020-03-19	0	0	13132792	61.6
2020-03-20	0	0	13132792	61.6
2020-03-21	1	0	13132792	61.6
2020-03-22	0	0	13132792	61.6
2020-03-23	2	0	13132792	61.6
2020-03-24	0	0	13132792	61.6
2020-03-25	0	0	13132792	61.6
2020-03-26	0	0	13132792	61.6
2020-03-27	4	0	13132792	61.6
2020-03-28	0	0	13132792	61.6
2020-03-29	8	0	13132792	61.6
2020-03-30	6	0	13132792	61.6
2020-03-31	0	0	13132792	61.6
2020-04-01	8	0	13132792	61.6
2020-04-02	22	0	13132792	61.6
2020-04-03	21	0	13132792	61.6
2020-04-04	38	0	13132792	61.6
2020-04-05	10	0	13132792	61.6
2020-04-06	7	0	13132792	61.6
2020-04-07	16	0	13132792	61.6
2020-04-08	20	0	13132792	61.6
2020-04-09	30	0	13132792	61.6
2020-04-10	18	0	13132792	61.6
2020-04-11	38	0	13132792	61.6
2020-04-12	0	0	13132792	61.6
2020-04-13	69	0	13132792	61.6
2020-04-14	44	0	13132792	61.6
2020-04-15	41	1	13132792	61.6
2020-04-16	34	0	13132792	61.6
2020-04-17	39	2	13132792	61.6
2020-04-18	41	0	13132792	61.6
2020-04-19	61	2	13132792	61.6
2020-04-20	43	0	13132792	61.6
2020-04-21	66	1	13132792	61.6
2020-04-22	73	0	13132792	61.6
2020-04-23	101	0	13132792	61.6
2020-04-24	92	0	13132792	61.6
2020-04-25	42	1	13132792	61.6
2020-04-26	0	0	13132792	61.6
2020-04-27	167	0	13132792	61.6
2020-04-28	77	0	13132792	61.6
2020-04-29	111	0	13132792	61.6
2020-04-30	144	0	13132792	61.6
2020-05-01	42	0	13132792	61.6
2020-05-02	49	0	13132792	61.6
2020-05-03	0	0	13132792	61.6
2020-05-04	124	2	13132792	61.6
2020-05-05	101	1	13132792	61.6
2020-05-06	45	1	13132792	61.6
2020-05-07	71	0	13132792	61.6
2020-05-08	82	0	13132792	61.6
2020-05-09	33	0	13132792	61.6
2020-05-10	104	0	13132792	61.6
2020-05-11	0	0	13132792	61.6
2020-05-12	152	0	13132792	61.6
2020-05-13	76	3	13132792	61.6
2020-05-14	99	1	13132792	61.6
2020-05-15	0	0	13132792	61.6
2020-05-16	185	1	13132792	61.6
2020-05-17	0	0	13132792	61.6
2020-05-18	138	0	13132792	61.6
2020-05-19	67	2	13132792	61.6
2020-05-20	0	0	13132792	61.6
2020-05-21	204	0	13132792	61.6
2020-05-22	0	1	13132792	61.6
2020-05-23	109	1	13132792	61.6
2020-05-24	99	0	13132792	61.6
2020-05-25	0	0	13132792	61.6
2020-05-26	0	0	13132792	61.6
2020-05-27	0	0	13132792	61.6
2020-05-28	278	2	13132792	61.6
2020-05-29	103	0	13132792	61.6
2020-05-30	50	1	13132792	61.6
2020-05-31	0	0	13132792	61.6
2020-06-01	138	0	13132792	61.6
2020-06-02	42	0	13132792	61.6
2020-06-03	47	0	13132792	61.6
2020-06-04	58	0	13132792	61.6
2020-06-05	69	0	13132792	61.6
2020-06-06	57	0	13132792	61.6
2020-06-07	0	0	13132792	61.6
2020-06-08	99	0	13132792	61.6
2020-06-09	42	0	13132792	61.6
2020-06-10	0	0	13132792	61.6
2020-06-11	114	0	13132792	61.6
2020-06-12	54	1	13132792	61.6
2020-06-13	58	1	13132792	61.6
2020-06-14	48	0	13132792	61.6
2020-06-15	40	1	13132792	61.6
2020-06-16	67	0	13132792	61.6
2020-06-17	29	0	13132792	61.6
2020-06-18	173	0	13132792	61.6
2020-06-19	63	1	13132792	61.6
2020-06-20	56	0	13132792	61.6
2020-06-21	28	0	13132792	61.6
2020-06-22	0	0	13132792	61.6
2020-06-23	52	1	13132792	61.6
2020-06-24	134	1	13132792	61.6
2020-06-25	0	0	13132792	61.6
2020-06-26	86	0	13132792	61.6
2020-06-27	31	1	13132792	61.6
2020-06-28	51	1	13132792	61.6
2020-06-29	9	0	13132792	61.6
2020-06-30	40	2	13132792	61.6
2020-07-01	13	0	13132792	61.6
2020-07-02	46	0	13132792	61.6
2020-07-03	71	0	13132792	61.6
2020-07-04	49	1	13132792	61.6
2020-07-05	40	0	13132792	61.6
2020-07-06	0	0	13132792	61.6
2020-07-07	26	0	13132792	61.6
2020-07-08	61	0	13132792	61.6
2020-07-09	184	2	13132792	61.6
2020-07-10	88	1	13132792	61.6
2020-07-11	75	0	13132792	61.6
2020-07-12	97	0	13132792	61.6
2020-07-13	0	0	13132792	61.6
2020-07-14	59	1	13132792	61.6
2020-07-15	76	0	13132792	61.6
2020-07-16	83	1	13132792	61.6
2020-07-17	71	0	13132792	61.6
2020-07-18	61	0	13132792	61.6
2020-07-19	53	0	13132792	61.6
2020-07-20	46	1	13132792	61.6
2020-07-21	62	1	13132792	61.6
2020-07-22	95	0	13132792	61.6
2020-07-23	59	1	13132792	61.6
2020-07-24	61	0	13132792	61.6
2020-07-25	60	0	13132792	61.6
2020-07-26	81	1	13132792	61.6
2020-07-27	47	2	13132792	61.6
2020-07-28	71	1	13132792	61.6
2020-07-29	57	0	13132792	61.6
2020-07-30	59	0	13132792	61.6
2020-07-31	66	0	13132792	61.6
2020-08-01	0	0	13132792	61.6
2020-08-02	9	0	13132792	61.6
2020-08-03	47	0	13132792	61.6
2020-08-04	125	2	13132792	61.6
2020-08-05	86	1	13132792	61.6
2020-08-06	89	0	13132792	61.6
2020-08-07	113	1	13132792	61.6
2020-08-08	98	0	13132792	61.6
2020-08-09	55	0	13132792	61.6
2020-08-10	0	0	13132792	61.6
2020-08-11	88	0	13132792	61.6
2020-08-12	98	0	13132792	61.6
2020-08-13	82	0	13132792	61.6
2020-08-14	62	0	13132792	61.6
2020-08-15	83	0	13132792	61.6
2020-08-16	139	1	13132792	61.6
2020-08-17	138	0	13132792	61.6
2020-08-18	95	1	13132792	61.6
2020-08-19	77	1	13132792	61.6
2020-08-20	84	0	13132792	61.6
2020-08-21	56	0	13132792	61.6
2020-08-22	0	0	13132792	61.6
2020-08-23	35	0	13132792	61.6
2020-08-24	109	2	13132792	61.6
2020-08-25	52	2	13132792	61.6
2020-08-26	39	0	13132792	61.6
2020-08-27	46	1	13132792	61.6
2020-08-28	38	1	13132792	61.6
2020-08-29	0	0	13132792	61.6
2020-08-30	120	0	13132792	61.6
2020-08-31	38	0	13132792	61.6
2020-09-01	70	0	13132792	61.6
2020-09-02	0	0	13132792	61.6
2020-09-03	100	2	13132792	61.6
2020-09-04	70	0	13132792	61.6
2020-09-05	0	0	13132792	61.6
2020-09-06	149	0	13132792	61.6
2020-09-07	18	1	13132792	61.6
2020-09-08	32	1	13132792	61.6
2020-09-09	37	0	13132792	61.6
2020-09-10	61	0	13132792	61.6
2020-09-11	33	0	13132792	61.6
2020-09-12	41	0	13132792	61.6
2020-09-13	25	0	13132792	61.6
2020-09-14	16	0	13132792	61.6
2020-09-15	50	0	13132792	61.6
2020-09-16	43	0	13132792	61.6
2020-09-17	0	0	13132792	61.6
2020-09-18	77	0	13132792	61.6
2020-09-19	55	0	13132792	61.6
2020-09-20	39	1	13132792	61.6
2020-09-21	19	1	13132792	61.6
2020-09-22	43	0	13132792	61.6
2020-09-23	47	0	13132792	61.6
2020-09-24	0	0	13132792	61.6
2020-09-25	44	0	13132792	61.6
2020-09-26	34	0	13132792	61.6
2020-09-27	68	1	13132792	61.6
2020-09-28	18	0	13132792	61.6
2020-09-29	36	0	13132792	61.6
2020-09-30	18	0	13132792	61.6
2020-10-01	0	0	13132792	61.6
2020-10-02	83	0	13132792	61.6
2020-10-03	0	0	13132792	61.6
2020-10-04	19	0	13132792	61.6
2020-10-05	46	1	13132792	61.6
2020-10-06	63	1	13132792	61.6
2020-10-07	0	0	13132792	61.6
2020-10-08	38	0	13132792	61.6
2020-10-09	53	0	13132792	61.6
2020-10-10	42	1	13132792	61.6
2020-10-11	26	0	13132792	61.6
2020-10-12	40	1	13132792	61.6
2020-10-13	72	0	13132792	61.6
2020-10-14	54	0	13132792	61.6
2020-10-15	67	0	13132792	61.6
2020-10-16	107	0	13132792	61.6
2020-10-17	116	0	13132792	61.6
2020-10-18	40	0	13132792	61.6
2020-10-19	0	0	13132792	61.6
2020-10-20	20	0	13132792	61.6
2020-10-21	61	0	13132792	61.6
2020-10-22	36	1	13132792	61.6
2020-10-23	0	0	13132792	61.6
2020-10-24	0	0	13132792	61.6
2020-10-25	0	0	13132792	61.6
2020-10-26	0	0	13132792	61.6
2020-10-27	184	0	13132792	61.6
2020-10-28	0	0	13132792	61.6
2020-10-29	201	0	13132792	61.6
2020-10-30	52	1	13132792	61.6
2020-10-31	0	0	13132792	61.6
2020-11-01	123	1	13132792	61.6
2020-11-02	18	0	13132792	61.6
2020-11-03	0	0	13132792	61.6
2020-11-04	118	0	13132792	61.6
2020-11-05	32	0	13132792	61.6
2020-11-06	0	0	13132792	61.6
2020-11-07	37	0	13132792	61.6
2020-11-08	14	1	13132792	61.6
2020-11-09	45	0	13132792	61.6
2020-11-10	25	0	13132792	61.6
2020-11-11	32	0	13132792	61.6
2020-11-12	21	0	13132792	61.6
2020-11-13	0	0	13132792	61.6
2020-11-14	48	0	13132792	61.6
2020-11-15	26	1	13132792	61.6
2020-11-16	13	0	13132792	61.6
2020-11-17	30	0	13132792	61.6
2020-11-18	59	0	13132792	61.6
2020-11-19	0	0	13132792	61.6
2020-11-20	30	0	13132792	61.6
2020-11-21	55	0	13132792	61.6
2020-11-22	28	0	13132792	61.6
2020-11-23	15	0	13132792	61.6
2020-11-24	22	0	13132792	61.6
2020-11-25	66	1	13132792	61.6
2020-11-26	20	0	13132792	61.6
2020-11-27	90	0	13132792	61.6
2020-11-28	0	0	13132792	61.6
2020-11-29	0	0	13132792	61.6
2020-11-30	80	0	13132792	61.6
2020-12-01	0	0	13132792	61.6
2020-12-02	24	0	13132792	61.6
2020-12-03	24	0	13132792	61.6
2020-12-04	19	0	13132792	61.6
2020-12-05	47	0	13132792	61.6
2020-12-06	0	0	13132792	61.6
2020-12-07	31	3	13132792	61.6
2020-12-08	0	0	13132792	61.6
2020-12-09	61	0	13132792	61.6
2020-12-10	43	0	13132792	61.6
2020-12-11	30	0	13132792	61.6
2020-12-12	22	0	13132792	61.6
2020-12-13	0	0	13132792	61.6
2020-12-14	37	1	13132792	61.6
2020-12-15	0	0	13132792	61.6
2020-12-16	17	0	13132792	61.6
2020-12-17	11	0	13132792	61.6
2020-12-18	26	0	13132792	61.6
2020-12-19	21	0	13132792	61.6
2020-12-20	13	0	13132792	61.6
2020-12-21	33	0	13132792	61.6
2020-12-22	0	0	13132792	61.6
2020-12-23	20	0	13132792	61.6
2020-12-24	32	0	13132792	61.6
2020-12-25	16	0	13132792	61.6
2020-12-26	0	0	13132792	61.6
2020-12-27	28	0	13132792	61.6
2020-12-28	14	0	13132792	61.6
2020-12-29	0	0	13132792	61.6
2020-12-30	19	0	13132792	61.6
2020-12-31	15	1	13132792	61.6
2021-01-01	16	0	13132792	61.6
2021-01-02	46	0	13132792	61.6
2021-01-03	0	0	13132792	61.6
2021-01-04	15	0	13132792	61.6
2021-01-05	46	0	13132792	61.6
2021-01-06	0	0	13132792	61.6
2021-01-07	59	0	13132792	61.6
2021-01-08	0	0	13132792	61.6
2021-01-09	38	0	13132792	61.6
2021-01-10	0	0	13132792	61.6
2021-01-11	38	0	13132792	61.6
2021-01-12	45	0	13132792	61.6
2021-01-13	26	0	13132792	61.6
2021-01-14	0	0	13132792	61.6
2021-01-15	14	0	13132792	61.6
2021-01-16	33	0	13132792	61.6
2021-01-17	16	0	13132792	61.6
2021-01-18	51	0	13132792	61.6
2021-01-19	42	0	13132792	61.6
2021-01-20	0	0	13132792	61.6
2021-01-21	29	0	13132792	61.6
2021-01-22	26	0	13132792	61.6
2021-01-23	38	0	13132792	61.6
2021-01-24	19	0	13132792	61.6
2021-01-25	56	0	13132792	61.6
2021-01-26	4	1	13132792	61.6
2021-01-27	56	0	13132792	61.6
2021-01-28	0	0	13132792	61.6
2021-01-29	16	0	13132792	61.6
2021-01-30	24	0	13132792	61.6
2021-01-31	71	0	13132792	61.6
2021-02-01	9	1	13132792	61.6
2021-02-02	0	0	13132792	61.6
2021-02-03	0	0	13132792	61.6
2021-02-04	74	1	13132792	61.6
2021-02-05	0	0	13132792	61.6
2021-02-06	36	0	13132792	61.6
2021-02-07	22	0	13132792	61.6
2021-02-08	77	0	13132792	61.6
2021-02-09	27	0	13132792	61.6
2021-02-10	0	0	13132792	61.6
2021-02-11	69	0	13132792	61.6
2021-02-12	0	0	13132792	61.6
2021-02-13	35	0	13132792	61.6
2021-02-14	72	1	13132792	61.6
2021-02-15	0	0	13132792	61.6
2021-02-16	53	0	13132792	61.6
2021-02-17	68	0	13132792	61.6
2021-02-18	66	0	13132792	61.6
2021-02-19	62	1	13132792	61.6
2021-02-20	179	0	13132792	61.6
2021-02-21	0	0	13132792	61.6
2021-02-22	32	0	13132792	61.6
2021-02-23	60	1	13132792	61.6
2021-02-24	193	1	13132792	61.6
2021-02-25	109	0	13132792	61.6
2021-02-26	105	1	13132792	61.6
2021-02-27	0	0	13132792	61.6
2021-02-28	98	0	13132792	61.6
2021-03-01	13	0	13132792	61.6
2021-03-02	76	2	13132792	61.6
2021-03-03	210	1	13132792	61.6
2021-03-04	129	1	13132792	61.6
2021-03-05	0	0	13132792	61.6
2021-03-06	120	0	13132792	61.6
2021-03-07	130	2	13132792	61.6
2021-03-08	242	2	13132792	61.6
2021-03-09	0	0	13132792	61.6
2021-03-10	296	4	13132792	61.6
2021-03-11	164	0	13132792	61.6
2021-03-12	220	1	13132792	61.6
2021-03-13	0	0	13132792	61.6
2021-03-14	150	0	13132792	61.6
2021-03-15	109	1	13132792	61.6
2021-03-16	131	1	13132792	61.6
2021-03-17	303	2	13132792	61.6
2021-03-18	0	0	13132792	61.6
2021-03-19	277	2	13132792	61.6
2021-03-20	0	0	13132792	61.6
2021-03-21	315	3	13132792	61.6
