2020-03-12      1       1       786559      69.91
2020-03-13      0       0       786559      69.91
2020-03-14      0       0       786559      69.91
2020-03-15      3       0       786559      69.91
2020-03-16      0       0       786559      69.91
2020-03-17      3       0       786559      69.91
2020-03-18      0       0       786559      69.91
2020-03-19      0       0       786559      69.91
2020-03-20      0       0       786559      69.91
2020-03-21      0       0       786559      69.91
2020-03-22      12      0       786559      69.91
2020-03-23      1       0       786559      69.91
2020-03-24      -15     0       786559      69.91
2020-03-25      0       0       786559      69.91
2020-03-26      0       0       786559      69.91
2020-03-27      0       0       786559      69.91
2020-03-28      3       0       786559      69.91
2020-03-29      0       0       786559      69.91
2020-03-30      0       0       786559      69.91
2020-03-31      4       1       786559      69.91
2020-04-01      7       0       786559      69.91
2020-04-02      0       2       786559      69.91
2020-04-03      4       0       786559      69.91
2020-04-04      0       0       786559      69.91
2020-04-05      1       0       786559      69.91
2020-04-06      7       0       786559      69.91
2020-04-07      2       1       786559      69.91
2020-04-08      4       1       786559      69.91
2020-04-09      0       0       786559      69.91
2020-04-10      0       0       786559      69.91
2020-04-11      8       0       786559      69.91
2020-04-12      0       0       786559      69.91
2020-04-13      0       0       786559      69.91
2020-04-14      2       0       786559      69.91
2020-04-15      8       0       786559      69.91
2020-04-16      0       0       786559      69.91
2020-04-17      8       0       786559      69.91
2020-04-18      0       0       786559      69.91
2020-04-19      2       1       786559      69.91
2020-04-20      0       0       786559      69.91
2020-04-21      1       0       786559      69.91
2020-04-22      1       0       786559      69.91
2020-04-23      3       0       786559      69.91
2020-04-24      3       0       786559      69.91
2020-04-25      0       0       786559      69.91
2020-04-26      1       1       786559      69.91
2020-04-27      0       0       786559      69.91
2020-04-28      0       0       786559      69.91
2020-04-29      4       0       786559      69.91
2020-04-30      4       1       786559      69.91
2020-05-01      0       0       786559      69.91
2020-05-02      0       0       786559      69.91
2020-05-03      0       0       786559      69.91
2020-05-04      10      0       786559      69.91
2020-05-05      1       1       786559      69.91
2020-05-06      0       0       786559      69.91
2020-05-07      0       0       786559      69.91
2020-05-08      1       0       786559      69.91
2020-05-09      0       0       786559      69.91
2020-05-10      10      0       786559      69.91
2020-05-11      5       0       786559      69.91
2020-05-12      4       0       786559      69.91
2020-05-13      0       0       786559      69.91
2020-05-14      0       0       786559      69.91
2020-05-15      3       0       786559      69.91
2020-05-16      1       0       786559      69.91
2020-05-17      0       0       786559      69.91
2020-05-18      7       0       786559      69.91
2020-05-19      1       0       786559      69.91
2020-05-20      0       0       786559      69.91
2020-05-21      2       0       786559      69.91
2020-05-22      0       0       786559      69.91
2020-05-23      0       0       786559      69.91
2020-05-24      8       0       786559      69.91
2020-05-25      2       1       786559      69.91
2020-05-26      2       0       786559      69.91
2020-05-27      0       0       786559      69.91
2020-05-28      11      0       786559      69.91
2020-05-29      0       0       786559      69.91
2020-05-30      2       1       786559      69.91
2020-05-31      1       0       786559      69.91
2020-06-01      0       0       786559      69.91
2020-06-02      0       0       786559      69.91
2020-06-03      0       0       786559      69.91
2020-06-04      0       0       786559      69.91
2020-06-05      0       0       786559      69.91
2020-06-06      1       0       786559      69.91
2020-06-07      0       0       786559      69.91
2020-06-08      0       0       786559      69.91
2020-06-09      2       0       786559      69.91
2020-06-10      0       0       786559      69.91
2020-06-11      2       0       786559      69.91
2020-06-12      1       0       786559      69.91
2020-06-13      0       0       786559      69.91
2020-06-14      0       0       786559      69.91
2020-06-15      0       0       786559      69.91
2020-06-16      12      0       786559      69.91
2020-06-17      0       0       786559      69.91
2020-06-18      12      0       786559      69.91
2020-06-19      0       0       786559      69.91
2020-06-20      0       0       786559      69.91
2020-06-21      1       0       786559      69.91
2020-06-22      21      0       786559      69.91
2020-06-23      1       0       786559      69.91
2020-06-24      3       0       786559      69.91
2020-06-25      6       0       786559      69.91
2020-06-26      0       0       786559      69.91
2020-06-27      15      0       786559      69.91
2020-06-28      0       0       786559      69.91
2020-06-29      5       0       786559      69.91
2020-06-30      10      0       786559      69.91
2020-07-01      3       1       786559      69.91
2020-07-02      2       1       786559      69.91
2020-07-03      6       0       786559      69.91
2020-07-04      16      0       786559      69.91
2020-07-05      1       1       786559      69.91
2020-07-06      0       0       786559      69.91
2020-07-07      11      1       786559      69.91
2020-07-08      0       0       786559      69.91
2020-07-09      2       0       786559      69.91
2020-07-10      4       0       786559      69.91
2020-07-11      1       1       786559      69.91
2020-07-12      6       0       786559      69.91
2020-07-13      3       0       786559      69.91
2020-07-14      8       0       786559      69.91
2020-07-15      5       1       786559      69.91
2020-07-16      2       1       786559      69.91
2020-07-17      5       0       786559      69.91
2020-07-18      7       0       786559      69.91
2020-07-19      9       0       786559      69.91
2020-07-20      1       0       786559      69.91
2020-07-21      2       0       786559      69.91
2020-07-22      11      0       786559      69.91
2020-07-23      1       0       786559      69.91
2020-07-24      1       1       786559      69.91
2020-07-25      8       0       786559      69.91
2020-07-26      10      0       786559      69.91
2020-07-27      19      0       786559      69.91
2020-07-28      7       0       786559      69.91
2020-07-29      2       0       786559      69.91
2020-07-30      3       0       786559      69.91
2020-07-31      12      0       786559      69.91
2020-08-01      17      0       786559      69.91
2020-08-02      44      1       786559      69.91
2020-08-03      0       0       786559      69.91
2020-08-04      23      1       786559      69.91
2020-08-05      12      0       786559      69.91
2020-08-06      29      0       786559      69.91
2020-08-07      0       0       786559      69.91
2020-08-08      16      0       786559      69.91
2020-08-09      14      0       786559      69.91
2020-08-10      0       0       786559      69.91
2020-08-11      34      0       786559      69.91
2020-08-12      21      0       786559      69.91
2020-08-13      8       0       786559      69.91
2020-08-14      18      0       786559      69.91
2020-08-15      25      0       786559      69.91
2020-08-16      35      1       786559      69.91
2020-08-17      0       0       786559      69.91
2020-08-18      28      2       786559      69.91
2020-08-19      39      2       786559      69.91
2020-08-20      70      2       786559      69.91
2020-08-21      35      1       786559      69.91
2020-08-22      44      1       786559      69.91
2020-08-23      30      0       786559      69.91
2020-08-24      74      0       786559      69.91
2020-08-25      31      0       786559      69.91
2020-08-26      33      0       786559      69.91
2020-08-27      47      1       786559      69.91
2020-08-28      40      3       786559      69.91
2020-08-29      4       0       786559      69.91
2020-08-30      50      1       786559      69.91
2020-08-31      72      3       786559      69.91
2020-09-01      67      2       786559      69.91
2020-09-02      9       0       786559      69.91
2020-09-03      19      3       786559      69.91
2020-09-04      0       0       786559      69.91
2020-09-05      58      2       786559      69.91
2020-09-06      9       0       786559      69.91
2020-09-07      92      1       786559      69.91
2020-09-08      53      1       786559      69.91
2020-09-09      90      0       786559      69.91
2020-09-10      47      1       786559      69.91
2020-09-11      13      3       786559      69.91
2020-09-12      49      2       786559      69.91
2020-09-13      41      2       786559      69.91
2020-09-14      31      0       786559      69.91
2020-09-15      74      2       786559      69.91
2020-09-16      0       0       786559      69.91
2020-09-17      69      2       786559      69.91
2020-09-18      75      2       786559      69.91
2020-09-19      66      2       786559      69.91
2020-09-20      101     0       786559      69.91
2020-09-21      133     1       786559      69.91
2020-09-22      35      2       786559      69.91
2020-09-23      98      2       786559      69.91
2020-09-24      44      2       786559      69.91
2020-09-25      130     2       786559      69.91
2020-09-26      16      1       786559      69.91
2020-09-27      47      2       786559      69.91
2020-09-28      15      2       786559      69.91
2020-09-29      59      0       786559      69.91
2020-09-30      48      2       786559      69.91
2020-10-01      35      2       786559      69.91
2020-10-02      39      3       786559      69.91
2020-10-03      0       0       786559      69.91
2020-10-04      125     2       786559      69.91
2020-10-05      95      3       786559      69.91
2020-10-06      0       2       786559      69.91
2020-10-07      104     3       786559      69.91
2020-10-08      37      3       786559      69.91
2020-10-09      29      2       786559      69.91
2020-10-10      47      2       786559      69.91
2020-10-11      64      1       786559      69.91
2020-10-12      52      1       786559      69.91
2020-10-13      44      2       786559      69.91
2020-10-14      24      0       786559      69.91
2020-10-15      31      1       786559      69.91
2020-10-16      52      0       786559      69.91
2020-10-17      38      2       786559      69.91
2020-10-18      24      0       786559      69.91
2020-10-19      31      2       786559      69.91
2020-10-20      31      3       786559      69.91
2020-10-21      54      2       786559      69.91
2020-10-22      27      1       786559      69.91
2020-10-23      83      0       786559      69.91
2020-10-24      34      0       786559      69.91
2020-10-25      29      2       786559      69.91
2020-10-26      3       0       786559      69.91
2020-10-27      35      0       786559      69.91
2020-10-28      13      4       786559      69.91
2020-10-29      24      0       786559      69.91
2020-10-30      45      1       786559      69.91
2020-10-31      19      0       786559      69.91
2020-11-01      46      2       786559      69.91
2020-11-02      30      2       786559      69.91
2020-11-03      7       0       786559      69.91
2020-11-04      79      2       786559      69.91
2020-11-05      69      0       786559      69.91
2020-11-06      64      3       786559      69.91
2020-11-07      27      1       786559      69.91
2020-11-08      30      0       786559      69.91
2020-11-09      10      1       786559      69.91
2020-11-10      6       0       786559      69.91
2020-11-11      88      2       786559      69.91
2020-11-12      44      1       786559      69.91
2020-11-13      62      0       786559      69.91
2020-11-14      70      0       786559      69.91
2020-11-15      29      1       786559      69.91
2020-11-16      51      0       786559      69.91
2020-11-17      16      1       786559      69.91
2020-11-18      24      2       786559      69.91
2020-11-19      62      1       786559      69.91
2020-11-20      29      0       786559      69.91
2020-11-21      88      0       786559      69.91
2020-11-22      40      0       786559      69.91
2020-11-23      21      3       786559      69.91
2020-11-24      35      1       786559      69.91
2020-11-25      47      0       786559      69.91
2020-11-26      40      2       786559      69.91
2020-11-27      34      0       786559      69.91
2020-11-28      28      0       786559      69.91
2020-11-29      38      1       786559      69.91
2020-11-30      30      1       786559      69.91
2020-12-01      17      0       786559      69.91
2020-12-02      26      0       786559      69.91
2020-12-03      79      0       786559      69.91
2020-12-04      73      0       786559      69.91
2020-12-05      36      0       786559      69.91
2020-12-06      28      2       786559      69.91
2020-12-07      32      1       786559      69.91
2020-12-08      3       0       786559      69.91
2020-12-09      32      0       786559      69.91
2020-12-10      79      0       786559      69.91
2020-12-11      28      0       786559      69.91
2020-12-12      40      0       786559      69.91
2020-12-13      41      1       786559      69.91
2020-12-14      23      1       786559      69.91
2020-12-15      30      0       786559      69.91
2020-12-16      43      2       786559      69.91
2020-12-17      26      0       786559      69.91
2020-12-18      34      1       786559      69.91
2020-12-19      29      0       786559      69.91
2020-12-20      20      0       786559      69.91
2020-12-21      46      0       786559      69.91
2020-12-22      45      1       786559      69.91
2020-12-23      42      2       786559      69.91
2020-12-24      8       0       786559      69.91
2020-12-25      23      0       786559      69.91
2020-12-26      0       0       786559      69.91
2020-12-27      4       2       786559      69.91
2020-12-28      5       0       786559      69.91
2020-12-29      3       0       786559      69.91
2020-12-30      18      0       786559      69.91
2020-12-31      13      0       786559      69.91
2021-01-01      16      0       786559      69.91
2021-01-02      3       0       786559      69.91
2021-01-03      7       0       786559      69.91
2021-01-04      21      2       786559      69.91
2021-01-05      28      0       786559      69.91
2021-01-06      0       0       786559      69.91
2021-01-07      62      1       786559      69.91
2021-01-08      0       0       786559      69.91
2021-01-09      72      0       786559      69.91
2021-01-10      33      2       786559      69.91
2021-01-11      14      1       786559      69.91
2021-01-12      65      0       786559      69.91
2021-01-13      43      0       786559      69.91
2021-01-14      49      0       786559      69.91
2021-01-15      60      0       786559      69.91
2021-01-16      46      0       786559      69.91
2021-01-17      57      0       786559      69.91
2021-01-18      23      0       786559      69.91
2021-01-19      19      0       786559      69.91
2021-01-20      65      0       786559      69.91
2021-01-21      52      0       786559      69.91
2021-01-22      76      0       786559      69.91
2021-01-23      79      0       786559      69.91
2021-01-24      76      2       786559      69.91
2021-01-25      19      0       786559      69.91
2021-01-26      29      0       786559      69.91
2021-01-27      34      2       786559      69.91
2021-01-28      90      1       786559      69.91
2021-01-29      58      0       786559      69.91
2021-01-30      53      1       786559      69.91
2021-01-31      60      0       786559      69.91
2021-02-01      13      1       786559      69.91
2021-02-02      24      0       786559      69.91
2021-02-03      36      0       786559      69.91
2021-02-04      66      0       786559      69.91
2021-02-05      107     2       786559      69.91
2021-02-06      52      1       786559      69.91
2021-02-07      43      0       786559      69.91
2021-02-08      41      1       786559      69.91
2021-02-09      18      0       786559      69.91
2021-02-10      51      1       786559      69.91
2021-02-11      43      2       786559      69.91
2021-02-12      46      2       786559      69.91
2021-02-13      26      0       786559      69.91
2021-02-14      24      0       786559      69.91
2021-02-15      1       0       786559      69.91
2021-02-16      30      2       786559      69.91
2021-02-17      51      1       786559      69.91
2021-02-18      25      0       786559      69.91
2021-02-19      19      0       786559      69.91
2021-02-20      42      0       786559      69.91
2021-02-21      21      0       786559      69.91
2021-02-22      7       0       786559      69.91
2021-02-23      25      1       786559      69.91
2021-02-24      5       2       786559      69.91
2021-02-25      28      3       786559      69.91
2021-02-26      28      0       786559      69.91
2021-02-27      37      0       786559      69.91
2021-02-28      35      0       786559      69.91
2021-03-01      10      2       786559      69.91
2021-03-02      31      0       786559      69.91
2021-03-03      22      2       786559      69.91
2021-03-04      51      0       786559      69.91
2021-03-05      30      1       786559      69.91
2021-03-06      43      0       786559      69.91
2021-03-07      35      1       786559      69.91
2021-03-08      7       2       786559      69.91
2021-03-09      33      1       786559      69.91
2021-03-10      81      1       786559      69.91
2021-03-11      65      1       786559      69.91
2021-03-12      76      0       786559      69.91
2021-03-13      52      0       786559      69.91
2021-03-14      39      1       786559      69.91
2021-03-15      27      0       786559      69.91
2021-03-16      51      1       786559      69.91
2021-03-17      84      1       786559      69.91
2021-03-18      120     3       786559      69.91
2021-03-19      44      0       786559      69.91
2021-03-20      99      2       786559      69.91
2021-03-21      64      1       786559      69.91