2020-03-11	2	0	9904608	75.27
2020-03-12	0	0	9904608	75.27
2020-03-13	0	0	9904608	75.27
2020-03-14	0	0	9904608	75.27
2020-03-15	1	0	9904608	75.27
2020-03-16	3	0	9904608	75.27
2020-03-17	2	0	9904608	75.27
2020-03-18	1	0	9904608	75.27
2020-03-19	3	0	9904608	75.27
2020-03-20	12	0	9904608	75.27
2020-03-21	0	0	9904608	75.27
2020-03-22	2	0	9904608	75.27
2020-03-23	4	0	9904608	75.27
2020-03-24	0	0	9904608	75.27
2020-03-25	6	0	9904608	75.27
2020-03-26	16	1	9904608	75.27
2020-03-27	16	0	9904608	75.27
2020-03-28	27	0	9904608	75.27
2020-03-29	15	2	9904608	75.27
2020-03-30	29	4	9904608	75.27
2020-03-31	2	0	9904608	75.27
2020-04-01	31	3	9904608	75.27
2020-04-02	47	4	9904608	75.27
2020-04-03	3	1	9904608	75.27
2020-04-04	42	0	9904608	75.27
2020-04-05	4	7	9904608	75.27
2020-04-06	30	0	9904608	75.27
2020-04-07	7	0	9904608	75.27
2020-04-08	7	0	9904608	75.27
2020-04-09	31	1	9904608	75.27
2020-04-10	39	0	9904608	75.27
2020-04-11	10	1	9904608	75.27
2020-04-12	1	1	9904608	75.27
2020-04-13	4	0	9904608	75.27
2020-04-14	10	1	9904608	75.27
2020-04-15	12	5	9904608	75.27
2020-04-16	7	4	9904608	75.27
2020-04-17	16	6	9904608	75.27
2020-04-18	15	5	9904608	75.27
2020-04-19	15	0	9904608	75.27
2020-04-20	5	0	9904608	75.27
2020-04-21	17	0	9904608	75.27
2020-04-22	16	0	9904608	75.27
2020-04-23	9	1	9904608	75.27
2020-04-24	72	8	9904608	75.27
2020-04-25	36	4	9904608	75.27
2020-04-26	0	0	9904608	75.27
2020-04-27	34	2	9904608	75.27
2020-04-28	41	3	9904608	75.27
2020-04-29	36	2	9904608	75.27
2020-04-30	33	5	9904608	75.27
2020-05-01	33	4	9904608	75.27
2020-05-02	206	1	9904608	75.27
2020-05-03	45	6	9904608	75.27
2020-05-04	123	1	9904608	75.27
2020-05-05	92	10	9904608	75.27
2020-05-06	191	6	9904608	75.27
2020-05-07	224	6	9904608	75.27
2020-05-08	86	2	9904608	75.27
2020-05-09	59	1	9904608	75.27
2020-05-10	142	0	9904608	75.27
2020-05-11	128	8	9904608	75.27
2020-05-12	-20	5	9904608	75.27
2020-05-13	175	2	9904608	75.27
2020-05-14	63	10	9904608	75.27
2020-05-15	142	1	9904608	75.27
2020-05-16	105	4	9904608	75.27
2020-05-17	81	4	9904608	75.27
2020-05-18	152	4	9904608	75.27
2020-05-19	157	1	9904608	75.27
2020-05-20	0	0	9904608	75.27
2020-05-21	249	9	9904608	75.27
2020-05-22	273	11	9904608	75.27
2020-05-23	0	0	9904608	75.27
2020-05-24	473	13	9904608	75.27
2020-05-25	239	2	9904608	75.27
2020-05-26	212	6	9904608	75.27
2020-05-27	239	6	9904608	75.27
2020-05-28	112	2	9904608	75.27
2020-05-29	0	0	9904608	75.27
2020-05-30	342	5	9904608	75.27
2020-05-31	108	11	9904608	75.27
2020-06-01	160	5	9904608	75.27
2020-06-02	165	8	9904608	75.27
2020-06-03	163	9	9904608	75.27
2020-06-04	190	9	9904608	75.27
2020-06-05	91	5	9904608	75.27
2020-06-06	184	2	9904608	75.27
2020-06-07	172	8	9904608	75.27
2020-06-08	123	4	9904608	75.27
2020-06-09	485	9	9904608	75.27
2020-06-10	425	19	9904608	75.27
2020-06-11	309	4	9904608	75.27
2020-06-12	463	12	9904608	75.27
2020-06-13	323	4	9904608	75.27
2020-06-14	403	2	9904608	75.27
2020-06-15	320	10	9904608	75.27
2020-06-16	478	8	9904608	75.27
2020-06-17	643	6	9904608	75.27
2020-06-18	440	7	9904608	75.27
2020-06-19	519	6	9904608	75.27
2020-06-20	1048	9	9904608	75.27
2020-06-21	463	5	9904608	75.27
2020-06-22	587	32	9904608	75.27
2020-06-23	587	10	9904608	75.27
2020-06-24	628	12	9904608	75.27
2020-06-25	795	9	9904608	75.27
2020-06-26	628	45	9904608	75.27
2020-06-27	1013	8	9904608	75.27
2020-06-28	1075	0	9904608	75.27
2020-06-29	736	6	9904608	75.27
2020-06-30	740	12	9904608	75.27
2020-07-01	704	45	9904608	75.27
2020-07-02	858	49	9904608	75.27
2020-07-03	996	14	9904608	75.27
2020-07-04	805	24	9904608	75.27
2020-07-05	1022	10	9904608	75.27
2020-07-06	722	17	9904608	75.27
2020-07-07	763	21	9904608	75.27
2020-07-08	550	17	9904608	75.27
2020-07-09	406	10	9904608	75.27
2020-07-10	669	46	9904608	75.27
2020-07-11	530	21	9904608	75.27
2020-07-12	507	3	9904608	75.27
2020-07-13	489	15	9904608	75.27
2020-07-14	527	18	9904608	75.27
2020-07-15	930	18	9904608	75.27
2020-07-16	831	10	9904608	75.27
2020-07-17	878	22	9904608	75.27
2020-07-18	1048	34	9904608	75.27
2020-07-19	1042	9	9904608	75.27
2020-07-20	776	35	9904608	75.27
2020-07-21	734	53	9904608	75.27
2020-07-22	757	18	9904608	75.27
2020-07-23	800	5	9904608	75.27
2020-07-24	657	50	9904608	75.27
2020-07-25	879	37	9904608	75.27
2020-07-26	838	18	9904608	75.27
2020-07-27	465	50	9904608	75.27
2020-07-28	719	48	9904608	75.27
2020-07-29	484	45	9904608	75.27
2020-07-30	482	53	9904608	75.27
2020-07-31	588	25	9904608	75.27
2020-08-01	671	31	9904608	75.27
2020-08-02	512	9	9904608	75.27
2020-08-03	597	7	9904608	75.27
2020-08-04	505	16	9904608	75.27
2020-08-05	799	23	9904608	75.27
2020-08-06	657	23	9904608	75.27
2020-08-07	610	19	9904608	75.27
2020-08-08	608	11	9904608	75.27
2020-08-09	481	19	9904608	75.27
2020-08-10	418	11	9904608	75.27
2020-08-11	531	9	9904608	75.27
2020-08-12	254	18	9904608	75.27
2020-08-13	385	9	9904608	75.27
2020-08-14	425	6	9904608	75.27
2020-08-15	512	19	9904608	75.27
2020-08-16	523	8	9904608	75.27
2020-08-17	493	8	9904608	75.27
2020-08-18	675	10	9904608	75.27
2020-08-19	628	15	9904608	75.27
2020-08-20	521	11	9904608	75.27
2020-08-21	562	13	9904608	75.27
2020-08-22	602	11	9904608	75.27
2020-08-23	528	11	9904608	75.27
2020-08-24	968	29	9904608	75.27
2020-08-25	398	20	9904608	75.27
2020-08-26	772	44	9904608	75.27
2020-08-27	1020	56	9904608	75.27
2020-08-28	1141	24	9904608	75.27
2020-08-29	835	15	9904608	75.27
2020-08-30	529	16	9904608	75.27
2020-08-31	840	15	9904608	75.27
2020-09-01	755	15	9904608	75.27
2020-09-02	757	36	9904608	75.27
2020-09-03	632	30	9904608	75.27
2020-09-04	640	30	9904608	75.27
2020-09-05	554	22	9904608	75.27
2020-09-06	412	1	9904608	75.27
2020-09-07	50	16	9904608	75.27
2020-09-08	404	11	9904608	75.27
2020-09-09	379	10	9904608	75.27
2020-09-10	205	5	9904608	75.27
2020-09-11	247	9	9904608	75.27
2020-09-12	1087	7	9904608	75.27
2020-09-13	653	14	9904608	75.27
2020-09-14	831	8	9904608	75.27
2020-09-15	0	0	9904608	75.27
2020-09-16	1040	15	9904608	75.27
2020-09-17	460	20	9904608	75.27
2020-09-18	491	24	9904608	75.27
2020-09-19	532	20	9904608	75.27
2020-09-20	473	18	9904608	75.27
2020-09-21	459	20	9904608	75.27
2020-09-22	231	2	9904608	75.27
2020-09-23	369	16	9904608	75.27
2020-09-24	518	27	9904608	75.27
2020-09-25	647	22	9904608	75.27
2020-09-26	708	17	9904608	75.27
2020-09-27	0	0	9904608	75.27
2020-09-28	989	13	9904608	75.27
2020-09-29	561	22	9904608	75.27
2020-09-30	802	30	9904608	75.27
2020-10-01	698	27	9904608	75.27
2020-10-02	671	6	9904608	75.27
2020-10-03	519	13	9904608	75.27
2020-10-04	841	23	9904608	75.27
2020-10-05	391	11	9904608	75.27
2020-10-06	642	14	9904608	75.27
2020-10-07	354	19	9904608	75.27
2020-10-08	656	11	9904608	75.27
2020-10-09	880	15	9904608	75.27
2020-10-10	594	12	9904608	75.27
2020-10-11	935	8	9904608	75.27
2020-10-12	332	9	9904608	75.27
2020-10-13	439	7	9904608	75.27
2020-10-14	606	5	9904608	75.27
2020-10-15	631	19	9904608	75.27
2020-10-16	602	4	9904608	75.27
2020-10-17	903	7	9904608	75.27
2020-10-18	831	5	9904608	75.27
2020-10-19	956	8	9904608	75.27
2020-10-20	851	6	9904608	75.27
2020-10-21	846	14	9904608	75.27
2020-10-22	431	8	9904608	75.27
2020-10-23	0	0	9904608	75.27
2020-10-24	1215	13	9904608	75.27
2020-10-25	490	6	9904608	75.27
2020-10-26	752	10	9904608	75.27
2020-10-27	657	6	9904608	75.27
2020-10-28	576	13	9904608	75.27
2020-10-29	951	9	9904608	75.27
2020-10-30	738	8	9904608	75.27
2020-10-31	0	0	9904608	75.27
2020-11-01	1324	6	9904608	75.27
2020-11-02	193	13	9904608	75.27
2020-11-03	283	18	9904608	75.27
2020-11-04	436	24	9904608	75.27
2020-11-05	223	6	9904608	75.27
2020-11-06	229	5	9904608	75.27
2020-11-07	465	4	9904608	75.27
2020-11-08	0	0	9904608	75.27
2020-11-09	532	20	9904608	75.27
2020-11-10	231	15	9904608	75.27
2020-11-11	365	17	9904608	75.27
2020-11-12	299	7	9904608	75.27
2020-11-13	611	16	9904608	75.27
2020-11-14	476	2	9904608	75.27
2020-11-15	547	1	9904608	75.27
2020-11-16	137	16	9904608	75.27
2020-11-17	249	0	9904608	75.27
2020-11-18	0	0	9904608	75.27
2020-11-19	0	0	9904608	75.27
2020-11-20	63	14	9904608	75.27
2020-11-21	884	4	9904608	75.27
2020-11-22	0	0	9904608	75.27
2020-11-23	776	12	9904608	75.27
2020-11-24	0	0	9904608	75.27
2020-11-25	905	19	9904608	75.27
2020-11-26	565	4	9904608	75.27
2020-11-27	453	7	9904608	75.27
2020-11-28	379	6	9904608	75.27
2020-11-29	375	4	9904608	75.27
2020-11-30	365	9	9904608	75.27
2020-12-01	0	0	9904608	75.27
2020-12-02	891	12	9904608	75.27
2020-12-03	616	8	9904608	75.27
2020-12-04	0	0	9904608	75.27
2020-12-05	200	3	9904608	75.27
2020-12-06	1063	5	9904608	75.27
2020-12-07	0	0	9904608	75.27
2020-12-08	684	4	9904608	75.27
2020-12-09	1085	11	9904608	75.27
2020-12-10	415	7	9904608	75.27
2020-12-11	501	3	9904608	75.27
2020-12-12	335	3	9904608	75.27
2020-12-13	316	1	9904608	75.27
2020-12-14	283	14	9904608	75.27
2020-12-15	301	12	9904608	75.27
2020-12-16	374	12	9904608	75.27
2020-12-17	157	8	9904608	75.27
2020-12-18	738	2	9904608	75.27
2020-12-19	0	0	9904608	75.27
2020-12-20	810	4	9904608	75.27
2020-12-21	168	7	9904608	75.27
2020-12-22	398	12	9904608	75.27
2020-12-23	448	8	9904608	75.27
2020-12-24	0	0	9904608	75.27
2020-12-25	623	7	9904608	75.27
2020-12-26	438	4	9904608	75.27
2020-12-27	0	0	9904608	75.27
2020-12-28	616	1	9904608	75.27
2020-12-29	1199	45	9904608	75.27
2020-12-30	0	0	9904608	75.27
2020-12-31	915	19	9904608	75.27
2021-01-01	1147	30	9904608	75.27
2021-01-02	170	13	9904608	75.27
2021-01-03	225	7	9904608	75.27
2021-01-04	29	1	9904608	75.27
2021-01-05	424	5	9904608	75.27
2021-01-06	1077	6	9904608	75.27
2021-01-07	219	8	9904608	75.27
2021-01-08	439	44	9904608	75.27
2021-01-09	1386	20	9904608	75.27
2021-01-10	1002	9	9904608	75.27
2021-01-11	756	12	9904608	75.27
2021-01-12	1104	9	9904608	75.27
2021-01-13	1204	26	9904608	75.27
2021-01-14	954	15	9904608	75.27
2021-01-15	449	9	9904608	75.27
2021-01-16	1095	4	9904608	75.27
2021-01-17	604	6	9904608	75.27
2021-01-18	827	14	9904608	75.27
2021-01-19	1130	23	9904608	75.27
2021-01-20	830	15	9904608	75.27
2021-01-21	1146	16	9904608	75.27
2021-01-22	1138	17	9904608	75.27
2021-01-23	1056	2	9904608	75.27
2021-01-24	691	6	9904608	75.27
2021-01-25	1055	15	9904608	75.27
2021-01-26	896	24	9904608	75.27
2021-01-27	1127	26	9904608	75.27
2021-01-28	985	37	9904608	75.27
2021-01-29	1118	26	9904608	75.27
2021-01-30	990	17	9904608	75.27
2021-01-31	743	18	9904608	75.27
2021-02-01	0	0	9904608	75.27
2021-02-02	1108	4	9904608	75.27
2021-02-03	2152	48	9904608	75.27
2021-02-04	1122	7	9904608	75.27
2021-02-05	1028	25	9904608	75.27
2021-02-06	652	16	9904608	75.27
2021-02-07	663	11	9904608	75.27
2021-02-08	1167	21	9904608	75.27
2021-02-09	871	47	9904608	75.27
2021-02-10	862	17	9904608	75.27
2021-02-11	887	32	9904608	75.27
2021-02-12	669	10	9904608	75.27
2021-02-13	764	9	9904608	75.27
2021-02-14	383	9	9904608	75.27
2021-02-15	812	27	9904608	75.27
2021-02-16	744	20	9904608	75.27
2021-02-17	857	20	9904608	75.27
2021-02-18	721	32	9904608	75.27
2021-02-19	772	10	9904608	75.27
2021-02-20	418	17	9904608	75.27
2021-02-21	600	4	9904608	75.27
2021-02-22	642	28	9904608	75.27
2021-02-23	810	16	9904608	75.27
2021-02-24	947	36	9904608	75.27
2021-02-25	749	23	9904608	75.27
2021-02-26	668	18	9904608	75.27
2021-02-27	843	24	9904608	75.27
2021-02-28	550	10	9904608	75.27
2021-03-01	681	23	9904608	75.27
2021-03-02	773	13	9904608	75.27
2021-03-03	342	27	9904608	75.27
2021-03-04	477	17	9904608	75.27
2021-03-05	0	0	9904608	75.27
2021-03-06	443	16	9904608	75.27
2021-03-07	709	13	9904608	75.27
2021-03-08	514	23	9904608	75.27
2021-03-09	265	14	9904608	75.27
2021-03-10	934	4	9904608	75.27
2021-03-11	985	10	9904608	75.27
2021-03-12	741	14	9904608	75.27
2021-03-13	664	6	9904608	75.27
2021-03-14	445	3	9904608	75.27
2021-03-15	648	26	9904608	75.27
2021-03-16	590	13	9904608	75.27
2021-03-17	756	17	9904608	75.27
2021-03-18	525	12	9904608	75.27
2021-03-19	561	20	9904608	75.27
2021-03-20	574	8	9904608	75.27
2021-03-21	478	13	9904608	75.27
