2020-03-04	2	0	9660350	76.88
2020-03-05	0	0	9660350	76.88
2020-03-06	0	0	9660350	76.88
2020-03-07	2	0	9660350	76.88
2020-03-08	3	0	9660350	76.88
2020-03-09	2	0	9660350	76.88
2020-03-10	0	0	9660350	76.88
2020-03-11	4	0	9660350	76.88
2020-03-12	0	0	9660350	76.88
2020-03-13	6	0	9660350	76.88
2020-03-14	11	0	9660350	76.88
2020-03-15	2	1	9660350	76.88
2020-03-16	7	0	9660350	76.88
2020-03-17	11	0	9660350	76.88
2020-03-18	8	0	9660350	76.88
2020-03-19	15	0	9660350	76.88
2020-03-20	12	2	9660350	76.88
2020-03-21	18	1	9660350	76.88
2020-03-22	28	2	9660350	76.88
2020-03-23	36	1	9660350	76.88
2020-03-24	20	2	9660350	76.88
2020-03-25	39	1	9660350	76.88
2020-03-26	35	0	9660350	76.88
2020-03-27	39	0	9660350	76.88
2020-03-28	43	1	9660350	76.88
2020-03-29	65	2	9660350	76.88
2020-03-30	39	2	9660350	76.88
2020-03-31	45	1	9660350	76.88
2020-04-01	33	4	9660350	76.88
2020-04-02	60	1	9660350	76.88
2020-04-03	38	5	9660350	76.88
2020-04-04	55	6	9660350	76.88
2020-04-05	55	2	9660350	76.88
2020-04-06	11	4	9660350	76.88
2020-04-07	73	9	9660350	76.88
2020-04-08	78	11	9660350	76.88
2020-04-09	85	8	9660350	76.88
2020-04-10	210	11	9660350	76.88
2020-04-11	120	8	9660350	76.88
2020-04-12	100	14	9660350	76.88
2020-04-13	48	10	9660350	76.88
2020-04-14	54	13	9660350	76.88
2020-04-15	67	12	9660350	76.88
2020-04-16	73	8	9660350	76.88
2020-04-17	111	14	9660350	76.88
2020-04-18	71	16	9660350	76.88
2020-04-19	82	17	9660350	76.88
2020-04-20	68	10	9660350	76.88
2020-04-21	114	14	9660350	76.88
2020-04-22	70	12	9660350	76.88
2020-04-23	116	14	9660350	76.88
2020-04-24	159	23	9660350	76.88
2020-04-25	0	0	9660350	76.88
2020-04-26	57	10	9660350	76.88
2020-04-27	83	8	9660350	76.88
2020-04-28	66	11	9660350	76.88
2020-04-29	78	9	9660350	76.88
2020-04-30	48	12	9660350	76.88
2020-05-01	88	11	9660350	76.88
2020-05-02	79	12	9660350	76.88
2020-05-03	56	5	9660350	76.88
2020-05-04	37	11	9660350	76.88
2020-05-05	30	12	9660350	76.88
2020-05-06	46	10	9660350	76.88
2020-05-07	39	10	9660350	76.88
2020-05-08	28	9	9660350	76.88
2020-05-09	35	13	9660350	76.88
2020-05-10	50	8	9660350	76.88
2020-05-11	21	8	9660350	76.88
2020-05-12	29	4	9660350	76.88
2020-05-13	28	5	9660350	76.88
2020-05-14	39	6	9660350	76.88
2020-05-15	37	6	9660350	76.88
2020-05-16	56	6	9660350	76.88
2020-05-17	36	3	9660350	76.88
2020-05-18	26	11	9660350	76.88
2020-05-19	21	5	9660350	76.88
2020-05-20	42	3	9660350	76.88
2020-05-21	43	3	9660350	76.88
2020-05-22	37	3	9660350	76.88
2020-05-23	35	6	9660350	76.88
2020-05-24	28	4	9660350	76.88
2020-05-25	15	5	9660350	76.88
2020-05-26	15	8	9660350	76.88
2020-05-27	22	6	9660350	76.88
2020-05-28	23	4	9660350	76.88
2020-05-29	25	8	9660350	76.88
2020-05-30	26	7	9660350	76.88
2020-05-31	9	2	9660350	76.88
2020-06-01	16	1	9660350	76.88
2020-06-02	29	5	9660350	76.88
2020-06-03	10	2	9660350	76.88
2020-06-04	23	5	9660350	76.88
2020-06-05	16	3	9660350	76.88
2020-06-06	20	3	9660350	76.88
2020-06-07	18	1	9660350	76.88
2020-06-08	6	2	9660350	76.88
2020-06-09	3	2	9660350	76.88
2020-06-10	10	1	9660350	76.88
2020-06-11	12	2	9660350	76.88
2020-06-12	14	2	9660350	76.88
2020-06-13	11	4	9660350	76.88
2020-06-14	5	3	9660350	76.88
2020-06-15	7	1	9660350	76.88
2020-06-16	1	2	9660350	76.88
2020-06-17	1	2	9660350	76.88
2020-06-18	1	1	9660350	76.88
2020-06-19	2	0	9660350	76.88
2020-06-20	5	2	9660350	76.88
2020-06-21	8	0	9660350	76.88
2020-06-22	8	2	9660350	76.88
2020-06-23	5	1	9660350	76.88
2020-06-24	7	3	9660350	76.88
2020-06-25	9	1	9660350	76.88
2020-06-26	4	1	9660350	76.88
2020-06-27	11	0	9660350	76.88
2020-06-28	4	3	9660350	76.88
2020-06-29	3	4	9660350	76.88
2020-06-30	10	0	9660350	76.88
2020-07-01	2	1	9660350	76.88
2020-07-02	9	1	9660350	76.88
2020-07-03	6	1	9660350	76.88
2020-07-04	2	1	9660350	76.88
2020-07-05	9	0	9660350	76.88
2020-07-06	6	0	9660350	76.88
2020-07-07	16	0	9660350	76.88
2020-07-08	5	0	9660350	76.88
2020-07-09	10	2	9660350	76.88
2020-07-10	3	2	9660350	76.88
2020-07-11	6	2	9660350	76.88
2020-07-12	5	0	9660350	76.88
2020-07-13	13	0	9660350	76.88
2020-07-14	11	0	9660350	76.88
2020-07-15	5	0	9660350	76.88
2020-07-16	16	0	9660350	76.88
2020-07-17	14	0	9660350	76.88
2020-07-18	22	1	9660350	76.88
2020-07-19	18	0	9660350	76.88
2020-07-20	6	0	9660350	76.88
2020-07-21	8	0	9660350	76.88
2020-07-22	19	0	9660350	76.88
2020-07-23	14	0	9660350	76.88
2020-07-24	18	0	9660350	76.88
2020-07-25	26	0	9660350	76.88
2020-07-26	11	0	9660350	76.88
2020-07-27	13	0	9660350	76.88
2020-07-28	8	0	9660350	76.88
2020-07-29	9	0	9660350	76.88
2020-07-30	19	0	9660350	76.88
2020-07-31	21	0	9660350	76.88
2020-08-01	21	1	9660350	76.88
2020-08-02	9	0	9660350	76.88
2020-08-03	9	0	9660350	76.88
2020-08-04	9	1	9660350	76.88
2020-08-05	11	1	9660350	76.88
2020-08-06	33	1	9660350	76.88
2020-08-07	24	2	9660350	76.88
2020-08-08	32	0	9660350	76.88
2020-08-09	43	0	9660350	76.88
2020-08-10	35	3	9660350	76.88
2020-08-11	15	0	9660350	76.88
2020-08-12	22	0	9660350	76.88
2020-08-13	45	2	9660350	76.88
2020-08-14	40	0	9660350	76.88
2020-08-15	24	0	9660350	76.88
2020-08-16	39	1	9660350	76.88
2020-08-17	30	0	9660350	76.88
2020-08-18	24	1	9660350	76.88
2020-08-19	32	0	9660350	76.88
2020-08-20	44	0	9660350	76.88
2020-08-21	52	2	9660350	76.88
2020-08-22	35	0	9660350	76.88
2020-08-23	22	2	9660350	76.88
2020-08-24	36	0	9660350	76.88
2020-08-25	24	1	9660350	76.88
2020-08-26	73	0	9660350	76.88
2020-08-27	91	0	9660350	76.88
2020-08-28	132	0	9660350	76.88
2020-08-29	158	0	9660350	76.88
2020-08-30	292	0	9660350	76.88
2020-08-31	178	1	9660350	76.88
2020-09-01	118	1	9660350	76.88
2020-09-02	365	3	9660350	76.88
2020-09-03	301	1	9660350	76.88
2020-09-04	459	1	9660350	76.88
2020-09-05	510	3	9660350	76.88
2020-09-06	495	0	9660350	76.88
2020-09-07	576	1	9660350	76.88
2020-09-08	341	1	9660350	76.88
2020-09-09	411	2	9660350	76.88
2020-09-10	476	2	9660350	76.88
2020-09-11	718	1	9660350	76.88
2020-09-12	916	2	9660350	76.88
2020-09-13	484	4	9660350	76.88
2020-09-14	844	5	9660350	76.88
2020-09-15	726	4	9660350	76.88
2020-09-16	581	8	9660350	76.88
2020-09-17	710	9	9660350	76.88
2020-09-18	941	6	9660350	76.88
2020-09-19	809	6	9660350	76.88
2020-09-20	1070	8	9660350	76.88
2020-09-21	876	3	9660350	76.88
2020-09-22	633	8	9660350	76.88
2020-09-23	951	8	9660350	76.88
2020-09-24	750	7	9660350	76.88
2020-09-25	927	9	9660350	76.88
2020-09-26	950	12	9660350	76.88
2020-09-27	937	6	9660350	76.88
2020-09-28	702	13	9660350	76.88
2020-09-29	851	8	9660350	76.88
2020-09-30	894	8	9660350	76.88
2020-10-01	848	16	9660350	76.88
2020-10-02	1322	17	9660350	76.88
2020-10-03	1086	14	9660350	76.88
2020-10-04	858	10	9660350	76.88
2020-10-05	905	11	9660350	76.88
2020-10-06	818	20	9660350	76.88
2020-10-07	816	24	9660350	76.88
2020-10-08	932	21	9660350	76.88
2020-10-09	1176	15	9660350	76.88
2020-10-10	1374	20	9660350	76.88
2020-10-11	1068	21	9660350	76.88
2020-10-12	1173	14	9660350	76.88
2020-10-13	1025	28	9660350	76.88
2020-10-14	920	27	9660350	76.88
2020-10-15	950	29	9660350	76.88
2020-10-16	1293	33	9660350	76.88
2020-10-17	1791	24	9660350	76.88
2020-10-18	1474	33	9660350	76.88
2020-10-19	1478	31	9660350	76.88
2020-10-20	989	38	9660350	76.88
2020-10-21	1423	48	9660350	76.88
2020-10-22	2032	46	9660350	76.88
2020-10-23	2066	47	9660350	76.88
2020-10-24	1820	38	9660350	76.88
2020-10-25	3149	35	9660350	76.88
2020-10-26	2316	47	9660350	76.88
2020-10-27	2079	63	9660350	76.88
2020-10-28	2291	43	9660350	76.88
2020-10-29	2194	56	9660350	76.88
2020-10-30	3286	65	9660350	76.88
2020-10-31	3908	51	9660350	76.88
2020-11-01	3878	69	9660350	76.88
2020-11-02	3581	70	9660350	76.88
2020-11-03	3989	84	9660350	76.88
2020-11-04	4219	90	9660350	76.88
2020-11-05	3928	84	9660350	76.88
2020-11-06	4709	103	9660350	76.88
2020-11-07	5318	107	9660350	76.88
2020-11-08	4673	81	9660350	76.88
2020-11-09	5162	55	9660350	76.88
2020-11-10	4140	103	9660350	76.88
2020-11-11	3945	101	9660350	76.88
2020-11-12	3927	87	9660350	76.88
2020-11-13	5097	99	9660350	76.88
2020-11-14	4836	107	9660350	76.88
2020-11-15	4238	107	9660350	76.88
2020-11-16	6495	93	9660350	76.88
2020-11-17	5203	91	9660350	76.88
2020-11-18	4290	99	9660350	76.88
2020-11-19	4512	92	9660350	76.88
2020-11-20	4440	96	9660350	76.88
2020-11-21	4397	121	9660350	76.88
2020-11-22	4320	111	9660350	76.88
2020-11-23	3334	91	9660350	76.88
2020-11-24	3929	117	9660350	76.88
2020-11-25	3806	106	9660350	76.88
2020-11-26	6360	115	9660350	76.88
2020-11-27	6393	135	9660350	76.88
2020-11-28	6268	152	9660350	76.88
2020-11-29	6819	156	9660350	76.88
2020-11-30	5595	151	9660350	76.88
2020-12-01	3951	154	9660350	76.88
2020-12-02	4136	165	9660350	76.88
2020-12-03	6635	182	9660350	76.88
2020-12-04	6212	189	9660350	76.88
2020-12-05	5525	193	9660350	76.88
2020-12-06	6697	162	9660350	76.88
2020-12-07	3870	116	9660350	76.88
2020-12-08	2219	136	9660350	76.88
2020-12-09	3221	160	9660350	76.88
2020-12-10	5415	171	9660350	76.88
2020-12-11	6197	171	9660350	76.88
2020-12-12	5047	162	9660350	76.88
2020-12-13	4153	181	9660350	76.88
2020-12-14	3470	165	9660350	76.88
2020-12-15	1893	107	9660350	76.88
2020-12-16	2804	144	9660350	76.88
2020-12-17	2982	157	9660350	76.88
2020-12-18	4428	187	9660350	76.88
2020-12-19	4045	189	9660350	76.88
2020-12-20	2967	185	9660350	76.88
2020-12-21	2141	183	9660350	76.88
2020-12-22	1238	180	9660350	76.88
2020-12-23	1894	154	9660350	76.88
2020-12-24	3292	113	9660350	76.88
2020-12-25	2610	104	9660350	76.88
2020-12-26	1198	118	9660350	76.88
2020-12-27	698	96	9660350	76.88
2020-12-28	609	114	9660350	76.88
2020-12-29	902	131	9660350	76.88
2020-12-30	1972	137	9660350	76.88
2020-12-31	2971	108	9660350	76.88
2021-01-01	2764	130	9660350	76.88
2021-01-02	1410	114	9660350	76.88
2021-01-03	1307	103	9660350	76.88
2021-01-04	856	93	9660350	76.88
2021-01-05	870	103	9660350	76.88
2021-01-06	2047	118	9660350	76.88
2021-01-07	3068	127	9660350	76.88
2021-01-08	2907	115	9660350	76.88
2021-01-09	2716	114	9660350	76.88
2021-01-10	1778	94	9660350	76.88
2021-01-11	1419	77	9660350	76.88
2021-01-12	696	128	9660350	76.88
2021-01-13	1358	95	9660350	76.88
2021-01-14	1926	118	9660350	76.88
2021-01-15	1513	111	9660350	76.88
2021-01-16	1438	87	9660350	76.88
2021-01-17	1241	77	9660350	76.88
2021-01-18	875	68	9660350	76.88
2021-01-19	573	111	9660350	76.88
2021-01-20	976	95	9660350	76.88
2021-01-21	1410	98	9660350	76.88
2021-01-22	1311	98	9660350	76.88
2021-01-23	1344	93	9660350	76.88
2021-01-24	1257	64	9660350	76.88
2021-01-25	844	56	9660350	76.88
2021-01-26	459	89	9660350	76.88
2021-01-27	1004	85	9660350	76.88
2021-01-28	1569	93	9660350	76.88
2021-01-29	1459	83	9660350	76.88
2021-01-30	1370	89	9660350	76.88
2021-01-31	1307	61	9660350	76.88
2021-02-01	1124	54	9660350	76.88
2021-02-02	578	78	9660350	76.88
2021-02-03	1048	83	9660350	76.88
2021-02-04	1652	93	9660350	76.88
2021-02-05	1576	98	9660350	76.88
2021-02-06	1561	96	9660350	76.88
2021-02-07	1370	64	9660350	76.88
2021-02-08	1160	65	9660350	76.88
2021-02-09	1079	94	9660350	76.88
2021-02-10	1279	98	9660350	76.88
2021-02-11	1862	97	9660350	76.88
2021-02-12	1860	99	9660350	76.88
2021-02-13	2020	93	9660350	76.88
2021-02-14	1707	70	9660350	76.88
2021-02-15	1337	46	9660350	76.88
2021-02-16	823	85	9660350	76.88
2021-02-17	1548	94	9660350	76.88
2021-02-18	2853	104	9660350	76.88
2021-02-19	3093	110	9660350	76.88
2021-02-20	2995	107	9660350	76.88
2021-02-21	2912	47	9660350	76.88
2021-02-22	2623	48	9660350	76.88
2021-02-23	1628	103	9660350	76.88
2021-02-24	2855	102	9660350	76.88
2021-02-25	4385	120	9660350	76.88
2021-02-26	4668	123	9660350	76.88
2021-02-27	4948	107	9660350	76.88
2021-02-28	4469	72	9660350	76.88
2021-03-01	4326	84	9660350	76.88
2021-03-02	2764	130	9660350	76.88
2021-03-03	4211	136	9660350	76.88
2021-03-04	6278	152	9660350	76.88
2021-03-05	6369	143	9660350	76.88
2021-03-06	7269	146	9660350	76.88
2021-03-07	6201	108	9660350	76.88
2021-03-08	2696	115	9660350	76.88
2021-03-09	6494	158	9660350	76.88
2021-03-10	5653	179	9660350	76.88
2021-03-11	8312	172	9660350	76.88
2021-03-12	9011	130	9660350	76.88
2021-03-13	9444	163	9660350	76.88
2021-03-14	8863	162	9660350	76.88
2021-03-15	7706	131	9660350	76.88
2021-03-16	4926	143	9660350	76.88
2021-03-17	3456	195	9660350	76.88
2021-03-18	6502	207	9660350	76.88
2021-03-19	10759	213	9660350	76.88
2021-03-20	11132	227	9660350	76.88
2021-03-21	10625	194	9660350	76.88
				
				
				
				
				
				
