2020-02-09	0	0	341250	82.99
2020-02-27	0	0	341250	82.99
2020-02-28	1	0	341250	82.99
2020-02-29	0	0	341250	82.99
2020-03-01	2	0	341250	82.99
2020-03-02	3	0	341250	82.99
2020-03-03	5	0	341250	82.99
2020-03-04	15	0	341250	82.99
2020-03-05	8	0	341250	82.99
2020-03-06	9	0	341250	82.99
2020-03-07	7	0	341250	82.99
2020-03-08	0	0	341250	82.99
2020-03-09	8	0	341250	82.99
2020-03-10	11	0	341250	82.99
2020-03-11	16	0	341250	82.99
2020-03-12	18	0	341250	82.99
2020-03-13	31	0	341250	82.99
2020-03-14	22	0	341250	82.99
2020-03-15	15	0	341250	82.99
2020-03-16	9	0	341250	82.99
2020-03-17	40	0	341250	82.99
2020-03-18	30	0	341250	82.99
2020-03-19	80	0	341250	82.99
2020-03-20	79	0	341250	82.99
2020-03-21	64	1	341250	82.99
2020-03-22	95	0	341250	82.99
2020-03-23	20	0	341250	82.99
2020-03-24	60	1	341250	82.99
2020-03-25	89	0	341250	82.99
2020-03-26	65	0	341250	82.99
2020-03-27	88	0	341250	82.99
2020-03-28	73	0	341250	82.99
2020-03-29	57	0	341250	82.99
2020-03-30	66	0	341250	82.99
2020-03-31	49	0	341250	82.99
2020-04-01	85	0	341250	82.99
2020-04-02	99	2	341250	82.99
2020-04-03	45	0	341250	82.99
2020-04-04	53	0	341250	82.99
2020-04-05	69	0	341250	82.99
2020-04-06	76	2	341250	82.99
2020-04-07	24	0	341250	82.99
2020-04-08	30	0	341250	82.99
2020-04-09	32	0	341250	82.99
2020-04-10	27	1	341250	82.99
2020-04-11	14	1	341250	82.99
2020-04-12	12	0	341250	82.99
2020-04-13	10	0	341250	82.99
2020-04-14	9	0	341250	82.99
2020-04-15	7	0	341250	82.99
2020-04-16	12	0	341250	82.99
2020-04-17	15	1	341250	82.99
2020-04-18	6	0	341250	82.99
2020-04-19	11	0	341250	82.99
2020-04-20	2	1	341250	82.99
2020-04-21	5	0	341250	82.99
2020-04-22	7	0	341250	82.99
2020-04-23	4	0	341250	82.99
2020-04-24	0	0	341250	82.99
2020-04-25	1	0	341250	82.99
2020-04-26	2	0	341250	82.99
2020-04-27	0	0	341250	82.99
2020-04-28	3	0	341250	82.99
2020-04-29	2	0	341250	82.99
2020-04-30	0	0	341250	82.99
2020-05-01	1	0	341250	82.99
2020-05-02	0	0	341250	82.99
2020-05-03	1	0	341250	82.99
2020-05-04	0	0	341250	82.99
2020-05-05	0	0	341250	82.99
2020-05-06	0	0	341250	82.99
2020-05-07	2	0	341250	82.99
2020-05-08	0	0	341250	82.99
2020-05-09	0	0	341250	82.99
2020-05-10	0	0	341250	82.99
2020-05-11	0	0	341250	82.99
2020-05-12	0	0	341250	82.99
2020-05-13	1	0	341250	82.99
2020-05-14	0	0	341250	82.99
2020-05-15	0	0	341250	82.99
2020-05-16	0	0	341250	82.99
2020-05-17	0	0	341250	82.99
2020-05-18	0	0	341250	82.99
2020-05-19	0	0	341250	82.99
2020-05-20	1	0	341250	82.99
2020-05-21	0	0	341250	82.99
2020-05-22	0	0	341250	82.99
2020-05-23	1	0	341250	82.99
2020-05-24	0	0	341250	82.99
2020-05-25	0	0	341250	82.99
2020-05-26	0	0	341250	82.99
2020-05-27	1	0	341250	82.99
2020-05-28	0	0	341250	82.99
2020-05-29	0	0	341250	82.99
2020-05-30	1	0	341250	82.99
2020-05-31	0	0	341250	82.99
2020-06-01	0	0	341250	82.99
2020-06-02	0	0	341250	82.99
2020-06-03	0	0	341250	82.99
2020-06-04	0	0	341250	82.99
2020-06-05	0	0	341250	82.99
2020-06-06	0	0	341250	82.99
2020-06-07	1	0	341250	82.99
2020-06-08	0	0	341250	82.99
2020-06-09	0	0	341250	82.99
2020-06-10	0	0	341250	82.99
2020-06-11	0	0	341250	82.99
2020-06-12	0	0	341250	82.99
2020-06-13	1	0	341250	82.99
2020-06-14	2	0	341250	82.99
2020-06-15	1	0	341250	82.99
2020-06-16	1	0	341250	82.99
2020-06-17	0	0	341250	82.99
2020-06-18	2	0	341250	82.99
2020-06-19	1	0	341250	82.99
2020-06-20	0	0	341250	82.99
2020-06-21	0	0	341250	82.99
2020-06-22	0	0	341250	82.99
2020-06-23	0	0	341250	82.99
2020-06-24	2	0	341250	82.99
2020-06-25	1	0	341250	82.99
2020-06-26	2	0	341250	82.99
2020-06-27	0	0	341250	82.99
2020-06-28	1	0	341250	82.99
2020-06-29	1	0	341250	82.99
2020-06-30	2	0	341250	82.99
2020-07-01	1	0	341250	82.99
2020-07-02	5	0	341250	82.99
2020-07-03	0	0	341250	82.99
2020-07-04	0	0	341250	82.99
2020-07-05	0	0	341250	82.99
2020-07-06	2	0	341250	82.99
2020-07-07	1	0	341250	82.99
2020-07-08	0	0	341250	82.99
2020-07-09	0	0	341250	82.99
2020-07-10	0	0	341250	82.99
2020-07-11	0	0	341250	82.99
2020-07-12	0	0	341250	82.99
2020-07-13	0	0	341250	82.99
2020-07-14	2	0	341250	82.99
2020-07-15	0	0	341250	82.99
2020-07-16	1	0	341250	82.99
2020-07-17	0	0	341250	82.99
2020-07-18	2	0	341250	82.99
2020-07-19	1	0	341250	82.99
2020-07-20	0	0	341250	82.99
2020-07-21	0	0	341250	82.99
2020-07-22	1	0	341250	82.99
2020-07-23	1	0	341250	82.99
2020-07-24	2	0	341250	82.99
2020-07-25	0	0	341250	82.99
2020-07-26	4	0	341250	82.99
2020-07-27	7	0	341250	82.99
2020-07-28	3	0	341250	82.99
2020-07-29	4	0	341250	82.99
2020-07-30	11	0	341250	82.99
2020-07-31	13	0	341250	82.99
2020-08-01	8	0	341250	82.99
2020-08-02	14	0	341250	82.99
2020-08-03	8	0	341250	82.99
2020-08-04	3	0	341250	82.99
2020-08-05	8	0	341250	82.99
2020-08-06	6	0	341250	82.99
2020-08-07	20	0	341250	82.99
2020-08-08	3	0	341250	82.99
2020-08-09	3	0	341250	82.99
2020-08-10	4	0	341250	82.99
2020-08-11	6	0	341250	82.99
2020-08-12	4	0	341250	82.99
2020-08-13	4	0	341250	82.99
2020-08-14	7	0	341250	82.99
2020-08-15	16	0	341250	82.99
2020-08-16	12	0	341250	82.99
2020-08-17	3	0	341250	82.99
2020-08-18	13	0	341250	82.99
2020-08-19	8	0	341250	82.99
2020-08-20	5	0	341250	82.99
2020-08-21	10	0	341250	82.99
2020-08-22	8	0	341250	82.99
2020-08-23	6	0	341250	82.99
2020-08-24	9	0	341250	82.99
2020-08-25	4	0	341250	82.99
2020-08-26	5	0	341250	82.99
2020-08-27	5	0	341250	82.99
2020-08-28	5	0	341250	82.99
2020-08-29	8	0	341250	82.99
2020-08-30	5	0	341250	82.99
2020-08-31	2	0	341250	82.99
2020-09-01	9	0	341250	82.99
2020-09-02	5	0	341250	82.99
2020-09-03	7	0	341250	82.99
2020-09-04	7	0	341250	82.99
2020-09-05	1	0	341250	82.99
2020-09-06	5	0	341250	82.99
2020-09-07	2	0	341250	82.99
2020-09-08	7	0	341250	82.99
2020-09-09	3	0	341250	82.99
2020-09-10	4	0	341250	82.99
2020-09-11	4	0	341250	82.99
2020-09-12	1	0	341250	82.99
2020-09-13	3	0	341250	82.99
2020-09-14	3	0	341250	82.99
2020-09-15	6	0	341250	82.99
2020-09-16	15	0	341250	82.99
2020-09-17	17	0	341250	82.99
2020-09-18	24	0	341250	82.99
2020-09-19	77	0	341250	82.99
2020-09-20	0	0	341250	82.99
2020-09-21	70	0	341250	82.99
2020-09-22	42	0	341250	82.99
2020-09-23	57	0	341250	82.99
2020-09-24	36	0	341250	82.99
2020-09-25	49	0	341250	82.99
2020-09-26	40	0	341250	82.99
2020-09-27	22	0	341250	82.99
2020-09-28	40	0	341250	82.99
2020-09-29	32	0	341250	82.99
2020-09-30	33	0	341250	82.99
2020-10-01	41	0	341250	82.99
2020-10-02	40	0	341250	82.99
2020-10-03	63	0	341250	82.99
2020-10-04	49	0	341250	82.99
2020-10-05	59	0	341250	82.99
2020-10-06	101	0	341250	82.99
2020-10-07	91	0	341250	82.99
2020-10-08	95	0	341250	82.99
2020-10-09	106	0	341250	82.99
2020-10-10	87	0	341250	82.99
2020-10-11	66	0	341250	82.99
2020-10-12	56	0	341250	82.99
2020-10-13	86	0	341250	82.99
2020-10-14	89	0	341250	82.99
2020-10-15	80	0	341250	82.99
2020-10-16	92	1	341250	82.99
2020-10-17	69	0	341250	82.99
2020-10-18	57	0	341250	82.99
2020-10-19	46	0	341250	82.99
2020-10-20	92	0	341250	82.99
2020-10-21	37	0	341250	82.99
2020-10-22	38	0	341250	82.99
2020-10-23	40	0	341250	82.99
2020-10-24	86	0	341250	82.99
2020-10-25	54	0	341250	82.99
2020-10-26	56	0	341250	82.99
2020-10-27	70	0	341250	82.99
2020-10-28	97	1	341250	82.99
2020-10-29	48	0	341250	82.99
2020-10-30	78	0	341250	82.99
2020-10-31	68	0	341250	82.99
2020-11-01	25	0	341250	82.99
2020-11-02	41	0	341250	82.99
2020-11-03	26	5	341250	82.99
2020-11-04	32	0	341250	82.99
2020-11-05	28	1	341250	82.99
2020-11-06	22	0	341250	82.99
2020-11-07	24	0	341250	82.99
2020-11-08	15	2	341250	82.99
2020-11-09	23	3	341250	82.99
2020-11-10	13	1	341250	82.99
2020-11-11	28	0	341250	82.99
2020-11-12	18	1	341250	82.99
2020-11-13	10	0	341250	82.99
2020-11-14	16	0	341250	82.99
2020-11-15	3	0	341250	82.99
2020-11-16	16	0	341250	82.99
2020-11-17	10	0	341250	82.99
2020-11-18	11	0	341250	82.99
2020-11-19	5	0	341250	82.99
2020-11-20	20	1	341250	82.99
2020-11-21	18	0	341250	82.99
2020-11-22	8	0	341250	82.99
2020-11-23	12	0	341250	82.99
2020-11-24	9	0	341250	82.99
2020-11-25	14	0	341250	82.99
2020-11-26	11	0	341250	82.99
2020-11-27	23	0	341250	82.99
2020-11-28	25	0	341250	82.99
2020-11-29	10	0	341250	82.99
2020-11-30	11	0	341250	82.99
2020-12-01	21	1	341250	82.99
2020-12-02	0	0	341250	82.99
2020-12-03	35	0	341250	82.99
2020-12-04	14	0	341250	82.99
2020-12-05	14	0	341250	82.99
2020-12-06	6	0	341250	82.99
2020-12-07	14	0	341250	82.99
2020-12-08	10	1	341250	82.99
2020-12-09	10	0	341250	82.99
2020-12-10	8	0	341250	82.99
2020-12-11	15	0	341250	82.99
2020-12-12	13	0	341250	82.99
2020-12-13	5	0	341250	82.99
2020-12-14	7	0	341250	82.99
2020-12-15	7	0	341250	82.99
2020-12-16	7	0	341250	82.99
2020-12-17	10	0	341250	82.99
2020-12-18	16	0	341250	82.99
2020-12-19	17	0	341250	82.99
2020-12-20	21	0	341250	82.99
2020-12-21	14	0	341250	82.99
2020-12-22	11	0	341250	82.99
2020-12-23	16	0	341250	82.99
2020-12-24	0	0	341250	82.99
2020-12-25	0	0	341250	82.99
2020-12-26	0	0	341250	82.99
2020-12-27	0	0	341250	82.99
2020-12-28	43	0	341250	82.99
2020-12-29	10	1	341250	82.99
2020-12-30	18	0	341250	82.99
2020-12-31	0	0	341250	82.99
2021-01-01	0	0	341250	82.99
2021-01-02	0	0	341250	82.99
2021-01-03	0	0	341250	82.99
2021-01-04	41	0	341250	82.99
2021-01-05	16	0	341250	82.99
2021-01-06	21	0	341250	82.99
2021-01-07	13	0	341250	82.99
2021-01-08	22	0	341250	82.99
2021-01-09	13	0	341250	82.99
2021-01-10	10	0	341250	82.99
2021-01-11	8	0	341250	82.99
2021-01-12	14	0	341250	82.99
2021-01-13	23	0	341250	82.99
2021-01-14	13	0	341250	82.99
2021-01-15	8	0	341250	82.99
2021-01-16	0	0	341250	82.99
2021-01-17	0	0	341250	82.99
2021-01-18	14	0	341250	82.99
2021-01-19	0	0	341250	82.99
2021-01-20	5	0	341250	82.99
2021-01-21	6	0	341250	82.99
2021-01-22	0	0	341250	82.99
2021-01-23	0	0	341250	82.99
2021-01-24	0	0	341250	82.99
2021-01-25	9	0	341250	82.99
2021-01-26	2	0	341250	82.99
2021-01-27	8	0	341250	82.99
2021-01-28	1	0	341250	82.99
2021-01-29	1	0	341250	82.99
2021-01-30	0	0	341250	82.99
2021-01-31	0	0	341250	82.99
2021-02-01	7	0	341250	82.99
2021-02-02	2	0	341250	82.99
2021-02-03	2	0	341250	82.99
2021-02-04	3	0	341250	82.99
2021-02-05	5	0	341250	82.99
2021-02-06	0	0	341250	82.99
2021-02-07	0	0	341250	82.99
2021-02-08	-1	0	341250	82.99
2021-02-09	5	0	341250	82.99
2021-02-10	1	0	341250	82.99
2021-02-11	0	0	341250	82.99
2021-02-12	7	0	341250	82.99
2021-02-13	0	0	341250	82.99
2021-02-14	0	0	341250	82.99
2021-02-15	6	0	341250	82.99
2021-02-16	0	0	341250	82.99
2021-02-17	5	0	341250	82.99
2021-02-18	0	0	341250	82.99
2021-02-19	1	0	341250	82.99
2021-02-20	0	0	341250	82.99
2021-02-21	0	0	341250	82.99
2021-02-22	4	0	341250	82.99
2021-02-23	0	0	341250	82.99
2021-02-24	0	0	341250	82.99
2021-02-25	0	0	341250	82.99
2021-02-26	0	0	341250	82.99
2021-02-27	0	0	341250	82.99
2021-02-28	0	0	341250	82.99
2021-03-01	5	0	341250	82.99
2021-03-02	1	0	341250	82.99
2021-03-03	3	0	341250	82.99
2021-03-04	0	0	341250	82.99
2021-03-05	1	0	341250	82.99
2021-03-06	0	0	341250	82.99
2021-03-07	0	0	341250	82.99
2021-03-08	5	0	341250	82.99
2021-03-09	3	0	341250	82.99
2021-03-10	2	0	341250	82.99
2021-03-11	1	0	341250	82.99
2021-03-12	2	0	341250	82.99
2021-03-13	0	0	341250	82.99
2021-03-14	0	0	341250	82.99
2021-03-15	11	0	341250	82.99
2021-03-16	4	0	341250	82.99
2021-03-17	2	0	341250	82.99
2021-03-18	2	0	341250	82.99
2021-03-19	6	0	341250	82.99
2021-03-20	0	0	341250	82.99
2021-03-21	0	0	341250	82.99