2020-01-30	1	0	1380004385	69.66
2020-01-31	0	0	1380004385	69.66
2020-02-01	0	0	1380004385	69.66
2020-02-02	1	0	1380004385	69.66
2020-02-03	1	0	1380004385	69.66
2020-02-04	0	0	1380004385	69.66
2020-02-05	0	0	1380004385	69.66
2020-02-06	0	0	1380004385	69.66
2020-02-07	0	0	1380004385	69.66
2020-02-08	0	0	1380004385	69.66
2020-02-09	0	0	1380004385	69.66
2020-02-10	0	0	1380004385	69.66
2020-02-11	0	0	1380004385	69.66
2020-02-12	0	0	1380004385	69.66
2020-02-13	0	0	1380004385	69.66
2020-02-14	0	0	1380004385	69.66
2020-02-15	0	0	1380004385	69.66
2020-02-16	0	0	1380004385	69.66
2020-02-17	0	0	1380004385	69.66
2020-02-18	0	0	1380004385	69.66
2020-02-19	0	0	1380004385	69.66
2020-02-20	0	0	1380004385	69.66
2020-02-21	0	0	1380004385	69.66
2020-02-22	0	0	1380004385	69.66
2020-02-23	0	0	1380004385	69.66
2020-02-24	0	0	1380004385	69.66
2020-02-25	0	0	1380004385	69.66
2020-02-26	0	0	1380004385	69.66
2020-02-27	0	0	1380004385	69.66
2020-02-28	0	0	1380004385	69.66
2020-02-29	0	0	1380004385	69.66
2020-03-01	0	0	1380004385	69.66
2020-03-02	2	0	1380004385	69.66
2020-03-03	0	0	1380004385	69.66
2020-03-04	23	0	1380004385	69.66
2020-03-05	2	0	1380004385	69.66
2020-03-06	1	0	1380004385	69.66
2020-03-07	3	0	1380004385	69.66
2020-03-08	5	0	1380004385	69.66
2020-03-09	4	0	1380004385	69.66
2020-03-10	13	0	1380004385	69.66
2020-03-11	6	1	1380004385	69.66
2020-03-12	11	0	1380004385	69.66
2020-03-13	9	1	1380004385	69.66
2020-03-14	20	0	1380004385	69.66
2020-03-15	11	0	1380004385	69.66
2020-03-16	6	0	1380004385	69.66
2020-03-17	23	1	1380004385	69.66
2020-03-18	14	0	1380004385	69.66
2020-03-19	38	1	1380004385	69.66
2020-03-20	50	1	1380004385	69.66
2020-03-21	86	-1	1380004385	69.66
2020-03-22	66	3	1380004385	69.66
2020-03-23	103	3	1380004385	69.66
2020-03-24	37	0	1380004385	69.66
2020-03-25	121	2	1380004385	69.66
2020-03-26	70	8	1380004385	69.66
2020-03-27	160	0	1380004385	69.66
2020-03-28	100	4	1380004385	69.66
2020-03-29	37	3	1380004385	69.66
2020-03-30	227	5	1380004385	69.66
2020-03-31	146	3	1380004385	69.66
2020-04-01	601	23	1380004385	69.66
2020-04-02	545	14	1380004385	69.66
2020-04-03	24	0	1380004385	69.66
2020-04-04	515	14	1380004385	69.66
2020-04-05	506	13	1380004385	69.66
2020-04-06	1190	37	1380004385	69.66
2020-04-07	533	14	1380004385	69.66
2020-04-08	605	28	1380004385	69.66
2020-04-09	809	48	1380004385	69.66
2020-04-10	873	20	1380004385	69.66
2020-04-11	848	42	1380004385	69.66
2020-04-12	759	43	1380004385	69.66
2020-04-13	1248	27	1380004385	69.66
2020-04-14	1034	35	1380004385	69.66
2020-04-15	835	12	1380004385	69.66
2020-04-16	1108	43	1380004385	69.66
2020-04-17	922	38	1380004385	69.66
2020-04-18	1370	35	1380004385	69.66
2020-04-19	1893	38	1380004385	69.66
2020-04-20	924	33	1380004385	69.66
2020-04-21	1541	53	1380004385	69.66
2020-04-22	1290	36	1380004385	69.66
2020-04-23	1707	40	1380004385	69.66
2020-04-24	1453	59	1380004385	69.66
2020-04-25	1753	45	1380004385	69.66
2020-04-26	1607	56	1380004385	69.66
2020-04-27	1561	58	1380004385	69.66
2020-04-28	1873	69	1380004385	69.66
2020-04-29	1738	71	1380004385	69.66
2020-04-30	1801	75	1380004385	69.66
2020-05-01	2394	69	1380004385	69.66
2020-05-02	2442	100	1380004385	69.66
2020-05-03	2806	68	1380004385	69.66
2020-05-04	3932	175	1380004385	69.66
2020-05-05	2963	127	1380004385	69.66
2020-05-06	3587	92	1380004385	69.66
2020-05-07	3364	104	1380004385	69.66
2020-05-08	3344	96	1380004385	69.66
2020-05-09	3113	116	1380004385	69.66
2020-05-10	4353	111	1380004385	69.66
2020-05-11	3607	82	1380004385	69.66
2020-05-12	3524	121	1380004385	69.66
2020-05-13	3763	136	1380004385	69.66
2020-05-14	3942	98	1380004385	69.66
2020-05-15	3787	104	1380004385	69.66
2020-05-16	4864	118	1380004385	69.66
2020-05-17	5050	154	1380004385	69.66
2020-05-18	4630	131	1380004385	69.66
2020-05-19	6147	146	1380004385	69.66
2020-05-20	5553	132	1380004385	69.66
2020-05-21	6198	150	1380004385	69.66
2020-05-22	6568	142	1380004385	69.66
2020-05-23	6629	142	1380004385	69.66
2020-05-24	7113	156	1380004385	69.66
2020-05-25	6414	148	1380004385	69.66
2020-05-26	5843	172	1380004385	69.66
2020-05-27	7293	190	1380004385	69.66
2020-05-28	7300	177	1380004385	69.66
2020-05-29	8105	269	1380004385	69.66
2020-05-30	8336	205	1380004385	69.66
2020-05-31	8782	223	1380004385	69.66
2020-06-01	7761	200	1380004385	69.66
2020-06-02	8821	221	1380004385	69.66
2020-06-03	9633	259	1380004385	69.66
2020-06-04	9889	275	1380004385	69.66
2020-06-05	9471	286	1380004385	69.66
2020-06-06	10438	297	1380004385	69.66
2020-06-07	10864	261	1380004385	69.66
2020-06-08	8442	266	1380004385	69.66
2020-06-09	10218	277	1380004385	69.66
2020-06-10	10459	352	1380004385	69.66
2020-06-11	10930	396	1380004385	69.66
2020-06-12	11458	386	1380004385	69.66
2020-06-13	11929	311	1380004385	69.66
2020-06-14	11502	325	1380004385	69.66
2020-06-15	10667	380	1380004385	69.66
2020-06-16	10974	2003	1380004385	69.66
2020-06-17	12881	334	1380004385	69.66
2020-06-18	13586	336	1380004385	69.66
2020-06-19	14516	375	1380004385	69.66
2020-06-20	15403	306	1380004385	69.66
2020-06-21	14831	445	1380004385	69.66
2020-06-22	14933	312	1380004385	69.66
2020-06-23	15968	465	1380004385	69.66
2020-06-24	16922	418	1380004385	69.66
2020-06-25	17296	407	1380004385	69.66
2020-06-26	18552	384	1380004385	69.66
2020-06-27	19906	410	1380004385	69.66
2020-06-28	19459	380	1380004385	69.66
2020-06-29	18522	418	1380004385	69.66
2020-06-30	18641	507	1380004385	69.66
2020-07-01	19160	434	1380004385	69.66
2020-07-02	20903	379	1380004385	69.66
2020-07-03	22771	442	1380004385	69.66
2020-07-04	24850	613	1380004385	69.66
2020-07-05	24248	425	1380004385	69.66
2020-07-06	22251	466	1380004385	69.66
2020-07-07	22753	483	1380004385	69.66
2020-07-08	24879	487	1380004385	69.66
2020-07-09	26506	475	1380004385	69.66
2020-07-10	27114	519	1380004385	69.66
2020-07-11	28606	550	1380004385	69.66
2020-07-12	28732	501	1380004385	69.66
2020-07-13	28498	553	1380004385	69.66
2020-07-14	29429	582	1380004385	69.66
2020-07-15	32676	605	1380004385	69.66
2020-07-16	34975	688	1380004385	69.66
2020-07-17	35252	671	1380004385	69.66
2020-07-18	38697	543	1380004385	69.66
2020-07-19	40425	681	1380004385	69.66
2020-07-20	37132	585	1380004385	69.66
2020-07-21	37740	650	1380004385	69.66
2020-07-22	45720	1129	1380004385	69.66
2020-07-23	49310	740	1380004385	69.66
2020-07-24	48916	757	1380004385	69.66
2020-07-25	48611	702	1380004385	69.66
2020-07-26	49981	711	1380004385	69.66
2020-07-27	44457	637	1380004385	69.66
2020-07-28	51596	785	1380004385	69.66
2020-07-29	50294	762	1380004385	69.66
2020-07-30	52783	763	1380004385	69.66
2020-07-31	61242	793	1380004385	69.66
2020-08-01	54735	853	1380004385	69.66
2020-08-02	52972	771	1380004385	69.66
2020-08-03	52050	803	1380004385	69.66
2020-08-04	52509	857	1380004385	69.66
2020-08-05	56282	904	1380004385	69.66
2020-08-06	62538	886	1380004385	69.66
2020-08-07	61537	933	1380004385	69.66
2020-08-08	64399	861	1380004385	69.66
2020-08-09	62064	1007	1380004385	69.66
2020-08-10	53601	871	1380004385	69.66
2020-08-11	60963	834	1380004385	69.66
2020-08-12	66999	942	1380004385	69.66
2020-08-13	64553	1007	1380004385	69.66
2020-08-14	64732	996	1380004385	69.66
2020-08-15	64030	944	1380004385	69.66
2020-08-16	57711	941	1380004385	69.66
2020-08-17	55018	876	1380004385	69.66
2020-08-18	64572	1091	1380004385	69.66
2020-08-19	69672	978	1380004385	69.66
2020-08-20	68900	983	1380004385	69.66
2020-08-21	69876	945	1380004385	69.66
2020-08-22	69239	912	1380004385	69.66
2020-08-23	61408	836	1380004385	69.66
2020-08-24	60975	848	1380004385	69.66
2020-08-25	57224	967	1380004385	69.66
2020-08-26	85687	1115	1380004385	69.66
2020-08-27	77266	1057	1380004385	69.66
2020-08-28	76472	1021	1380004385	69.66
2020-08-29	78761	948	1380004385	69.66
2020-08-30	78512	971	1380004385	69.66
2020-08-31	69921	819	1380004385	69.66
2020-09-01	78357	1045	1380004385	69.66
2020-09-02	83883	1043	1380004385	69.66
2020-09-03	83341	1096	1380004385	69.66
2020-09-04	86432	1089	1380004385	69.66
2020-09-05	90632	1065	1380004385	69.66
2020-09-06	90802	1016	1380004385	69.66
2020-09-07	75809	1133	1380004385	69.66
2020-09-08	89706	1115	1380004385	69.66
2020-09-09	95735	1172	1380004385	69.66
2020-09-10	96551	1209	1380004385	69.66
2020-09-11	97570	1201	1380004385	69.66
2020-09-12	94372	1114	1380004385	69.66
2020-09-13	92071	1136	1380004385	69.66
2020-09-14	83809	1054	1380004385	69.66
2020-09-15	90123	1290	1380004385	69.66
2020-09-16	97894	1132	1380004385	69.66
2020-09-17	96424	1174	1380004385	69.66
2020-09-18	93337	1247	1380004385	69.66
2020-09-19	92605	1133	1380004385	69.66
2020-09-20	86961	1130	1380004385	69.66
2020-09-21	75083	1053	1380004385	69.66
2020-09-22	83347	1085	1380004385	69.66
2020-09-23	86508	1129	1380004385	69.66
2020-09-24	86052	1141	1380004385	69.66
2020-09-25	85362	1089	1380004385	69.66
2020-09-26	88600	1124	1380004385	69.66
2020-09-27	82170	1039	1380004385	69.66
2020-09-28	70589	776	1380004385	69.66
2020-09-29	80472	1179	1380004385	69.66
2020-09-30	86821	1181	1380004385	69.66
2020-10-01	81484	1095	1380004385	69.66
2020-10-02	79476	1069	1380004385	69.66
2020-10-03	75829	940	1380004385	69.66
2020-10-04	74442	903	1380004385	69.66
2020-10-05	61267	884	1380004385	69.66
2020-10-06	72049	986	1380004385	69.66
2020-10-07	78524	971	1380004385	69.66
2020-10-08	70496	964	1380004385	69.66
2020-10-09	73272	926	1380004385	69.66
2020-10-10	74383	918	1380004385	69.66
2020-10-11	66732	816	1380004385	69.66
2020-10-12	55342	706	1380004385	69.66
2020-10-13	63509	730	1380004385	69.66
2020-10-14	67708	680	1380004385	69.66
2020-10-15	63371	895	1380004385	69.66
2020-10-16	62212	837	1380004385	69.66
2020-10-17	61871	1033	1380004385	69.66
2020-10-18	55722	579	1380004385	69.66
2020-10-19	46790	587	1380004385	69.66
2020-10-20	54044	717	1380004385	69.66
2020-10-21	55839	702	1380004385	69.66
2020-10-22	54366	690	1380004385	69.66
2020-10-23	53370	650	1380004385	69.66
2020-10-24	50129	578	1380004385	69.66
2020-10-25	45148	480	1380004385	69.66
2020-10-26	36470	488	1380004385	69.66
2020-10-27	43893	508	1380004385	69.66
2020-10-28	49881	517	1380004385	69.66
2020-10-29	48648	563	1380004385	69.66
2020-10-30	48268	551	1380004385	69.66
2020-10-31	46963	470	1380004385	69.66
2020-11-01	45231	496	1380004385	69.66
2020-11-02	38310	490	1380004385	69.66
2020-11-03	46253	514	1380004385	69.66
2020-11-04	50210	704	1380004385	69.66
2020-11-05	47638	670	1380004385	69.66
2020-11-06	50356	577	1380004385	69.66
2020-11-07	45674	559	1380004385	69.66
2020-11-08	45903	490	1380004385	69.66
2020-11-09	38073	448	1380004385	69.66
2020-11-10	44281	512	1380004385	69.66
2020-11-11	47905	550	1380004385	69.66
2020-11-12	44879	547	1380004385	69.66
2020-11-13	44684	520	1380004385	69.66
2020-11-14	41100	447	1380004385	69.66
2020-11-15	30548	435	1380004385	69.66
2020-11-16	29163	449	1380004385	69.66
2020-11-17	38617	474	1380004385	69.66
2020-11-18	45576	585	1380004385	69.66
2020-11-19	45882	584	1380004385	69.66
2020-11-20	46232	564	1380004385	69.66
2020-11-21	45209	501	1380004385	69.66
2020-11-22	44059	511	1380004385	69.66
2020-11-23	37975	480	1380004385	69.66
2020-11-24	44376	481	1380004385	69.66
2020-11-25	44489	524	1380004385	69.66
2020-11-26	43082	492	1380004385	69.66
2020-11-27	41322	485	1380004385	69.66
2020-11-28	41810	496	1380004385	69.66
2020-11-29	38772	443	1380004385	69.66
2020-11-30	31118	482	1380004385	69.66
2020-12-01	36604	501	1380004385	69.66
2020-12-02	35551	526	1380004385	69.66
2020-12-03	36595	540	1380004385	69.66
2020-12-04	36652	512	1380004385	69.66
2020-12-05	36011	482	1380004385	69.66
2020-12-06	32981	391	1380004385	69.66
2020-12-07	26567	385	1380004385	69.66
2020-12-08	32080	402	1380004385	69.66
2020-12-09	31521	412	1380004385	69.66
2020-12-10	29373	413	1380004385	69.66
2020-12-11	30031	443	1380004385	69.66
2020-12-12	30254	391	1380004385	69.66
2020-12-13	27071	336	1380004385	69.66
2020-12-14	22065	354	1380004385	69.66
2020-12-15	26382	387	1380004385	69.66
2020-12-16	24010	355	1380004385	69.66
2020-12-17	22890	338	1380004385	69.66
2020-12-18	25152	347	1380004385	69.66
2020-12-19	26624	341	1380004385	69.66
2020-12-20	24337	333	1380004385	69.66
2020-12-21	19556	301	1380004385	69.66
2020-12-22	23950	333	1380004385	69.66
2020-12-23	24712	312	1380004385	69.66
2020-12-24	23067	336	1380004385	69.66
2020-12-25	22273	251	1380004385	69.66
2020-12-26	18732	279	1380004385	69.66
2020-12-27	20021	279	1380004385	69.66
2020-12-28	16432	252	1380004385	69.66
2020-12-29	20549	286	1380004385	69.66
2020-12-30	21822	299	1380004385	69.66
2020-12-31	0	0	1380004385	69.66
2021-01-01	20035	256	1380004385	69.66
2021-01-02	37256	441	1380004385	69.66
2021-01-03	16504	214	1380004385	69.66
2021-01-04	16375	201	1380004385	69.66
2021-01-05	18088	264	1380004385	69.66
2021-01-06	20346	222	1380004385	69.66
2021-01-07	18139	234	1380004385	69.66
2021-01-08	0	0	1380004385	69.66
2021-01-09	36867	429	1380004385	69.66
2021-01-10	16311	161	1380004385	69.66
2021-01-11	12584	167	1380004385	69.66
2021-01-12	15968	202	1380004385	69.66
2021-01-13	16946	198	1380004385	69.66
2021-01-14	15590	191	1380004385	69.66
2021-01-15	15158	175	1380004385	69.66
2021-01-16	15144	181	1380004385	69.66
2021-01-17	13788	145	1380004385	69.66
2021-01-18	10050	137	1380004385	69.66
2021-01-19	13816	162	1380004385	69.66
2021-01-20	15244	151	1380004385	69.66
2021-01-21	14545	163	1380004385	69.66
2021-01-22	14256	152	1380004385	69.66
2021-01-23	14849	155	1380004385	69.66
2021-01-24	13203	131	1380004385	69.66
2021-01-25	9102	117	1380004385	69.66
2021-01-26	12689	137	1380004385	69.66
2021-01-27	11666	123	1380004385	69.66
2021-01-28	18855	163	1380004385	69.66
2021-01-29	13082	137	1380004385	69.66
2021-01-30	13044	127	1380004385	69.66
2021-01-31	11436	118	1380004385	69.66
2021-02-01	8635	94	1380004385	69.66
2021-02-02	11039	110	1380004385	69.66
2021-02-03	12899	107	1380004385	69.66
2021-02-04	12408	120	1380004385	69.66
2021-02-05	11713	95	1380004385	69.66
2021-02-06	12059	78	1380004385	69.66
2021-02-07	11831	84	1380004385	69.66
2021-02-08	9110	78	1380004385	69.66
2021-02-09	11067	94	1380004385	69.66
2021-02-10	12923	108	1380004385	69.66
2021-02-11	9309	87	1380004385	69.66
2021-02-12	12143	103	1380004385	69.66
2021-02-13	12194	92	1380004385	69.66
2021-02-14	11649	90	1380004385	69.66
2021-02-15	9121	81	1380004385	69.66
2021-02-16	11610	100	1380004385	69.66
2021-02-17	12881	101	1380004385	69.66
2021-02-18	13193	97	1380004385	69.66
2021-02-19	13993	101	1380004385	69.66
2021-02-20	14264	90	1380004385	69.66
2021-02-21	14199	83	1380004385	69.66
2021-02-22	10584	78	1380004385	69.66
2021-02-23	13742	104	1380004385	69.66
2021-02-24	16738	138	1380004385	69.66
2021-02-25	16577	120	1380004385	69.66
2021-02-26	16488	113	1380004385	69.66
2021-02-27	16752	113	1380004385	69.66
2021-02-28	15510	106	1380004385	69.66
2021-03-01	12286	91	1380004385	69.66
2021-03-02	14989	98	1380004385	69.66
2021-03-03	17407	89	1380004385	69.66
2021-03-04	16838	113	1380004385	69.66
2021-03-05	18754	108	1380004385	69.66
2021-03-06	0	100	1380004385	69.66
2021-03-07	18599	97	1380004385	69.66
2021-03-08	15388	77	1380004385	69.66
2021-03-09	17921	133	1380004385	69.66
2021-03-10	22854	126	1380004385	69.66
2021-03-11	23285	117	1380004385	69.66
2021-03-12	24882	140	1380004385	69.66
2021-03-13	25320	161	1380004385	69.66
2021-03-14	26291	118	1380004385	69.66
2021-03-15	24492	131	1380004385	69.66
2021-03-16	28903	188	1380004385	69.66
2021-03-17	35871	172	1380004385	69.66
2021-03-18	39726	154	1380004385	69.66
2021-03-19	40953	188	1380004385	69.66
2021-03-20	43846	197	1380004385	69.66
2021-03-21	46951	212	1380004385	69.66
