2020-03-02	2	0	273523621	71.72
2020-03-03	0	0	273523621	71.72
2020-03-04	0	0	273523621	71.72
2020-03-05	0	0	273523621	71.72
2020-03-06	2	0	273523621	71.72
2020-03-07	0	0	273523621	71.72
2020-03-08	2	0	273523621	71.72
2020-03-09	13	0	273523621	71.72
2020-03-10	8	0	273523621	71.72
2020-03-11	7	1	273523621	71.72
2020-03-12	0	0	273523621	71.72
2020-03-13	35	3	273523621	71.72
2020-03-14	27	1	273523621	71.72
2020-03-15	21	0	273523621	71.72
2020-03-16	17	0	273523621	71.72
2020-03-17	38	0	273523621	71.72
2020-03-18	55	14	273523621	71.72
2020-03-19	84	6	273523621	71.72
2020-03-20	58	7	273523621	71.72
2020-03-21	81	6	273523621	71.72
2020-03-22	64	10	273523621	71.72
2020-03-23	65	1	273523621	71.72
2020-03-24	107	6	273523621	71.72
2020-03-25	104	3	273523621	71.72
2020-03-26	103	20	273523621	71.72
2020-03-27	153	9	273523621	71.72
2020-03-28	109	15	273523621	71.72
2020-03-29	130	12	273523621	71.72
2020-03-30	129	8	273523621	71.72
2020-03-31	114	14	273523621	71.72
2020-04-01	149	21	273523621	71.72
2020-04-02	113	13	273523621	71.72
2020-04-03	196	11	273523621	71.72
2020-04-04	106	10	273523621	71.72
2020-04-05	181	7	273523621	71.72
2020-04-06	218	11	273523621	71.72
2020-04-07	247	12	273523621	71.72
2020-04-08	218	19	273523621	71.72
2020-04-09	337	40	273523621	71.72
2020-04-10	219	26	273523621	71.72
2020-04-11	330	21	273523621	71.72
2020-04-12	399	46	273523621	71.72
2020-04-13	316	26	273523621	71.72
2020-04-14	282	60	273523621	71.72
2020-04-15	297	10	273523621	71.72
2020-04-16	380	27	273523621	71.72
2020-04-17	407	24	273523621	71.72
2020-04-18	325	15	273523621	71.72
2020-04-19	327	47	273523621	71.72
2020-04-20	185	8	273523621	71.72
2020-04-21	375	26	273523621	71.72
2020-04-22	283	19	273523621	71.72
2020-04-23	357	12	273523621	71.72
2020-04-24	436	42	273523621	71.72
2020-04-25	396	31	273523621	71.72
2020-04-26	275	23	273523621	71.72
2020-04-27	214	22	273523621	71.72
2020-04-28	415	8	273523621	71.72
2020-04-29	260	11	273523621	71.72
2020-04-30	347	8	273523621	71.72
2020-05-01	433	8	273523621	71.72
2020-05-02	292	31	273523621	71.72
2020-05-03	349	14	273523621	71.72
2020-05-04	395	19	273523621	71.72
2020-05-05	484	8	273523621	71.72
2020-05-06	367	23	273523621	71.72
2020-05-07	338	35	273523621	71.72
2020-05-08	336	13	273523621	71.72
2020-05-09	533	16	273523621	71.72
2020-05-10	387	14	273523621	71.72
2020-05-11	233	18	273523621	71.72
2020-05-12	484	16	273523621	71.72
2020-05-13	689	21	273523621	71.72
2020-05-14	568	15	273523621	71.72
2020-05-15	490	33	273523621	71.72
2020-05-16	529	13	273523621	71.72
2020-05-17	489	59	273523621	71.72
2020-05-18	496	43	273523621	71.72
2020-05-19	486	30	273523621	71.72
2020-05-20	693	21	273523621	71.72
2020-05-21	973	36	273523621	71.72
2020-05-22	634	48	273523621	71.72
2020-05-23	949	25	273523621	71.72
2020-05-24	526	21	273523621	71.72
2020-05-25	479	19	273523621	71.72
2020-05-26	415	27	273523621	71.72
2020-05-27	686	55	273523621	71.72
2020-05-28	687	23	273523621	71.72
2020-05-29	678	24	273523621	71.72
2020-05-30	557	53	273523621	71.72
2020-05-31	700	40	273523621	71.72
2020-06-01	467	28	273523621	71.72
2020-06-02	609	22	273523621	71.72
2020-06-03	684	35	273523621	71.72
2020-06-04	585	23	273523621	71.72
2020-06-05	703	49	273523621	71.72
2020-06-06	993	31	273523621	71.72
2020-06-07	672	50	273523621	71.72
2020-06-08	847	32	273523621	71.72
2020-06-09	1043	40	273523621	71.72
2020-06-10	1240	36	273523621	71.72
2020-06-11	979	41	273523621	71.72
2020-06-12	1111	48	273523621	71.72
2020-06-13	1014	43	273523621	71.72
2020-06-14	857	43	273523621	71.72
2020-06-15	1017	64	273523621	71.72
2020-06-16	1106	33	273523621	71.72
2020-06-17	1031	45	273523621	71.72
2020-06-18	1331	63	273523621	71.72
2020-06-19	1041	34	273523621	71.72
2020-06-20	1226	56	273523621	71.72
2020-06-21	862	36	273523621	71.72
2020-06-22	954	35	273523621	71.72
2020-06-23	1051	35	273523621	71.72
2020-06-24	1113	38	273523621	71.72
2020-06-25	1178	47	273523621	71.72
2020-06-26	1240	63	273523621	71.72
2020-06-27	1385	37	273523621	71.72
2020-06-28	1198	34	273523621	71.72
2020-06-29	1082	51	273523621	71.72
2020-06-30	1293	71	273523621	71.72
2020-07-01	1385	58	273523621	71.72
2020-07-02	1624	53	273523621	71.72
2020-07-03	1301	49	273523621	71.72
2020-07-04	1447	53	273523621	71.72
2020-07-05	1607	82	273523621	71.72
2020-07-06	1209	70	273523621	71.72
2020-07-07	1268	68	273523621	71.72
2020-07-08	1853	50	273523621	71.72
2020-07-09	2657	58	273523621	71.72
2020-07-10	1611	52	273523621	71.72
2020-07-11	1671	66	273523621	71.72
2020-07-12	1681	71	273523621	71.72
2020-07-13	1282	50	273523621	71.72
2020-07-14	1591	54	273523621	71.72
2020-07-15	1522	87	273523621	71.72
2020-07-16	1574	76	273523621	71.72
2020-07-17	1462	84	273523621	71.72
2020-07-18	1752	59	273523621	71.72
2020-07-19	1639	127	273523621	71.72
2020-07-20	1693	96	273523621	71.72
2020-07-21	1655	81	273523621	71.72
2020-07-22	1882	139	273523621	71.72
2020-07-23	1906	117	273523621	71.72
2020-07-24	1761	89	273523621	71.72
2020-07-25	1868	49	273523621	71.72
2020-07-26	1492	67	273523621	71.72
2020-07-27	1525	57	273523621	71.72
2020-07-28	1748	63	273523621	71.72
2020-07-29	2381	74	273523621	71.72
2020-07-30	1904	83	273523621	71.72
2020-07-31	2040	73	273523621	71.72
2020-08-01	1560	62	273523621	71.72
2020-08-02	1519	43	273523621	71.72
2020-08-03	1679	66	273523621	71.72
2020-08-04	1922	86	273523621	71.72
2020-08-05	1815	64	273523621	71.72
2020-08-06	1882	69	273523621	71.72
2020-08-07	2473	72	273523621	71.72
2020-08-08	2277	65	273523621	71.72
2020-08-09	1893	65	273523621	71.72
2020-08-10	1687	42	273523621	71.72
2020-08-11	1693	59	273523621	71.72
2020-08-12	1942	79	273523621	71.72
2020-08-13	2098	65	273523621	71.72
2020-08-14	2307	53	273523621	71.72
2020-08-15	2345	50	273523621	71.72
2020-08-16	2081	79	273523621	71.72
2020-08-17	1821	57	273523621	71.72
2020-08-18	1673	70	273523621	71.72
2020-08-19	1902	69	273523621	71.72
2020-08-20	2266	72	273523621	71.72
2020-08-21	2197	82	273523621	71.72
2020-08-22	2090	94	273523621	71.72
2020-08-23	2037	86	273523621	71.72
2020-08-24	1877	79	273523621	71.72
2020-08-25	2447	99	273523621	71.72
2020-08-26	2306	86	273523621	71.72
2020-08-27	2719	120	273523621	71.72
2020-08-28	3003	105	273523621	71.72
2020-08-29	3308	92	273523621	71.72
2020-08-30	2858	82	273523621	71.72
2020-08-31	2743	74	273523621	71.72
2020-09-01	2775	88	273523621	71.72
2020-09-02	3075	111	273523621	71.72
2020-09-03	3622	134	273523621	71.72
2020-09-04	3269	82	273523621	71.72
2020-09-05	3128	108	273523621	71.72
2020-09-06	3444	85	273523621	71.72
2020-09-07	2880	105	273523621	71.72
2020-09-08	3046	100	273523621	71.72
2020-09-09	3307	106	273523621	71.72
2020-09-10	3861	120	273523621	71.72
2020-09-11	3737	88	273523621	71.72
2020-09-12	3806	106	273523621	71.72
2020-09-13	3636	73	273523621	71.72
2020-09-14	3141	118	273523621	71.72
2020-09-15	3507	124	273523621	71.72
2020-09-16	3963	135	273523621	71.72
2020-09-17	3635	122	273523621	71.72
2020-09-18	3891	114	273523621	71.72
2020-09-19	4168	112	273523621	71.72
2020-09-20	3989	105	273523621	71.72
2020-09-21	4176	124	273523621	71.72
2020-09-22	4071	160	273523621	71.72
2020-09-23	4465	140	273523621	71.72
2020-09-24	4634	128	273523621	71.72
2020-09-25	4823	113	273523621	71.72
2020-09-26	4494	90	273523621	71.72
2020-09-27	3874	78	273523621	71.72
2020-09-28	3509	87	273523621	71.72
2020-09-29	4002	128	273523621	71.72
2020-09-30	4284	139	273523621	71.72
2020-10-01	4174	116	273523621	71.72
2020-10-02	4317	116	273523621	71.72
2020-10-03	4007	83	273523621	71.72
2020-10-04	3992	96	273523621	71.72
2020-10-05	3622	102	273523621	71.72
2020-10-06	4056	121	273523621	71.72
2020-10-07	4538	98	273523621	71.72
2020-10-08	4850	108	273523621	71.72
2020-10-09	4094	97	273523621	71.72
2020-10-10	4294	88	273523621	71.72
2020-10-11	4497	79	273523621	71.72
2020-10-12	3267	91	273523621	71.72
2020-10-13	3906	92	273523621	71.72
2020-10-14	4127	129	273523621	71.72
2020-10-15	4411	112	273523621	71.72
2020-10-16	4301	79	273523621	71.72
2020-10-17	4301	84	273523621	71.72
2020-10-18	4105	80	273523621	71.72
2020-10-19	3373	106	273523621	71.72
2020-10-20	3602	117	273523621	71.72
2020-10-21	4267	123	273523621	71.72
2020-10-22	4432	102	273523621	71.72
2020-10-23	4369	118	273523621	71.72
2020-10-24	4070	128	273523621	71.72
2020-10-25	3732	94	273523621	71.72
2020-10-26	3222	112	273523621	71.72
2020-10-27	3520	101	273523621	71.72
2020-10-28	4029	100	273523621	71.72
2020-10-29	3565	89	273523621	71.72
2020-10-30	2897	81	273523621	71.72
2020-10-31	3143	87	273523621	71.72
2020-11-01	2696	74	273523621	71.72
2020-11-02	2618	101	273523621	71.72
2020-11-03	2973	102	273523621	71.72
2020-11-04	3356	113	273523621	71.72
2020-11-05	4065	89	273523621	71.72
2020-11-06	3778	94	273523621	71.72
2020-11-07	4262	98	273523621	71.72
2020-11-08	3880	74	273523621	71.72
2020-11-09	2853	75	273523621	71.72
2020-11-10	3779	72	273523621	71.72
2020-11-11	3770	75	273523621	71.72
2020-11-12	4173	97	273523621	71.72
2020-11-13	5444	104	273523621	71.72
2020-11-14	5272	111	273523621	71.72
2020-11-15	4106	63	273523621	71.72
2020-11-16	3535	85	273523621	71.72
2020-11-17	3807	97	273523621	71.72
2020-11-18	4265	110	273523621	71.72
2020-11-19	4798	97	273523621	71.72
2020-11-20	4792	78	273523621	71.72
2020-11-21	4998	96	273523621	71.72
2020-11-22	4360	110	273523621	71.72
2020-11-23	4442	118	273523621	71.72
2020-11-24	4192	109	273523621	71.72
2020-11-25	5534	114	273523621	71.72
2020-11-26	4917	127	273523621	71.72
2020-11-27	5828	169	273523621	71.72
2020-11-28	5418	125	273523621	71.72
2020-11-29	6267	169	273523621	71.72
2020-11-30	4617	130	273523621	71.72
2020-12-01	5092	136	273523621	71.72
2020-12-02	5533	118	273523621	71.72
2020-12-03	8369	156	273523621	71.72
2020-12-04	5803	124	273523621	71.72
2020-12-05	6027	110	273523621	71.72
2020-12-06	6089	151	273523621	71.72
2020-12-07	5754	127	273523621	71.72
2020-12-08	5292	133	273523621	71.72
2020-12-09	6058	171	273523621	71.72
2020-12-10	6033	165	273523621	71.72
2020-12-11	6310	175	273523621	71.72
2020-12-12	6388	142	273523621	71.72
2020-12-13	6189	166	273523621	71.72
2020-12-14	5489	137	273523621	71.72
2020-12-15	6120	155	273523621	71.72
2020-12-16	6725	137	273523621	71.72
2020-12-17	7354	142	273523621	71.72
2020-12-18	6689	124	273523621	71.72
2020-12-19	7751	145	273523621	71.72
2020-12-20	6982	221	273523621	71.72
2020-12-21	6848	205	273523621	71.72
2020-12-22	6347	172	273523621	71.72
2020-12-23	7514	151	273523621	71.72
2020-12-24	7199	181	273523621	71.72
2020-12-25	7259	258	273523621	71.72
2020-12-26	6740	147	273523621	71.72
2020-12-27	6528	243	273523621	71.72
2020-12-28	5854	215	273523621	71.72
2020-12-29	7903	251	273523621	71.72
2020-12-30	8002	241	273523621	71.72
2020-12-31	8074	194	273523621	71.72
2021-01-01	8072	191	273523621	71.72
2021-01-02	7203	226	273523621	71.72
2021-01-03	6877	179	273523621	71.72
2021-01-04	6753	177	273523621	71.72
2021-01-05	7445	198	273523621	71.72
2021-01-06	8854	187	273523621	71.72
2021-01-07	9321	224	273523621	71.72
2021-01-08	10617	233	273523621	71.72
2021-01-09	10046	194	273523621	71.72
2021-01-10	9640	182	273523621	71.72
2021-01-11	8692	214	273523621	71.72
2021-01-12	10047	302	273523621	71.72
2021-01-13	11278	306	273523621	71.72
2021-01-14	11557	295	273523621	71.72
2021-01-15	12818	238	273523621	71.72
2021-01-16	14224	283	273523621	71.72
2021-01-17	11287	220	273523621	71.72
2021-01-18	9086	295	273523621	71.72
2021-01-19	10365	308	273523621	71.72
2021-01-20	12568	267	273523621	71.72
2021-01-21	11703	346	273523621	71.72
2021-01-22	13632	250	273523621	71.72
2021-01-23	12191	211	273523621	71.72
2021-01-24	11788	171	273523621	71.72
2021-01-25	9994	297	273523621	71.72
2021-01-26	13094	336	273523621	71.72
2021-01-27	11948	387	273523621	71.72
2021-01-28	13695	476	273523621	71.72
2021-01-29	13802	187	273523621	71.72
2021-01-30	14518	210	273523621	71.72
2021-01-31	12001	270	273523621	71.72
2021-02-01	10994	279	273523621	71.72
2021-02-02	10379	304	273523621	71.72
2021-02-03	11984	189	273523621	71.72
2021-02-04	11434	231	273523621	71.72
2021-02-05	11749	201	273523621	71.72
2021-02-06	12156	191	273523621	71.72
2021-02-07	10827	163	273523621	71.72
2021-02-08	8242	207	273523621	71.72
2021-02-09	8700	213	273523621	71.72
2021-02-10	8776	191	273523621	71.72
2021-02-11	8435	214	273523621	71.72
2021-02-12	9869	275	273523621	71.72
2021-02-13	8844	280	273523621	71.72
2021-02-14	6765	247	273523621	71.72
2021-02-15	6462	184	273523621	71.72
2021-02-16	10029	229	273523621	71.72
2021-02-17	9687	192	273523621	71.72
2021-02-18	9039	181	273523621	71.72
2021-02-19	10614	183	273523621	71.72
2021-02-20	8054	164	273523621	71.72
2021-02-21	7300	173	273523621	71.72
2021-02-22	10180	202	273523621	71.72
2021-02-23	9775	323	273523621	71.72
2021-02-24	7533	240	273523621	71.72
2021-02-25	8493	264	273523621	71.72
2021-02-26	8232	268	273523621	71.72
2021-02-27	6208	195	273523621	71.72
2021-02-28	5560	185	273523621	71.72
2021-03-01	6680	159	273523621	71.72
2021-03-02	5712	193	273523621	71.72
2021-03-03	6808	203	273523621	71.72
2021-03-04	7264	176	273523621	71.72
2021-03-05	6971	129	273523621	71.72
2021-03-06	5767	128	273523621	71.72
2021-03-07	5826	112	273523621	71.72
2021-03-08	6894	281	273523621	71.72
2021-03-09	6389	210	273523621	71.72
2021-03-10	5633	175	273523621	71.72
2021-03-11	5144	117	273523621	71.72
2021-03-12	6412	180	273523621	71.72
2021-03-13	4607	100	273523621	71.72
2021-03-14	4714	97	273523621	71.72
2021-03-15	5589	147	273523621	71.72
2021-03-16	5414	180	273523621	71.72
2021-03-17	6825	162	273523621	71.72
2021-03-18	6570	227	273523621	71.72
2021-03-19	6279	197	273523621	71.72
2021-03-20	5656	108	273523621	71.72
2021-03-21	4396	103	273523621	71.72
