2020-02-19	2	2	83992953	76.68
2020-02-20	3	0	83992953	76.68
2020-02-21	13	2	83992953	76.68
2020-02-22	10	1	83992953	76.68
2020-02-23	15	3	83992953	76.68
2020-02-24	18	4	83992953	76.68
2020-02-25	34	4	83992953	76.68
2020-02-26	44	3	83992953	76.68
2020-02-27	106	7	83992953	76.68
2020-02-28	143	8	83992953	76.68
2020-02-29	205	9	83992953	76.68
2020-03-01	385	11	83992953	76.68
2020-03-02	523	12	83992953	76.68
2020-03-03	835	11	83992953	76.68
2020-03-04	586	15	83992953	76.68
2020-03-05	591	15	83992953	76.68
2020-03-06	1234	17	83992953	76.68
2020-03-07	1076	21	83992953	76.68
2020-03-08	743	49	83992953	76.68
2020-03-09	595	43	83992953	76.68
2020-03-10	881	54	83992953	76.68
2020-03-11	958	63	83992953	76.68
2020-03-12	1075	75	83992953	76.68
2020-03-13	1289	85	83992953	76.68
2020-03-14	1365	97	83992953	76.68
2020-03-15	1209	113	83992953	76.68
2020-03-16	1053	129	83992953	76.68
2020-03-17	1178	135	83992953	76.68
2020-03-18	1192	147	83992953	76.68
2020-03-19	1046	149	83992953	76.68
2020-03-20	1237	149	83992953	76.68
2020-03-21	966	123	83992953	76.68
2020-03-22	1028	129	83992953	76.68
2020-03-23	1411	127	83992953	76.68
2020-03-24	1762	122	83992953	76.68
2020-03-25	2206	143	83992953	76.68
2020-03-26	2389	157	83992953	76.68
2020-03-27	2926	144	83992953	76.68
2020-03-28	3076	139	83992953	76.68
2020-03-29	2901	123	83992953	76.68
2020-03-30	3186	117	83992953	76.68
2020-03-31	3110	141	83992953	76.68
2020-04-01	2988	138	83992953	76.68
2020-04-02	2875	124	83992953	76.68
2020-04-03	2715	134	83992953	76.68
2020-04-04	2560	158	83992953	76.68
2020-04-05	2483	151	83992953	76.68
2020-04-06	2274	136	83992953	76.68
2020-04-07	2089	133	83992953	76.68
2020-04-08	1997	121	83992953	76.68
2020-04-09	1634	117	83992953	76.68
2020-04-10	1972	122	83992953	76.68
2020-04-11	1837	125	83992953	76.68
2020-04-12	1657	117	83992953	76.68
2020-04-13	1617	111	83992953	76.68
2020-04-14	1574	98	83992953	76.68
2020-04-15	1512	94	83992953	76.68
2020-04-16	1606	92	83992953	76.68
2020-04-17	1499	89	83992953	76.68
2020-04-18	1374	73	83992953	76.68
2020-04-19	1343	87	83992953	76.68
2020-04-20	1294	91	83992953	76.68
2020-04-21	1297	88	83992953	76.68
2020-04-22	1194	94	83992953	76.68
2020-04-23	1030	90	83992953	76.68
2020-04-24	1168	93	83992953	76.68
2020-04-25	1134	76	83992953	76.68
2020-04-26	1153	60	83992953	76.68
2020-04-27	991	96	83992953	76.68
2020-04-28	1112	71	83992953	76.68
2020-04-29	1073	80	83992953	76.68
2020-04-30	983	71	83992953	76.68
2020-05-01	1006	63	83992953	76.68
2020-05-02	802	65	83992953	76.68
2020-05-03	976	47	83992953	76.68
2020-05-04	1223	74	83992953	76.68
2020-05-05	1323	63	83992953	76.68
2020-05-06	1680	78	83992953	76.68
2020-05-07	1485	68	83992953	76.68
2020-05-08	1556	55	83992953	76.68
2020-05-09	1529	48	83992953	76.68
2020-05-10	1383	51	83992953	76.68
2020-05-11	1683	45	83992953	76.68
2020-05-12	1481	48	83992953	76.68
2020-05-13	1958	50	83992953	76.68
2020-05-14	1808	71	83992953	76.68
2020-05-15	2102	48	83992953	76.68
2020-05-16	1757	35	83992953	76.68
2020-05-17	1806	51	83992953	76.68
2020-05-18	2294	69	83992953	76.68
2020-05-19	2111	62	83992953	76.68
2020-05-20	2346	64	83992953	76.68
2020-05-21	2392	66	83992953	76.68
2020-05-22	2311	51	83992953	76.68
2020-05-23	1869	59	83992953	76.68
2020-05-24	2180	58	83992953	76.68
2020-05-25	2023	34	83992953	76.68
2020-05-26	1787	57	83992953	76.68
2020-05-27	2080	56	83992953	76.68
2020-05-28	2258	63	83992953	76.68
2020-05-29	2819	50	83992953	76.68
2020-05-30	2282	57	83992953	76.68
2020-05-31	2516	63	83992953	76.68
2020-06-01	2979	81	83992953	76.68
2020-06-02	3117	64	83992953	76.68
2020-06-03	3134	70	83992953	76.68
2020-06-04	3574	59	83992953	76.68
2020-06-05	2886	63	83992953	76.68
2020-06-06	2269	75	83992953	76.68
2020-06-07	2364	72	83992953	76.68
2020-06-08	2043	70	83992953	76.68
2020-06-09	2095	74	83992953	76.68
2020-06-10	2011	81	83992953	76.68
2020-06-11	2218	78	83992953	76.68
2020-06-12	2369	75	83992953	76.68
2020-06-13	2430	71	83992953	76.68
2020-06-14	2472	107	83992953	76.68
2020-06-15	2449	113	83992953	76.68
2020-06-16	2563	115	83992953	76.68
2020-06-17	2612	120	83992953	76.68
2020-06-18	2596	87	83992953	76.68
2020-06-19	2615	120	83992953	76.68
2020-06-20	2322	115	83992953	76.68
2020-06-21	2368	116	83992953	76.68
2020-06-22	2573	119	83992953	76.68
2020-06-23	2445	121	83992953	76.68
2020-06-24	2531	133	83992953	76.68
2020-06-25	2595	134	83992953	76.68
2020-06-26	2628	109	83992953	76.68
2020-06-27	2456	125	83992953	76.68
2020-06-28	2489	144	83992953	76.68
2020-06-29	2536	162	83992953	76.68
2020-06-30	2457	147	83992953	76.68
2020-07-01	2549	141	83992953	76.68
2020-07-02	2652	148	83992953	76.68
2020-07-03	2566	154	83992953	76.68
2020-07-04	2449	148	83992953	76.68
2020-07-05	2560	163	83992953	76.68
2020-07-06	2613	160	83992953	76.68
2020-07-07	2637	200	83992953	76.68
2020-07-08	2691	153	83992953	76.68
2020-07-09	2079	221	83992953	76.68
2020-07-10	2262	142	83992953	76.68
2020-07-11	2397	188	83992953	76.68
2020-07-12	2186	194	83992953	76.68
2020-07-13	2349	203	83992953	76.68
2020-07-14	2521	179	83992953	76.68
2020-07-15	2388	199	83992953	76.68
2020-07-16	2500	198	83992953	76.68
2020-07-17	2379	183	83992953	76.68
2020-07-18	2166	188	83992953	76.68
2020-07-19	2182	209	83992953	76.68
2020-07-20	2414	217	83992953	76.68
2020-07-21	2625	229	83992953	76.68
2020-07-22	2586	219	83992953	76.68
2020-07-23	2621	221	83992953	76.68
2020-07-24	2489	215	83992953	76.68
2020-07-25	2316	195	83992953	76.68
2020-07-26	2333	216	83992953	76.68
2020-07-27	2434	212	83992953	76.68
2020-07-28	2667	235	83992953	76.68
2020-07-29	2636	196	83992953	76.68
2020-07-30	2621	226	83992953	76.68
2020-07-31	2674	197	83992953	76.68
2020-08-01	2548	216	83992953	76.68
2020-08-02	2685	208	83992953	76.68
2020-08-03	2598	215	83992953	76.68
2020-08-04	2751	212	83992953	76.68
2020-08-05	2697	185	83992953	76.68
2020-08-06	2634	174	83992953	76.68
2020-08-07	2450	156	83992953	76.68
2020-08-08	2125	132	83992953	76.68
2020-08-09	2020	163	83992953	76.68
2020-08-10	2132	189	83992953	76.68
2020-08-11	2345	184	83992953	76.68
2020-08-12	2510	188	83992953	76.68
2020-08-13	2625	174	83992953	76.68
2020-08-14	2501	169	83992953	76.68
2020-08-15	2245	161	83992953	76.68
2020-08-16	2133	147	83992953	76.68
2020-08-17	2247	165	83992953	76.68
2020-08-18	2385	168	83992953	76.68
2020-08-19	2444	153	83992953	76.68
2020-08-20	2279	139	83992953	76.68
2020-08-21	2206	112	83992953	76.68
2020-08-22	2028	126	83992953	76.68
2020-08-23	2113	141	83992953	76.68
2020-08-24	2245	133	83992953	76.68
2020-08-25	2213	125	83992953	76.68
2020-08-26	2243	119	83992953	76.68
2020-08-27	2190	117	83992953	76.68
2020-08-28	2115	112	83992953	76.68
2020-08-29	1905	110	83992953	76.68
2020-08-30	1754	103	83992953	76.68
2020-08-31	1642	109	83992953	76.68
2020-09-01	1682	101	83992953	76.68
2020-09-02	1858	125	83992953	76.68
2020-09-03	1994	129	83992953	76.68
2020-09-04	2026	118	83992953	76.68
2020-09-05	1894	110	83992953	76.68
2020-09-06	1992	139	83992953	76.68
2020-09-07	2152	117	83992953	76.68
2020-09-08	2302	132	83992953	76.68
2020-09-09	2313	127	83992953	76.68
2020-09-10	2063	129	83992953	76.68
2020-09-11	2313	115	83992953	76.68
2020-09-12	2139	116	83992953	76.68
2020-09-13	2089	128	83992953	76.68
2020-09-14	2619	156	83992953	76.68
2020-09-15	2705	140	83992953	76.68
2020-09-16	2981	179	83992953	76.68
2020-09-17	2815	176	83992953	76.68
2020-09-18	3049	144	83992953	76.68
2020-09-19	2845	166	83992953	76.68
2020-09-20	3097	183	83992953	76.68
2020-09-21	3341	177	83992953	76.68
2020-09-22	3712	178	83992953	76.68
2020-09-23	3605	184	83992953	76.68
2020-09-24	3521	175	83992953	76.68
2020-09-25	3563	207	83992953	76.68
2020-09-26	3204	172	83992953	76.68
2020-09-27	3362	195	83992953	76.68
2020-09-28	3512	190	83992953	76.68
2020-09-29	3677	207	83992953	76.68
2020-09-30	3582	183	83992953	76.68
2020-10-01	3825	211	83992953	76.68
2020-10-02	3552	187	83992953	76.68
2020-10-03	3523	179	83992953	76.68
2020-10-04	3653	211	83992953	76.68
2020-10-05	3902	235	83992953	76.68
2020-10-06	4151	227	83992953	76.68
2020-10-07	4019	239	83992953	76.68
2020-10-08	4392	230	83992953	76.68
2020-10-09	4142	210	83992953	76.68
2020-10-10	3875	195	83992953	76.68
2020-10-11	3822	251	83992953	76.68
2020-10-12	4206	272	83992953	76.68
2020-10-13	4108	254	83992953	76.68
2020-10-14	4830	279	83992953	76.68
2020-10-15	4616	256	83992953	76.68
2020-10-16	4552	265	83992953	76.68
2020-10-17	4103	253	83992953	76.68
2020-10-18	3890	252	83992953	76.68
2020-10-19	4251	337	83992953	76.68
2020-10-20	5039	322	83992953	76.68
2020-10-21	5616	312	83992953	76.68
2020-10-22	5471	304	83992953	76.68
2020-10-23	6134	335	83992953	76.68
2020-10-24	5814	335	83992953	76.68
2020-10-25	6191	296	83992953	76.68
2020-10-26	5960	337	83992953	76.68
2020-10-27	6968	346	83992953	76.68
2020-10-28	6824	415	83992953	76.68
2020-10-29	8293	399	83992953	76.68
2020-10-30	8011	365	83992953	76.68
2020-10-31	7820	386	83992953	76.68
2020-11-01	7719	434	83992953	76.68
2020-11-02	8289	440	83992953	76.68
2020-11-03	8932	422	83992953	76.68
2020-11-04	8452	419	83992953	76.68
2020-11-05	8772	406	83992953	76.68
2020-11-06	8864	424	83992953	76.68
2020-11-07	9450	423	83992953	76.68
2020-11-08	9236	459	83992953	76.68
2020-11-09	10463	458	83992953	76.68
2020-11-10	10339	453	83992953	76.68
2020-11-11	11780	462	83992953	76.68
2020-11-12	11517	457	83992953	76.68
2020-11-13	11737	461	83992953	76.68
2020-11-14	11203	452	83992953	76.68
2020-11-15	12543	459	83992953	76.68
2020-11-16	13053	486	83992953	76.68
2020-11-17	13352	482	83992953	76.68
2020-11-18	13421	480	83992953	76.68
2020-11-19	13223	476	83992953	76.68
2020-11-20	13260	479	83992953	76.68
2020-11-21	12931	431	83992953	76.68
2020-11-22	13053	475	83992953	76.68
2020-11-23	12460	453	83992953	76.68
2020-11-24	13721	483	83992953	76.68
2020-11-25	13843	469	83992953	76.68
2020-11-26	13961	482	83992953	76.68
2020-11-27	14051	406	83992953	76.68
2020-11-28	13402	391	83992953	76.68
2020-11-29	12950	388	83992953	76.68
2020-11-30	13321	372	83992953	76.68
2020-12-01	13881	382	83992953	76.68
2020-12-02	13621	362	83992953	76.68
2020-12-03	13922	358	83992953	76.68
2020-12-04	13341	347	83992953	76.68
2020-12-05	12151	321	83992953	76.68
2020-12-06	11561	294	83992953	76.68
2020-12-07	10827	284	83992953	76.68
2020-12-08	11023	323	83992953	76.68
2020-12-09	10223	295	83992953	76.68
2020-12-10	10403	284	83992953	76.68
2020-12-11	9384	231	83992953	76.68
2020-12-12	8411	222	83992953	76.68
2020-12-13	7451	247	83992953	76.68
2020-12-14	7501	251	83992953	76.68
2020-12-15	7704	223	83992953	76.68
2020-12-16	7603	213	83992953	76.68
2020-12-17	7453	212	83992953	76.68
2020-12-18	7121	178	83992953	76.68
2020-12-19	6421	175	83992953	76.68
2020-12-20	6312	177	83992953	76.68
2020-12-21	6151	191	83992953	76.68
2020-12-22	6208	187	83992953	76.68
2020-12-23	6261	153	83992953	76.68
2020-12-24	6178	152	83992953	76.68
2020-12-25	6021	132	83992953	76.68
2020-12-26	5760	134	83992953	76.68
2020-12-27	5502	119	83992953	76.68
2020-12-28	5908	121	83992953	76.68
2020-12-29	6108	132	83992953	76.68
2020-12-30	6272	149	83992953	76.68
2020-12-31	6389	128	83992953	76.68
2021-01-01	6287	114	83992953	76.68
2021-01-02	6045	101	83992953	76.68
2021-01-03	5960	102	83992953	76.68
2021-01-04	6073	110	83992953	76.68
2021-01-05	6113	98	83992953	76.68
2021-01-06	6283	82	83992953	76.68
2021-01-07	6360	103	83992953	76.68
2021-01-08	6251	85	83992953	76.68
2021-01-09	5924	82	83992953	76.68
2021-01-10	5968	71	83992953	76.68
2021-01-11	6208	91	83992953	76.68
2021-01-12	6408	98	83992953	76.68
2021-01-13	6317	97	83992953	76.68
2021-01-14	6471	81	83992953	76.68
2021-01-15	6485	83	83992953	76.68
2021-01-16	6100	96	83992953	76.68
2021-01-17	6016	86	83992953	76.68
2021-01-18	5806	83	83992953	76.68
2021-01-19	5917	87	83992953	76.68
2021-01-20	6182	84	83992953	76.68
2021-01-21	6204	93	83992953	76.68
2021-01-22	6332	75	83992953	76.68
2021-01-23	6180	69	83992953	76.68
2021-01-24	5945	89	83992953	76.68
2021-01-25	6309	98	83992953	76.68
2021-01-26	6420	79	83992953	76.68
2021-01-27	6608	91	83992953	76.68
2021-01-28	6527	85	83992953	76.68
2021-01-29	6573	71	83992953	76.68
2021-01-30	6317	82	83992953	76.68
2021-01-31	6268	70	83992953	76.68
2021-02-01	6597	79	83992953	76.68
2021-02-02	6820	72	83992953	76.68
2021-02-03	6870	79	83992953	76.68
2021-02-04	7040	67	83992953	76.68
2021-02-05	7054	80	83992953	76.68
2021-02-06	6990	76	83992953	76.68
2021-02-07	7065	57	83992953	76.68
2021-02-08	7321	67	83992953	76.68
2021-02-09	7640	89	83992953	76.68
2021-02-10	7585	61	83992953	76.68
2021-02-11	7474	65	83992953	76.68
2021-02-12	7298	58	83992953	76.68
2021-02-13	7120	74	83992953	76.68
2021-02-14	7390	62	83992953	76.68
2021-02-15	7760	83	83992953	76.68
2021-02-16	8011	89	83992953	76.68
2021-02-17	8042	67	83992953	76.68
2021-02-18	8066	80	83992953	76.68
2021-02-19	8017	77	83992953	76.68
2021-02-20	7922	68	83992953	76.68
2021-02-21	7931	74	83992953	76.68
2021-02-22	8263	89	83992953	76.68
2021-02-23	8330	91	83992953	76.68
2021-02-24	8270	73	83992953	76.68
2021-02-25	8206	94	83992953	76.68
2021-02-26	8103	69	83992953	76.68
2021-02-27	7975	81	83992953	76.68
2021-02-28	8010	93	83992953	76.68
2021-03-01	8510	108	83992953	76.68
2021-03-02	8495	86	83992953	76.68
2021-03-03	8525	86	83992953	76.68
2021-03-04	8404	78	83992953	76.68
2021-03-05	8367	81	83992953	76.68
2021-03-06	8212	82	83992953	76.68
2021-03-07	8010	93	83992953	76.68
2021-03-08	8313	99	83992953	76.68
2021-03-09	8554	81	83992953	76.68
2021-03-10	8603	61	83992953	76.68
2021-03-11	8308	88	83992953	76.68
2021-03-12	8088	53	83992953	76.68
2021-03-13	7802	73	83992953	76.68
2021-03-14	7593	88	83992953	76.68
2021-03-15	7980	100	83992953	76.68
2021-03-16	8380	97	83992953	76.68
2021-03-17	7802	65	83992953	76.68
2021-03-18	7530	89	83992953	76.68
2021-03-19	7620	68	83992953	76.68
2021-03-20	7540	75	83992953	76.68
2021-03-21	7260	73	83992953	76.68
