2020-02-24	1	0	40222503	70.6
2020-02-25	0	0	40222503	70.6
2020-02-26	4	0	40222503	70.6
2020-02-27	2	0	40222503	70.6
2020-02-28	0	0	40222503	70.6
2020-02-29	6	0	40222503	70.6
2020-03-01	6	0	40222503	70.6
2020-03-02	7	0	40222503	70.6
2020-03-03	6	0	40222503	70.6
2020-03-04	3	2	40222503	70.6
2020-03-05	0	0	40222503	70.6
2020-03-06	5	1	40222503	70.6
2020-03-07	14	1	40222503	70.6
2020-03-08	6	2	40222503	70.6
2020-03-09	0	0	40222503	70.6
2020-03-10	11	1	40222503	70.6
2020-03-11	0	0	40222503	70.6
2020-03-12	0	1	40222503	70.6
2020-03-13	30	1	40222503	70.6
2020-03-14	9	1	40222503	70.6
2020-03-15	6	0	40222503	70.6
2020-03-16	8	0	40222503	70.6
2020-03-17	30	1	40222503	70.6
2020-03-18	10	1	40222503	70.6
2020-03-19	28	1	40222503	70.6
2020-03-20	16	4	40222503	70.6
2020-03-21	6	0	40222503	70.6
2020-03-22	19	3	40222503	70.6
2020-03-23	33	3	40222503	70.6
2020-03-24	50	4	40222503	70.6
2020-03-25	30	2	40222503	70.6
2020-03-26	36	7	40222503	70.6
2020-03-27	76	4	40222503	70.6
2020-03-28	48	2	40222503	70.6
2020-03-29	41	0	40222503	70.6
2020-03-30	83	4	40222503	70.6
2020-03-31	64	4	40222503	70.6
2020-04-01	34	2	40222503	70.6
2020-04-02	44	2	40222503	70.6
2020-04-03	48	0	40222503	70.6
2020-04-04	58	2	40222503	70.6
2020-04-05	83	5	40222503	70.6
2020-04-06	70	3	40222503	70.6
2020-04-07	91	1	40222503	70.6
2020-04-08	80	4	40222503	70.6
2020-04-09	30	0	40222503	70.6
2020-04-10	47	1	40222503	70.6
2020-04-11	39	2	40222503	70.6
2020-04-12	34	4	40222503	70.6
2020-04-13	26	2	40222503	70.6
2020-04-14	22	0	40222503	70.6
2020-04-15	15	1	40222503	70.6
2020-04-16	19	1	40222503	70.6
2020-04-17	48	1	40222503	70.6
2020-04-18	31	1	40222503	70.6
2020-04-19	26	0	40222503	70.6
2020-04-20	35	0	40222503	70.6
2020-04-21	28	1	40222503	70.6
2020-04-22	29	0	40222503	70.6
2020-04-23	46	0	40222503	70.6
2020-04-24	31	3	40222503	70.6
2020-04-25	55	0	40222503	70.6
2020-04-26	57	1	40222503	70.6
2020-04-27	27	1	40222503	70.6
2020-04-28	81	2	40222503	70.6
2020-04-29	75	2	40222503	70.6
2020-04-30	82	1	40222503	70.6
2020-05-01	68	1	40222503	70.6
2020-05-02	66	1	40222503	70.6
2020-05-03	77	2	40222503	70.6
2020-05-04	50	1	40222503	70.6
2020-05-05	85	4	40222503	70.6
2020-05-06	49	0	40222503	70.6
2020-05-07	63	0	40222503	70.6
2020-05-08	60	2	40222503	70.6
2020-05-09	76	3	40222503	70.6
2020-05-10	88	2	40222503	70.6
2020-05-11	51	1	40222503	70.6
2020-05-12	95	2	40222503	70.6
2020-05-13	119	3	40222503	70.6
2020-05-14	111	0	40222503	70.6
2020-05-15	50	2	40222503	70.6
2020-05-16	67	4	40222503	70.6
2020-05-17	144	2	40222503	70.6
2020-05-18	150	4	40222503	70.6
2020-05-19	57	4	40222503	70.6
2020-05-20	113	3	40222503	70.6
2020-05-21	153	6	40222503	70.6
2020-05-22	87	7	40222503	70.6
2020-05-23	308	5	40222503	70.6
2020-05-24	197	8	40222503	70.6
2020-05-25	163	3	40222503	70.6
2020-05-26	216	6	40222503	70.6
2020-05-27	287	6	40222503	70.6
2020-05-28	322	4	40222503	70.6
2020-05-29	416	6	40222503	70.6
2020-05-30	306	10	40222503	70.6
2020-05-31	260	10	40222503	70.6
2020-06-01	429	10	40222503	70.6
2020-06-02	519	20	40222503	70.6
2020-06-03	781	21	40222503	70.6
2020-06-04	672	15	40222503	70.6
2020-06-05	1006	14	40222503	70.6
2020-06-06	1252	33	40222503	70.6
2020-06-07	1268	28	40222503	70.6
2020-06-08	1115	24	40222503	70.6
2020-06-09	787	22	40222503	70.6
2020-06-10	1146	34	40222503	70.6
2020-06-11	1261	31	40222503	70.6
2020-06-12	1095	39	40222503	70.6
2020-06-13	1180	53	40222503	70.6
2020-06-14	1259	58	40222503	70.6
2020-06-15	1106	45	40222503	70.6
2020-06-16	1385	60	40222503	70.6
2020-06-17	1554	61	40222503	70.6
2020-06-18	1463	83	40222503	70.6
2020-06-19	1635	69	40222503	70.6
2020-06-20	1870	88	40222503	70.6
2020-06-21	1646	87	40222503	70.6
2020-06-22	1808	67	40222503	70.6
2020-06-23	1826	84	40222503	70.6
2020-06-24	2200	79	40222503	70.6
2020-06-25	2437	107	40222503	70.6
2020-06-26	2054	122	40222503	70.6
2020-06-27	2069	101	40222503	70.6
2020-06-28	2140	96	40222503	70.6
2020-06-29	1749	83	40222503	70.6
2020-06-30	1958	104	40222503	70.6
2020-07-01	2415	107	40222503	70.6
2020-07-02	2184	110	40222503	70.6
2020-07-03	2312	102	40222503	70.6
2020-07-04	2334	106	40222503	70.6
2020-07-05	2125	105	40222503	70.6
2020-07-06	1796	94	40222503	70.6
2020-07-07	2426	118	40222503	70.6
2020-07-08	2741	94	40222503	70.6
2020-07-09	2170	103	40222503	70.6
2020-07-10	2848	78	40222503	70.6
2020-07-11	2734	95	40222503	70.6
2020-07-12	2312	95	40222503	70.6
2020-07-13	2229	100	40222503	70.6
2020-07-14	2022	95	40222503	70.6
2020-07-15	2110	87	40222503	70.6
2020-07-16	2281	90	40222503	70.6
2020-07-17	2023	94	40222503	70.6
2020-07-18	2049	75	40222503	70.6
2020-07-19	2310	90	40222503	70.6
2020-07-20	2163	88	40222503	70.6
2020-07-21	2466	81	40222503	70.6
2020-07-22	2706	92	40222503	70.6
2020-07-23	2361	80	40222503	70.6
2020-07-24	2485	90	40222503	70.6
2020-07-25	2862	72	40222503	70.6
2020-07-26	2459	78	40222503	70.6
2020-07-27	2553	96	40222503	70.6
2020-07-28	2747	77	40222503	70.6
2020-07-29	2968	68	40222503	70.6
2020-07-30	2963	68	40222503	70.6
2020-07-31	3346	70	40222503	70.6
2020-08-01	2095	64	40222503	70.6
2020-08-02	2447	63	40222503	70.6
2020-08-03	2735	66	40222503	70.6
2020-08-04	2836	83	40222503	70.6
2020-08-05	2834	77	40222503	70.6
2020-08-06	3047	67	40222503	70.6
2020-08-07	3461	75	40222503	70.6
2020-08-08	3325	74	40222503	70.6
2020-08-09	2726	82	40222503	70.6
2020-08-10	3484	72	40222503	70.6
2020-08-11	3396	67	40222503	70.6
2020-08-12	3441	57	40222503	70.6
2020-08-13	3841	53	40222503	70.6
2020-08-14	4013	68	40222503	70.6
2020-08-15	4293	76	40222503	70.6
2020-08-16	4348	75	40222503	70.6
2020-08-17	3202	94	40222503	70.6
2020-08-18	4576	82	40222503	70.6
2020-08-19	4093	85	40222503	70.6
2020-08-20	3995	87	40222503	70.6
2020-08-21	4288	75	40222503	70.6
2020-08-22	3965	70	40222503	70.6
2020-08-23	3291	75	40222503	70.6
2020-08-24	3644	91	40222503	70.6
2020-08-25	3962	77	40222503	70.6
2020-08-26	3837	72	40222503	70.6
2020-08-27	3651	72	40222503	70.6
2020-08-28	4177	74	40222503	70.6
2020-08-29	3834	77	40222503	70.6
2020-08-30	3731	68	40222503	70.6
2020-08-31	3757	83	40222503	70.6
2020-09-01	3404	81	40222503	70.6
2020-09-02	3946	78	40222503	70.6
2020-09-03	4755	74	40222503	70.6
2020-09-04	5036	84	40222503	70.6
2020-09-05	4644	63	40222503	70.6
2020-09-06	3651	90	40222503	70.6
2020-09-07	4314	77	40222503	70.6
2020-09-08	4894	68	40222503	70.6
2020-09-09	4243	75	40222503	70.6
2020-09-10	4597	82	40222503	70.6
2020-09-11	4254	67	40222503	70.6
2020-09-12	4106	60	40222503	70.6
2020-09-13	3531	73	40222503	70.6
2020-09-14	4169	72	40222503	70.6
2020-09-15	4224	80	40222503	70.6
2020-09-16	4357	82	40222503	70.6
2020-09-17	4326	84	40222503	70.6
2020-09-18	4305	76	40222503	70.6
2020-09-19	3907	83	40222503	70.6
2020-09-20	3438	64	40222503	70.6
2020-09-21	3821	70	40222503	70.6
2020-09-22	4724	57	40222503	70.6
2020-09-23	5055	72	40222503	70.6
2020-09-24	4471	45	40222503	70.6
2020-09-25	4593	68	40222503	70.6
2020-09-26	4270	68	40222503	70.6
2020-09-27	3481	55	40222503	70.6
2020-09-28	4116	62	40222503	70.6
2020-09-29	4724	70	40222503	70.6
2020-09-30	4691	59	40222503	70.6
2020-10-01	4493	50	40222503	70.6
2020-10-02	4785	67	40222503	70.6
2020-10-03	3672	49	40222503	70.6
2020-10-04	3210	52	40222503	70.6
2020-10-05	3808	65	40222503	70.6
2020-10-06	4172	67	40222503	70.6
2020-10-07	3923	73	40222503	70.6
2020-10-08	3522	79	40222503	70.6
2020-10-09	3214	52	40222503	70.6
2020-10-10	2344	55	40222503	70.6
2020-10-11	2206	62	40222503	70.6
2020-10-12	3107	60	40222503	70.6
2020-10-13	3921	58	40222503	70.6
2020-10-14	3857	51	40222503	70.6
2020-10-15	3587	65	40222503	70.6
2020-10-16	3501	56	40222503	70.6
2020-10-17	3221	56	40222503	70.6
2020-10-18	3110	56	40222503	70.6
2020-10-19	4044	63	40222503	70.6
2020-10-20	3920	49	40222503	70.6
2020-10-21	3667	52	40222503	70.6
2020-10-22	3899	47	40222503	70.6
2020-10-23	3785	48	40222503	70.6
2020-10-24	3204	55	40222503	70.6
2020-10-25	2554	55	40222503	70.6
2020-10-26	3691	48	40222503	70.6
2020-10-27	4510	53	40222503	70.6
2020-10-28	4043	46	40222503	70.6
2020-10-29	3804	45	40222503	70.6
2020-10-30	2878	47	40222503	70.6
2020-10-31	1997	48	40222503	70.6
2020-11-01	2658	56	40222503	70.6
2020-11-02	3413	51	40222503	70.6
2020-11-03	3595	51	40222503	70.6
2020-11-04	3574	60	40222503	70.6
2020-11-05	3701	47	40222503	70.6
2020-11-06	3568	69	40222503	70.6
2020-11-07	2880	39	40222503	70.6
2020-11-08	2530	44	40222503	70.6
2020-11-09	3184	53	40222503	70.6
2020-11-10	3577	52	40222503	70.6
2020-11-11	3198	50	40222503	70.6
2020-11-12	3298	50	40222503	70.6
2020-11-13	2690	48	40222503	70.6
2020-11-14	2419	43	40222503	70.6
2020-11-15	2237	47	40222503	70.6
2020-11-16	2390	42	40222503	70.6
2020-11-17	2961	40	40222503	70.6
2020-11-18	2349	43	40222503	70.6
2020-11-19	2374	39	40222503	70.6
2020-11-20	2543	49	40222503	70.6
2020-11-21	1786	42	40222503	70.6
2020-11-22	1766	33	40222503	70.6
2020-11-23	2136	38	40222503	70.6
2020-11-24	2292	35	40222503	70.6
2020-11-25	2438	55	40222503	70.6
2020-11-26	2483	39	40222503	70.6
2020-11-27	2545	42	40222503	70.6
2020-11-28	1606	33	40222503	70.6
2020-11-29	1614	24	40222503	70.6
2020-11-30	2114	34	40222503	70.6
2020-12-01	2218	48	40222503	70.6
2020-12-02	1961	34	40222503	70.6
2020-12-03	2039	21	40222503	70.6
2020-12-04	1855	26	40222503	70.6
2020-12-05	1898	24	40222503	70.6
2020-12-06	1680	21	40222503	70.6
2020-12-07	1815	28	40222503	70.6
2020-12-08	2123	17	40222503	70.6
2020-12-09	1735	24	40222503	70.6
2020-12-10	1380	25	40222503	70.6
2020-12-11	1347	23	40222503	70.6
2020-12-12	1022	16	40222503	70.6
2020-12-13	1012	14	40222503	70.6
2020-12-14	1338	24	40222503	70.6
2020-12-15	1391	11	40222503	70.6
2020-12-16	1553	22	40222503	70.6
2020-12-17	1533	14	40222503	70.6
2020-12-18	1362	20	40222503	70.6
2020-12-19	1307	10	40222503	70.6
2020-12-20	1027	17	40222503	70.6
2020-12-21	1200	13	40222503	70.6
2020-12-22	1158	15	40222503	70.6
2020-12-23	1173	12	40222503	70.6
2020-12-24	1127	7	40222503	70.6
2020-12-25	1140	11	40222503	70.6
2020-12-26	836	12	40222503	70.6
2020-12-27	818	13	40222503	70.6
2020-12-28	931	11	40222503	70.6
2020-12-29	1013	9	40222503	70.6
2020-12-30	901	8	40222503	70.6
2020-12-31	849	5	40222503	70.6
2021-01-01	902	11	40222503	70.6
2021-01-02	840	5	40222503	70.6
2021-01-03	741	5	40222503	70.6
2021-01-04	595	10	40222503	70.6
2021-01-05	757	12	40222503	70.6
2021-01-06	839	9	40222503	70.6
2021-01-07	790	4	40222503	70.6
2021-01-08	669	8	40222503	70.6
2021-01-09	907	4	40222503	70.6
2021-01-10	607	14	40222503	70.6
2021-01-11	801	11	40222503	70.6
2021-01-12	810	5	40222503	70.6
2021-01-13	867	4	40222503	70.6
2021-01-14	770	7	40222503	70.6
2021-01-15	805	10	40222503	70.6
2021-01-16	596	3	40222503	70.6
2021-01-17	645	9	40222503	70.6
2021-01-18	797	9	40222503	70.6
2021-01-19	823	9	40222503	70.6
2021-01-20	746	6	40222503	70.6
2021-01-21	809	9	40222503	70.6
2021-01-22	685	7	40222503	70.6
2021-01-23	778	4	40222503	70.6
2021-01-24	893	5	40222503	70.6
2021-01-25	813	7	40222503	70.6
2021-01-26	804	10	40222503	70.6
2021-01-27	879	8	40222503	70.6
2021-01-28	943	6	40222503	70.6
2021-01-29	945	12	40222503	70.6
2021-01-30	775	5	40222503	70.6
2021-01-31	714	6	40222503	70.6
2021-02-01	984	10	40222503	70.6
2021-02-02	1135	11	40222503	70.6
2021-02-03	1317	11	40222503	70.6
2021-02-04	1150	12	40222503	70.6
2021-02-05	1534	12	40222503	70.6
2021-02-06	1660	8	40222503	70.6
2021-02-07	1134	9	40222503	70.6
2021-02-08	1713	6	40222503	70.6
2021-02-09	1994	8	40222503	70.6
2021-02-10	2282	6	40222503	70.6
2021-02-11	2369	4	40222503	70.6
2021-02-12	2530	13	40222503	70.6
2021-02-13	2190	7	40222503	70.6
2021-02-14	2224	15	40222503	70.6
2021-02-15	2798	6	40222503	70.6
2021-02-16	3332	7	40222503	70.6
2021-02-17	3575	12	40222503	70.6
2021-02-18	3896	16	40222503	70.6
2021-02-19	4024	12	40222503	70.6
2021-02-20	3273	13	40222503	70.6
2021-02-21	3187	27	40222503	70.6
2021-02-22	3864	23	40222503	70.6
2021-02-23	4181	16	40222503	70.6
2021-02-24	4306	13	40222503	70.6
2021-02-25	4074	27	40222503	70.6
2021-02-26	4336	14	40222503	70.6
2021-02-27	3543	18	40222503	70.6
2021-02-28	3248	23	40222503	70.6
2021-03-01	3599	22	40222503	70.6
2021-03-02	4690	30	40222503	70.6
2021-03-03	5173	25	40222503	70.6
2021-03-04	5043	24	40222503	70.6
2021-03-05	5127	30	40222503	70.6
2021-03-06	4068	11	40222503	70.6
2021-03-07	3359	24	40222503	70.6
2021-03-08	4468	24	40222503	70.6
2021-03-09	4610	22	40222503	70.6
2021-03-10	4846	27	40222503	70.6
2021-03-11	5170	26	40222503	70.6
2021-03-12	4622	25	40222503	70.6
2021-03-13	4054	23	40222503	70.6
2021-03-14	3866	32	40222503	70.6
2021-03-15	4901	37	40222503	70.6
2021-03-16	5267	39	40222503	70.6
2021-03-17	5663	33	40222503	70.6
2021-03-18	5443	36	40222503	70.6
2021-03-19	5258	41	40222503	70.6
2021-03-20	4674	32	40222503	70.6
2021-03-21	4502	38	40222503	70.6
