2020-02-02	0	0	4937796	82.3
2020-02-09	0	0	4937796	82.3
2020-02-15	0	0	4937796	82.3
2020-02-23	0	0	4937796	82.3
2020-02-29	1	0	4937796	82.3
2020-03-01	0	0	4937796	82.3
2020-03-02	0	0	4937796	82.3
2020-03-03	1	0	4937796	82.3
2020-03-04	4	0	4937796	82.3
2020-03-05	0	0	4937796	82.3
2020-03-06	12	0	4937796	82.3
2020-03-07	0	0	4937796	82.3
2020-03-08	1	0	4937796	82.3
2020-03-09	2	0	4937796	82.3
2020-03-10	13	0	4937796	82.3
2020-03-11	9	1	4937796	82.3
2020-03-12	0	0	4937796	82.3
2020-03-13	47	0	4937796	82.3
2020-03-14	39	1	4937796	82.3
2020-03-15	0	0	4937796	82.3
2020-03-16	40	0	4937796	82.3
2020-03-17	54	0	4937796	82.3
2020-03-18	69	0	4937796	82.3
2020-03-19	265	1	4937796	82.3
2020-03-20	126	0	4937796	82.3
2020-03-21	102	0	4937796	82.3
2020-03-22	121	1	4937796	82.3
2020-03-23	219	2	4937796	82.3
2020-03-24	204	1	4937796	82.3
2020-03-25	235	2	4937796	82.3
2020-03-26	255	10	4937796	82.3
2020-03-27	302	3	4937796	82.3
2020-03-28	294	14	4937796	82.3
2020-03-29	200	10	4937796	82.3
2020-03-30	295	8	4937796	82.3
2020-03-31	325	17	4937796	82.3
2020-04-01	212	14	4937796	82.3
2020-04-02	402	13	4937796	82.3
2020-04-03	424	22	4937796	82.3
2020-04-04	331	17	4937796	82.3
2020-04-05	390	21	4937796	82.3
2020-04-06	370	16	4937796	82.3
2020-04-07	345	36	4937796	82.3
2020-04-08	365	25	4937796	82.3
2020-04-09	500	28	4937796	82.3
2020-04-10	1515	24	4937796	82.3
2020-04-11	839	33	4937796	82.3
2020-04-12	727	14	4937796	82.3
2020-04-13	992	31	4937796	82.3
2020-04-14	832	41	4937796	82.3
2020-04-15	1068	38	4937796	82.3
2020-04-16	724	42	4937796	82.3
2020-04-17	709	44	4937796	82.3
2020-04-18	778	41	4937796	82.3
2020-04-19	493	39	4937796	82.3
2020-04-20	401	77	4937796	82.3
2020-04-21	388	43	4937796	82.3
2020-04-22	631	39	4937796	82.3
2020-04-23	936	25	4937796	82.3
2020-04-24	577	220	4937796	82.3
2020-04-25	377	49	4937796	82.3
2020-04-26	701	24	4937796	82.3
2020-04-27	386	15	4937796	82.3
2020-04-28	229	57	4937796	82.3
2020-04-29	376	31	4937796	82.3
2020-04-30	359	42	4937796	82.3
2020-05-01	221	33	4937796	82.3
2020-05-02	343	21	4937796	82.3
2020-05-03	330	17	4937796	82.3
2020-05-04	266	16	4937796	82.3
2020-05-05	211	20	4937796	82.3
2020-05-06	265	36	4937796	82.3
2020-05-07	137	28	4937796	82.3
2020-05-08	156	26	4937796	82.3
2020-05-09	219	17	4937796	82.3
2020-05-10	236	12	4937796	82.3
2020-05-11	139	9	4937796	82.3
2020-05-12	107	21	4937796	82.3
2020-05-13	159	9	4937796	82.3
2020-05-14	426	9	4937796	82.3
2020-05-15	129	12	4937796	82.3
2020-05-16	92	15	4937796	82.3
2020-05-17	64	10	4937796	82.3
2020-05-18	88	4	4937796	82.3
2020-05-19	51	14	4937796	82.3
2020-05-20	64	10	4937796	82.3
2020-05-21	76	12	4937796	82.3
2020-05-22	115	9	4937796	82.3
2020-05-23	76	12	4937796	82.3
2020-05-24	57	4	4937796	82.3
2020-05-25	59	-2	4937796	82.3
2020-05-26	37	9	4937796	82.3
2020-05-27	68	16	4937796	82.3
2020-05-28	38	8	4937796	82.3
2020-05-29	35	6	4937796	82.3
2020-05-30	53	6	4937796	82.3
2020-05-31	61	1	4937796	82.3
2020-06-01	72	-2	4937796	82.3
2020-06-02	4	8	4937796	82.3
2020-06-03	45	1	4937796	82.3
2020-06-04	31	5	4937796	82.3
2020-06-05	21	6	4937796	82.3
2020-06-06	20	8	4937796	82.3
2020-06-07	18	1	4937796	82.3
2020-06-08	6	4	4937796	82.3
2020-06-09	8	8	4937796	82.3
2020-06-10	16	4	4937796	82.3
2020-06-11	7	8	4937796	82.3
2020-06-12	12	2	4937796	82.3
2020-06-13	45	0	4937796	82.3
2020-06-14	8	1	4937796	82.3
2020-06-15	18	0	4937796	82.3
2020-06-16	13	3	4937796	82.3
2020-06-17	7	1	4937796	82.3
2020-06-18	14	4	4937796	82.3
2020-06-19	13	0	4937796	82.3
2020-06-20	6	1	4937796	82.3
2020-06-21	5	0	4937796	82.3
2020-06-22	4	2	4937796	82.3
2020-06-23	8	3	4937796	82.3
2020-06-24	5	6	4937796	82.3
2020-06-25	9	1	4937796	82.3
2020-06-26	9	3	4937796	82.3
2020-06-27	23	4	4937796	82.3
2020-06-28	2	1	4937796	82.3
2020-06-29	23	0	4937796	82.3
2020-06-30	11	1	4937796	82.3
2020-07-01	4	2	4937796	82.3
2020-07-02	12	0	4937796	82.3
2020-07-03	9	2	4937796	82.3
2020-07-04	11	1	4937796	82.3
2020-07-05	18	0	4937796	82.3
2020-07-06	4	0	4937796	82.3
2020-07-07	7	1	4937796	82.3
2020-07-08	4	-4	4937796	82.3
2020-07-09	23	5	4937796	82.3
2020-07-10	24	1	4937796	82.3
2020-07-11	22	2	4937796	82.3
2020-07-12	17	0	4937796	82.3
2020-07-13	10	0	4937796	82.3
2020-07-14	32	0	4937796	82.3
2020-07-15	13	2	4937796	82.3
2020-07-16	15	1	4937796	82.3
2020-07-17	32	3	4937796	82.3
2020-07-18	20	1	4937796	82.3
2020-07-19	10	0	4937796	82.3
2020-07-20	6	0	4937796	82.3
2020-07-21	36	0	4937796	82.3
2020-07-22	17	1	4937796	82.3
2020-07-23	7	9	4937796	82.3
2020-07-24	19	0	4937796	82.3
2020-07-25	24	1	4937796	82.3
2020-07-26	12	0	4937796	82.3
2020-07-27	11	0	4937796	82.3
2020-07-28	37	0	4937796	82.3
2020-07-29	13	0	4937796	82.3
2020-07-30	85	-1	4937796	82.3
2020-07-31	38	0	4937796	82.3
2020-08-01	44	0	4937796	82.3
2020-08-02	53	0	4937796	82.3
2020-08-03	46	0	4937796	82.3
2020-08-04	45	0	4937796	82.3
2020-08-05	50	0	4937796	82.3
2020-08-06	69	5	4937796	82.3
2020-08-07	98	4	4937796	82.3
2020-08-08	174	0	4937796	82.3
2020-08-09	68	0	4937796	82.3
2020-08-10	56	0	4937796	82.3
2020-08-11	33	1	4937796	82.3
2020-08-12	37	1	4937796	82.3
2020-08-13	91	0	4937796	82.3
2020-08-14	66	0	4937796	82.3
2020-08-15	196	0	4937796	82.3
2020-08-16	66	0	4937796	82.3
2020-08-17	56	0	4937796	82.3
2020-08-18	186	1	4937796	82.3
2020-08-19	48	0	4937796	82.3
2020-08-20	129	1	4937796	82.3
2020-08-21	79	0	4937796	82.3
2020-08-22	153	1	4937796	82.3
2020-08-23	61	0	4937796	82.3
2020-08-24	147	0	4937796	82.3
2020-08-25	85	0	4937796	82.3
2020-08-26	162	0	4937796	82.3
2020-08-27	90	0	4937796	82.3
2020-08-28	125	0	4937796	82.3
2020-08-29	142	0	4937796	82.3
2020-08-30	40	0	4937796	82.3
2020-08-31	51	0	4937796	82.3
2020-09-01	214	0	4937796	82.3
2020-09-02	89	0	4937796	82.3
2020-09-03	92	0	4937796	82.3
2020-09-04	97	0	4937796	82.3
2020-09-05	231	0	4937796	82.3
2020-09-06	138	0	4937796	82.3
2020-09-07	102	0	4937796	82.3
2020-09-08	306	1	4937796	82.3
2020-09-09	84	3	4937796	82.3
2020-09-10	196	0	4937796	82.3
2020-09-11	211	0	4937796	82.3
2020-09-12	159	2	4937796	82.3
2020-09-13	255	1	4937796	82.3
2020-09-14	207	0	4937796	82.3
2020-09-15	357	3	4937796	82.3
2020-09-16	250	1	4937796	82.3
2020-09-17	224	1	4937796	82.3
2020-09-18	248	3	4937796	82.3
2020-09-19	267	0	4937796	82.3
2020-09-20	395	0	4937796	82.3
2020-09-21	188	0	4937796	82.3
2020-09-22	323	0	4937796	82.3
2020-09-23	231	2	4937796	82.3
2020-09-24	319	3	4937796	82.3
2020-09-25	321	0	4937796	82.3
2020-09-26	245	5	4937796	82.3
2020-09-27	430	0	4937796	82.3
2020-09-28	387	0	4937796	82.3
2020-09-29	363	1	4937796	82.3
2020-09-30	415	1	4937796	82.3
2020-10-01	442	2	4937796	82.3
2020-10-02	466	-5	4937796	82.3
2020-10-03	605	9	4937796	82.3
2020-10-04	364	0	4937796	82.3
2020-10-05	517	0	4937796	82.3
2020-10-06	424	1	4937796	82.3
2020-10-07	611	5	4937796	82.3
2020-10-08	502	1	4937796	82.3
2020-10-09	617	4	4937796	82.3
2020-10-10	1011	3	4937796	82.3
2020-10-11	814	2	4937796	82.3
2020-10-12	823	1	4937796	82.3
2020-10-13	808	3	4937796	82.3
2020-10-14	1084	5	4937796	82.3
2020-10-15	1186	3	4937796	82.3
2020-10-16	998	3	4937796	82.3
2020-10-17	1251	8	4937796	82.3
2020-10-18	1284	3	4937796	82.3
2020-10-19	1031	0	4937796	82.3
2020-10-20	1263	13	4937796	82.3
2020-10-21	1166	3	4937796	82.3
2020-10-22	1054	3	4937796	82.3
2020-10-23	785	7	4937796	82.3
2020-10-24	847	4	4937796	82.3
2020-10-25	1020	0	4937796	82.3
2020-10-26	939	3	4937796	82.3
2020-10-27	700	5	4937796	82.3
2020-10-28	667	6	4937796	82.3
2020-10-29	863	6	4937796	82.3
2020-10-30	762	6	4937796	82.3
2020-10-31	397	5	4937796	82.3
2020-11-01	546	2	4937796	82.3
2020-11-02	748	2	4937796	82.3
2020-11-03	298	5	4937796	82.3
2020-11-04	435	8	4937796	82.3
2020-11-05	563	3	4937796	82.3
2020-11-06	492	7	4937796	82.3
2020-11-07	317	5	4937796	82.3
2020-11-08	539	2	4937796	82.3
2020-11-09	265	1	4937796	82.3
2020-11-10	230	15	4937796	82.3
2020-11-11	358	2	4937796	82.3
2020-11-12	385	0	4937796	82.3
2020-11-13	467	7	4937796	82.3
2020-11-14	427	6	4937796	82.3
2020-11-15	377	1	4937796	82.3
2020-11-16	453	5	4937796	82.3
2020-11-17	330	11	4937796	82.3
2020-11-18	372	11	4937796	82.3
2020-11-19	415	4	4937796	82.3
2020-11-20	329	8	4937796	82.3
2020-11-21	341	4	4937796	82.3
2020-11-22	318	1	4937796	82.3
2020-11-23	250	0	4937796	82.3
2020-11-24	219	5	4937796	82.3
2020-11-25	257	5	4937796	82.3
2020-11-26	307	3	4937796	82.3
2020-11-27	205	7	4937796	82.3
2020-11-28	243	7	4937796	82.3
2020-11-29	299	2	4937796	82.3
2020-11-30	303	1	4937796	82.3
2020-12-01	254	16	4937796	82.3
2020-12-02	268	5	4937796	82.3
2020-12-03	162	6	4937796	82.3
2020-12-04	263	6	4937796	82.3
2020-12-05	457	13	4937796	82.3
2020-12-06	298	0	4937796	82.3
2020-12-07	222	0	4937796	82.3
2020-12-08	214	-2	4937796	82.3
2020-12-09	218	5	4937796	82.3
2020-12-10	303	15	4937796	82.3
2020-12-11	304	3	4937796	82.3
2020-12-12	249	3	4937796	82.3
2020-12-13	429	1	4937796	82.3
2020-12-14	264	2	4937796	82.3
2020-12-15	327	8	4937796	82.3
2020-12-16	421	6	4937796	82.3
2020-12-17	481	3	4937796	82.3
2020-12-18	576	6	4937796	82.3
2020-12-19	522	5	4937796	82.3
2020-12-20	766	4	4937796	82.3
2020-12-21	725	0	4937796	82.3
2020-12-22	961	13	4937796	82.3
2020-12-23	927	13	4937796	82.3
2020-12-24	918	8	4937796	82.3
2020-12-25	1025	2	4937796	82.3
2020-12-26	1296	6	4937796	82.3
2020-12-27	735	4	4937796	82.3
2020-12-28	765	1	4937796	82.3
2020-12-29	1545	8	4937796	82.3
2020-12-30	1718	13	4937796	82.3
2020-12-31	1622	11	4937796	82.3
2021-01-01	1753	11	4937796	82.3
2021-01-02	3394	4	4937796	82.3
2021-01-03	4961	7	4937796	82.3
2021-01-04	6110	6	4937796	82.3
2021-01-05	5325	17	4937796	82.3
2021-01-06	7832	17	4937796	82.3
2021-01-07	6503	8	4937796	82.3
2021-01-08	8227	20	4937796	82.3
2021-01-09	4843	9	4937796	82.3
2021-01-10	6886	8	4937796	82.3
2021-01-11	4926	8	4937796	82.3
2021-01-12	3052	45	4937796	82.3
2021-01-13	3553	63	4937796	82.3
2021-01-14	3913	28	4937796	82.3
2021-01-15	3491	48	4937796	82.3
2021-01-16	3232	59	4937796	82.3
2021-01-17	2946	13	4937796	82.3
2021-01-18	2117	8	4937796	82.3
2021-01-19	1996	92	4937796	82.3
2021-01-20	2485	60	4937796	82.3
2021-01-21	2598	50	4937796	82.3
2021-01-22	2357	52	4937796	82.3
2021-01-23	1905	77	4937796	82.3
2021-01-24	1370	23	4937796	82.3
2021-01-25	1369	7	4937796	82.3
2021-01-26	928	89	4937796	82.3
2021-01-27	1331	54	4937796	82.3
2021-01-28	1463	47	4937796	82.3
2021-01-29	1247	47	4937796	82.3
2021-01-30	1411	78	4937796	82.3
2021-01-31	1244	15	4937796	82.3
2021-02-01	1006	10	4937796	82.3
2021-02-02	871	101	4937796	82.3
2021-02-03	1006	94	4937796	82.3
2021-02-04	1314	74	4937796	82.3
2021-02-05	1019	35	4937796	82.3
2021-02-06	785	53	4937796	82.3
2021-02-07	1020	12	4937796	82.3
2021-02-08	829	1	4937796	82.3
2021-02-09	543	65	4937796	82.3
2021-02-10	999	42	4937796	82.3
2021-02-11	862	52	4937796	82.3
2021-02-12	919	19	4937796	82.3
2021-02-13	1076	66	4937796	82.3
2021-02-14	786	17	4937796	82.3
2021-02-15	820	0	4937796	82.3
2021-02-16	711	32	4937796	82.3
2021-02-17	638	56	4937796	82.3
2021-02-18	896	46	4937796	82.3
2021-02-19	753	27	4937796	82.3
2021-02-20	978	26	4937796	82.3
2021-02-21	679	1	4937796	82.3
2021-02-22	686	1	4937796	82.3
2021-02-23	557	44	4937796	82.3
2021-02-24	540	56	4937796	82.3
2021-02-25	638	34	4937796	82.3
2021-02-26	773	29	4937796	82.3
2021-02-27	729	13	4937796	82.3
2021-02-28	612	6	4937796	82.3
2021-03-01	681	0	4937796	82.3
2021-03-02	357	14	4937796	82.3
2021-03-03	559	24	4937796	82.3
2021-03-04	460	39	4937796	82.3
2021-03-05	520	9	4937796	82.3
2021-03-06	530	14	4937796	82.3
2021-03-07	520	3	4937796	82.3
2021-03-08	432	0	4937796	82.3
2021-03-09	306	30	4937796	82.3
2021-03-10	631	47	4937796	82.3
2021-03-11	591	10	4937796	82.3
2021-03-12	641	9	4937796	82.3
2021-03-13	538	16	4937796	82.3
2021-03-14	383	0	4937796	82.3
2021-03-15	575	0	4937796	82.3
2021-03-16	347	18	4937796	82.3
2021-03-17	552	14	4937796	82.3
2021-03-18	581	0	4937796	82.3
2021-03-19	510	10	4937796	82.3
2021-03-20	525	9	4937796	82.3
2021-03-21	768	2	4937796	82.3
