2020-02-20	0	0	8655541	82.97
2020-02-21	1	0	8655541	82.97
2020-02-22	0	0	8655541	82.97
2020-02-23	0	0	8655541	82.97
2020-02-24	0	0	8655541	82.97
2020-02-25	0	0	8655541	82.97
2020-02-26	1	0	8655541	82.97
2020-02-27	1	0	8655541	82.97
2020-02-28	3	0	8655541	82.97
2020-02-29	0	0	8655541	82.97
2020-03-01	1	0	8655541	82.97
2020-03-02	5	0	8655541	82.97
2020-03-03	3	0	8655541	82.97
2020-03-04	0	0	8655541	82.97
2020-03-05	6	0	8655541	82.97
2020-03-06	16	0	8655541	82.97
2020-03-07	10	0	8655541	82.97
2020-03-08	9	0	8655541	82.97
2020-03-09	4	0	8655541	82.97
2020-03-10	28	0	8655541	82.97
2020-03-11	-28	0	8655541	82.97
2020-03-12	21	0	8655541	82.97
2020-03-13	31	0	8655541	82.97
2020-03-14	26	0	8655541	82.97
2020-03-15	39	0	8655541	82.97
2020-03-16	74	0	8655541	82.97
2020-03-17	44	0	8655541	82.97
2020-03-18	76	0	8655541	82.97
2020-03-19	15	0	8655541	82.97
2020-03-20	242	1	8655541	82.97
2020-03-21	215	0	8655541	82.97
2020-03-22	237	0	8655541	82.97
2020-03-23	169	0	8655541	82.97
2020-03-24	102	3	8655541	82.97
2020-03-25	1117	1	8655541	82.97
2020-03-26	520	5	8655541	82.97
2020-03-27	433	2	8655541	82.97
2020-03-28	480	1	8655541	82.97
2020-03-29	532	3	8655541	82.97
2020-03-30	546	1	8655541	82.97
2020-03-31	738	4	8655541	82.97
2020-04-01	696	8	8655541	82.97
2020-04-02	719	9	8655541	82.97
2020-04-03	597	5	8655541	82.97
2020-04-04	428	6	8655541	82.97
2020-04-05	583	7	8655541	82.97
2020-04-06	451	8	8655541	82.97
2020-04-07	377	8	8655541	82.97
2020-04-08	338	8	8655541	82.97
2020-04-09	343	9	8655541	82.97
2020-04-10	358	8	8655541	82.97
2020-04-11	345	6	8655541	82.97
2020-04-12	552	6	8655541	82.97
2020-04-13	438	9	8655541	82.97
2020-04-14	399	8	8655541	82.97
2020-04-15	311	13	8655541	82.97
2020-04-16	296	7	8655541	82.97
2020-04-17	298	9	8655541	82.97
2020-04-18	291	11	8655541	82.97
2020-04-19	276	8	8655541	82.97
2020-04-20	299	6	8655541	82.97
2020-04-21	282	9	8655541	82.97
2020-04-22	225	3	8655541	82.97
2020-04-23	276	4	8655541	82.97
2020-04-24	248	3	8655541	82.97
2020-04-25	159	3	8655541	82.97
2020-04-26	83	2	8655541	82.97
2020-04-27	128	4	8655541	82.97
2020-04-28	159	5	8655541	82.97
2020-04-29	82	6	8655541	82.97
2020-04-30	142	6	8655541	82.97
2020-05-01	116	4	8655541	82.97
2020-05-02	57	3	8655541	82.97
2020-05-03	27	3	8655541	82.97
2020-05-04	53	3	8655541	82.97
2020-05-05	32	2	8655541	82.97
2020-05-06	65	1	8655541	82.97
2020-05-07	61	1	8655541	82.97
2020-05-08	33	6	8655541	82.97
2020-05-09	19	3	8655541	82.97
2020-05-10	29	4	8655541	82.97
2020-05-11	39	5	8655541	82.97
2020-05-12	23	3	8655541	82.97
2020-05-13	39	3	8655541	82.97
2020-05-14	22	2	8655541	82.97
2020-05-15	12	0	8655541	82.97
2020-05-16	5	3	8655541	82.97
2020-05-17	15	4	8655541	82.97
2020-05-18	27	3	8655541	82.97
2020-05-19	22	2	8655541	82.97
2020-05-20	15	1	8655541	82.97
2020-05-21	17	0	8655541	82.97
2020-05-22	19	0	8655541	82.97
2020-05-23	5	0	8655541	82.97
2020-05-24	13	1	8655541	82.97
2020-05-25	22	2	8655541	82.97
2020-05-26	50	0	8655541	82.97
2020-05-27	40	2	8655541	82.97
2020-05-28	77	1	8655541	82.97
2020-05-29	113	0	8655541	82.97
2020-05-30	29	0	8655541	82.97
2020-05-31	87	0	8655541	82.97
2020-06-01	100	3	8655541	82.97
2020-06-02	121	2	8655541	82.97
2020-06-03	97	1	8655541	82.97
2020-06-04	142	0	8655541	82.97
2020-06-05	127	1	8655541	82.97
2020-06-06	78	4	8655541	82.97
2020-06-07	140	2	8655541	82.97
2020-06-08	179	0	8655541	82.97
2020-06-09	173	1	8655541	82.97
2020-06-10	240	1	8655541	82.97
2020-06-11	191	0	8655541	82.97
2020-06-12	184	0	8655541	82.97
2020-06-13	149	1	8655541	82.97
2020-06-14	136	2	8655541	82.97
2020-06-15	198	0	8655541	82.97
2020-06-16	300	1	8655541	82.97
2020-06-17	271	0	8655541	82.97
2020-06-18	302	0	8655541	82.97
2020-06-19	310	1	8655541	82.97
2020-06-20	159	1	8655541	82.97
2020-06-21	173	0	8655541	82.97
2020-06-22	345	1	8655541	82.97
2020-06-23	451	2	8655541	82.97
2020-06-24	487	3	8655541	82.97
2020-06-25	516	4	8655541	82.97
2020-06-26	464	3	8655541	82.97
2020-06-27	398	3	8655541	82.97
2020-06-28	385	2	8655541	82.97
2020-06-29	757	0	8655541	82.97
2020-06-30	786	1	8655541	82.97
2020-07-01	972	3	8655541	82.97
2020-07-02	1146	1	8655541	82.97
2020-07-03	939	3	8655541	82.97
2020-07-04	821	5	8655541	82.97
2020-07-05	831	2	8655541	82.97
2020-07-06	1134	8	8655541	82.97
2020-07-07	1390	5	8655541	82.97
2020-07-08	1327	5	8655541	82.97
2020-07-09	1525	5	8655541	82.97
2020-07-10	1409	4	8655541	82.97
2020-07-11	1168	5	8655541	82.97
2020-07-12	1238	7	8655541	82.97
2020-07-13	1720	4	8655541	82.97
2020-07-14	1604	7	8655541	82.97
2020-07-15	1877	6	8655541	82.97
2020-07-16	1939	9	8655541	82.97
2020-07-17	1605	12	8655541	82.97
2020-07-18	1448	8	8655541	82.97
2020-07-19	1016	10	8655541	82.97
2020-07-20	1887	12	8655541	82.97
2020-07-21	2006	9	8655541	82.97
2020-07-22	2044	6	8655541	82.97
2020-07-23	1990	16	8655541	82.97
2020-07-24	1830	8	8655541	82.97
2020-07-25	1112	7	8655541	82.97
2020-07-26	1042	11	8655541	82.97
2020-07-27	2048	7	8655541	82.97
2020-07-28	2125	8	8655541	82.97
2020-07-29	1954	15	8655541	82.97
2020-07-30	1787	15	8655541	82.97
2020-07-31	1362	14	8655541	82.97
2020-08-01	625	14	8655541	82.97
2020-08-02	708	11	8655541	82.97
2020-08-03	1800	15	8655541	82.97
2020-08-04	1729	11	8655541	82.97
2020-08-05	1690	10	8655541	82.97
2020-08-06	1677	9	8655541	82.97
2020-08-07	1764	12	8655541	82.97
2020-08-08	754	13	8655541	82.97
2020-08-09	924	7	8655541	82.97
2020-08-10	1704	15	8655541	82.97
2020-08-11	1823	11	8655541	82.97
2020-08-12	1622	15	8655541	82.97
2020-08-13	1643	16	8655541	82.97
2020-08-14	1388	12	8655541	82.97
2020-08-15	757	10	8655541	82.97
2020-08-16	1068	19	8655541	82.97
2020-08-17	1650	4	8655541	82.97
2020-08-18	1649	14	8655541	82.97
2020-08-19	1640	12	8655541	82.97
2020-08-20	1487	12	8655541	82.97
2020-08-21	1493	13	8655541	82.97
2020-08-22	711	10	8655541	82.97
2020-08-23	965	13	8655541	82.97
2020-08-24	1900	16	8655541	82.97
2020-08-25	1956	19	8655541	82.97
2020-08-26	1953	11	8655541	82.97
2020-08-27	2071	11	8655541	82.97
2020-08-28	1832	12	8655541	82.97
2020-08-29	910	5	8655541	82.97
2020-08-30	1101	14	8655541	82.97
2020-08-31	2178	23	8655541	82.97
2020-09-01	2252	15	8655541	82.97
2020-09-02	3193	14	8655541	82.97
2020-09-03	2661	16	8655541	82.97
2020-09-04	2623	12	8655541	82.97
2020-09-05	1505	15	8655541	82.97
2020-09-06	2177	12	8655541	82.97
2020-09-07	3388	17	8655541	82.97
2020-09-08	3489	20	8655541	82.97
2020-09-09	3996	15	8655541	82.97
2020-09-10	4161	14	8655541	82.97
2020-09-11	3975	20	8655541	82.97
2020-09-12	2719	15	8655541	82.97
2020-09-13	3175	17	8655541	82.97
2020-09-14	4805	20	8655541	82.97
2020-09-15	5539	16	8655541	82.97
2020-09-16	4574	26	8655541	82.97
2020-09-17	5385	18	8655541	82.97
2020-09-18	5340	20	8655541	82.97
2020-09-19	3809	27	8655541	82.97
2020-09-20	2579	21	8655541	82.97
2020-09-21	3866	31	8655541	82.97
2020-09-22	7021	26	8655541	82.97
2020-09-23	7125	25	8655541	82.97
2020-09-24	8234	31	8655541	82.97
2020-09-25	8390	30	8655541	82.97
2020-09-26	5882	25	8655541	82.97
2020-09-27	3414	32	8655541	82.97
2020-09-28	1159	29	8655541	82.97
2020-09-29	4991	35	8655541	82.97
2020-09-30	9078	37	8655541	82.97
2020-10-01	7731	46	8655541	82.97
2020-10-02	7058	25	8655541	82.97
2020-10-03	2593	37	8655541	82.97
2020-10-04	2937	36	8655541	82.97
2020-10-05	5721	27	8655541	82.97
2020-10-06	4724	45	8655541	82.97
2020-10-07	4165	26	8655541	82.97
2020-10-08	3755	47	8655541	82.97
2020-10-09	2963	40	8655541	82.97
2020-10-10	916	35	8655541	82.97
2020-10-11	1646	46	8655541	82.97
2020-10-12	3169	30	8655541	82.97
2020-10-13	2336	38	8655541	82.97
2020-10-14	2117	35	8655541	82.97
2020-10-15	1612	31	8655541	82.97
2020-10-16	1500	34	8655541	82.97
2020-10-17	411	32	8655541	82.97
2020-10-18	922	33	8655541	82.97
2020-10-19	1517	31	8655541	82.97
2020-10-20	1193	20	8655541	82.97
2020-10-21	1172	25	8655541	82.97
2020-10-22	1032	29	8655541	82.97
2020-10-23	849	26	8655541	82.97
2020-10-24	246	27	8655541	82.97
2020-10-25	607	35	8655541	82.97
2020-10-26	884	28	8655541	82.97
2020-10-27	887	28	8655541	82.97
2020-10-28	723	10	8655541	82.97
2020-10-29	644	19	8655541	82.97
2020-10-30	680	11	8655541	82.97
2020-10-31	228	25	8655541	82.97
2020-11-01	658	19	8655541	82.97
2020-11-02	788	16	8655541	82.97
2020-11-03	846	26	8655541	82.97
2020-11-04	769	17	8655541	82.97
2020-11-05	570	13	8655541	82.97
2020-11-06	691	16	8655541	82.97
2020-11-07	212	8	8655541	82.97
2020-11-08	534	7	8655541	82.97
2020-11-09	719	6	8655541	82.97
2020-11-10	675	10	8655541	82.97
2020-11-11	763	7	8655541	82.97
2020-11-12	836	12	8655541	82.97
2020-11-13	761	5	8655541	82.97
2020-11-14	292	12	8655541	82.97
2020-11-15	625	9	8655541	82.97
2020-11-16	873	7	8655541	82.97
2020-11-17	829	12	8655541	82.97
2020-11-18	795	7	8655541	82.97
2020-11-19	770	8	8655541	82.97
2020-11-20	774	6	8655541	82.97
2020-11-21	422	12	8655541	82.97
2020-11-22	765	17	8655541	82.97
2020-11-23	959	7	8655541	82.97
2020-11-24	857	6	8655541	82.97
2020-11-25	1079	5	8655541	82.97
2020-11-26	1085	9	8655541	82.97
2020-11-27	1032	6	8655541	82.97
2020-11-28	580	10	8655541	82.97
2020-11-29	1025	8	8655541	82.97
2020-11-30	1258	8	8655541	82.97
2020-12-01	1198	10	8655541	82.97
2020-12-02	1579	4	8655541	82.97
2020-12-03	1438	9	8655541	82.97
2020-12-04	695	1	8655541	82.97
2020-12-05	1725	13	8655541	82.97
2020-12-06	1080	8	8655541	82.97
2020-12-07	1891	7	8655541	82.97
2020-12-08	1488	8	8655541	82.97
2020-12-09	1986	2	8655541	82.97
2020-12-10	2126	27	8655541	82.97
2020-12-11	872	8	8655541	82.97
2020-12-12	2517	14	8655541	82.97
2020-12-13	1390	16	8655541	82.97
2020-12-14	2330	5	8655541	82.97
2020-12-15	1124	10	8655541	82.97
2020-12-16	4412	20	8655541	82.97
2020-12-17	2933	16	8655541	82.97
2020-12-18	2177	7	8655541	82.97
2020-12-19	2734	17	8655541	82.97
2020-12-20	1874	25	8655541	82.97
2020-12-21	3499	12	8655541	82.97
2020-12-22	4228	25	8655541	82.97
2020-12-23	2535	14	8655541	82.97
2020-12-24	4656	21	8655541	82.97
2020-12-25	4713	15	8655541	82.97
2020-12-26	4273	24	8655541	82.97
2020-12-27	2806	16	8655541	82.97
2020-12-28	5815	30	8655541	82.97
2020-12-29	5113	36	8655541	82.97
2020-12-30	4186	15	8655541	82.97
2020-12-31	6678	18	8655541	82.97
2021-01-01	5248	31	8655541	82.97
2021-01-02	6289	36	8655541	82.97
2021-01-03	6743	24	8655541	82.97
2021-01-04	6631	29	8655541	82.97
2021-01-05	7966	51	8655541	82.97
2021-01-06	7309	33	8655541	82.97
2021-01-07	7600	23	8655541	82.97
2021-01-08	6309	44	8655541	82.97
2021-01-09	8077	49	8655541	82.97
2021-01-10	5885	26	8655541	82.97
2021-01-11	9754	33	8655541	82.97
2021-01-12	8990	67	8655541	82.97
2021-01-13	9997	46	8655541	82.97
2021-01-14	9754	53	8655541	82.97
2021-01-15	5235	40	8655541	82.97
2021-01-16	8450	49	8655541	82.97
2021-01-17	8190	46	8655541	82.97
2021-01-18	6560	39	8655541	82.97
2021-01-19	7380	36	8655541	82.97
2021-01-20	10213	101	8655541	82.97
2021-01-21	7027	64	8655541	82.97
2021-01-22	6159	21	8655541	82.97
2021-01-23	4933	75	8655541	82.97
2021-01-24	3442	78	8655541	82.97
2021-01-25	3666	79	8655541	82.97
2021-01-26	8587	15	8655541	82.97
2021-01-27	11934	92	8655541	82.97
2021-01-28	7305	64	8655541	82.97
2021-01-29	5096	31	8655541	82.97
2021-01-30	4798	38	8655541	82.97
2021-01-31	4646	58	8655541	82.97
2021-02-01	8811	20	8655541	82.97
2021-02-02	7732	71	8655541	82.97
2021-02-03	8896	61	8655541	82.97
2021-02-04	6744	53	8655541	82.97
2021-02-05	5238	19	8655541	82.97
2021-02-06	4727	51	8655541	82.97
2021-02-07	6518	50	8655541	82.97
2021-02-08	4427	50	8655541	82.97
2021-02-09	7191	45	8655541	82.97
2021-02-10	6010	41	8655541	82.97
2021-02-11	5083	26	8655541	82.97
2021-02-12	3934	21	8655541	82.97
2021-02-13	3100	47	8655541	82.97
2021-02-14	2534	37	8655541	82.97
2021-02-15	5913	26	8655541	82.97
2021-02-16	4282	27	8655541	82.97
2021-02-17	4054	32	8655541	82.97
2021-02-18	3305	36	8655541	82.97
2021-02-19	2579	17	8655541	82.97
2021-02-20	0	0	8655541	82.97
2021-02-21	5530	51	8655541	82.97
2021-02-22	4955	19	8655541	82.97
2021-02-23	4574	38	8655541	82.97
2021-02-24	4184	26	8655541	82.97
2021-02-25	3970	27	8655541	82.97
2021-02-26	3054	10	8655541	82.97
2021-02-27	2555	35	8655541	82.97
2021-02-28	2472	20	8655541	82.97
2021-03-01	4151	8	8655541	82.97
2021-03-02	5260	30	8655541	82.97
2021-03-03	4267	13	8655541	82.97
2021-03-04	3922	19	8655541	82.97
2021-03-05	3058	12	8655541	82.97
2021-03-06	3262	22	8655541	82.97
2021-03-07	1848	35	8655541	82.97
2021-03-08	3541	26	8655541	82.97
2021-03-09	3146	16	8655541	82.97
2021-03-10	3230	17	8655541	82.97
2021-03-11	2758	17	8655541	82.97
2021-03-12	1948	13	8655541	82.97
2021-03-13	1601	8	8655541	82.97
2021-03-14	1178	23	8655541	82.97
2021-03-15	1936	19	8655541	82.97
2021-03-16	1790	18	8655541	82.97
2021-03-17	1475	9	8655541	82.97
2021-03-18	1384	12	8655541	82.97
2021-03-19	1047	4	8655541	82.97
2021-03-20	611	9	8655541	82.97
2021-03-21	552	10	8655541	82.97
