2020-01-31		2		0		60461828		83.51
2020-02-01		0		0		60461828		83.51
2020-02-02		0		0		60461828		83.51
2020-02-03		0		0		60461828		83.51
2020-02-04		0		0		60461828		83.51
2020-02-05		0		0		60461828		83.51
2020-02-06		0		0		60461828		83.51
2020-02-07		1		0		60461828		83.51
2020-02-08		0		0		60461828		83.51
2020-02-09		0		0		60461828		83.51
2020-02-10		0		0		60461828		83.51
2020-02-11		0		0		60461828		83.51
2020-02-12		0		0		60461828		83.51
2020-02-13		0		0		60461828		83.51
2020-02-14		0		0		60461828		83.51
2020-02-15		0		0		60461828		83.51
2020-02-16		0		0		60461828		83.51
2020-02-17		0		0		60461828		83.51
2020-02-18		0		0		60461828		83.51
2020-02-19		0		0		60461828		83.51
2020-02-20		0		0		60461828		83.51
2020-02-21		17		1		60461828		83.51
2020-02-22		42		1		60461828		83.51
2020-02-23		93		1		60461828		83.51
2020-02-24		74		4		60461828		83.51
2020-02-25		93		3		60461828		83.51
2020-02-26		131		2		60461828		83.51
2020-02-27		202		5		60461828		83.51
2020-02-28		233		4		60461828		83.51
2020-02-29		240		8		60461828		83.51
2020-03-01		566		5		60461828		83.51
2020-03-02		342		18		60461828		83.51
2020-03-03		466		27		60461828		83.51
2020-03-04		587		28		60461828		83.51
2020-03-05		769		41		60461828		83.51
2020-03-06		778		49		60461828		83.51
2020-03-07		1247		36		60461828		83.51
2020-03-08		1492		133		60461828		83.51
2020-03-09		1797		97		60461828		83.51
2020-03-10		977		168		60461828		83.51
2020-03-11		2313		196		60461828		83.51
2020-03-12		2651		189		60461828		83.51
2020-03-13		2547		250		60461828		83.51
2020-03-14		3497		175		60461828		83.51
2020-03-15		3590		368		60461828		83.51
2020-03-16		3233		349		60461828		83.51
2020-03-17		3526		345		60461828		83.51
2020-03-18		4207		475		60461828		83.51
2020-03-19		5322		427		60461828		83.51
2020-03-20		5986		627		60461828		83.51
2020-03-21		6557		793		60461828		83.51
2020-03-22		5560		651		60461828		83.51
2020-03-23		4789		601		60461828		83.51
2020-03-24		5249		743		60461828		83.51
2020-03-25		5210		683		60461828		83.51
2020-03-26		6203		712		60461828		83.51
2020-03-27		5909		919		60461828		83.51
2020-03-28		5974		889		60461828		83.51
2020-03-29		5217		756		60461828		83.51
2020-03-30		4050		812		60461828		83.51
2020-03-31		4053		837		60461828		83.51
2020-04-01		4782		727		60461828		83.51
2020-04-02		4668		760		60461828		83.51
2020-04-03		4585		766		60461828		83.51
2020-04-04		4805		681		60461828		83.51
2020-04-05		4316		525		60461828		83.51
2020-04-06		3599		636		60461828		83.51
2020-04-07		3039		604		60461828		83.51
2020-04-08		3836		542		60461828		83.51
2020-04-09		4204		610		60461828		83.51
2020-04-10		3951		570		60461828		83.51
2020-04-11		4694		619		60461828		83.51
2020-04-12		4092		431		60461828		83.51
2020-04-13		3153		566		60461828		83.51
2020-04-14		2972		602		60461828		83.51
2020-04-15		2667		578		60461828		83.51
2020-04-16		3786		525		60461828		83.51
2020-04-17		3493		575		60461828		83.51
2020-04-18		3491		482		60461828		83.51
2020-04-19		3047		433		60461828		83.51
2020-04-20		2256		454		60461828		83.51
2020-04-21		2729		534		60461828		83.51
2020-04-22		3370		437		60461828		83.51
2020-04-23		2646		464		60461828		83.51
2020-04-24		3021		420		60461828		83.51
2020-04-25		2357		415		60461828		83.51
2020-04-26		2324		260		60461828		83.51
2020-04-27		1739		333		60461828		83.51
2020-04-28		2091		382		60461828		83.51
2020-04-29		2086		323		60461828		83.51
2020-04-30		1872		285		60461828		83.51
2020-05-01		1965		269		60461828		83.51
2020-05-02		1900		474		60461828		83.51
2020-05-03		1389		174		60461828		83.51
2020-05-04		1221		195		60461828		83.51
2020-05-05		1075		236		60461828		83.51
2020-05-06		1444		369		60461828		83.51
2020-05-07		1401		274		60461828		83.51
2020-05-08		1327		243		60461828		83.51
2020-05-09		1083		194		60461828		83.51
2020-05-10		802		165		60461828		83.51
2020-05-11		744		179		60461828		83.51
2020-05-12		1402		172		60461828		83.51
2020-05-13		888		195		60461828		83.51
2020-05-14		992		262		60461828		83.51
2020-05-15		789		242		60461828		83.51
2020-05-16		875		153		60461828		83.51
2020-05-17		675		145		60461828		83.51
2020-05-18		451		99		60461828		83.51
2020-05-19		813		162		60461828		83.51
2020-05-20		665		161		60461828		83.51
2020-05-21		642		156		60461828		83.51
2020-05-22		652		130		60461828		83.51
2020-05-23		669		119		60461828		83.51
2020-05-24		531		50		60461828		83.51
2020-05-25		300		92		60461828		83.51
2020-05-26		397		78		60461828		83.51
2020-05-27		584		117		60461828		83.51
2020-05-28		593		70		60461828		83.51
2020-05-29		516		87		60461828		83.51
2020-05-30		416		111		60461828		83.51
2020-05-31		333		75		60461828		83.51
2020-06-01		200		60		60461828		83.51
2020-06-02		318		55		60461828		83.51
2020-06-03		321		71		60461828		83.51
2020-06-04		177		88		60461828		83.51
2020-06-05		518		85		60461828		83.51
2020-06-06		270		72		60461828		83.51
2020-06-07		197		53		60461828		83.51
2020-06-08		280		65		60461828		83.51
2020-06-09		283		79		60461828		83.51
2020-06-10		202		71		60461828		83.51
2020-06-11		379		53		60461828		83.51
2020-06-12		163		56		60461828		83.51
2020-06-13		346		78		60461828		83.51
2020-06-14		338		44		60461828		83.51
2020-06-15		301		26		60461828		83.51
2020-06-16		210		34		60461828		83.51
2020-06-17		328		43		60461828		83.51
2020-06-18		331		66		60461828		83.51
2020-06-19		-148		47		60461828		83.51
2020-06-20		264		49		60461828		83.51
2020-06-21		224		24		60461828		83.51
2020-06-22		221		23		60461828		83.51
2020-06-23		113		18		60461828		83.51
2020-06-24		577		-31		60461828		83.51
2020-06-25		296		34		60461828		83.51
2020-06-26		255		30		60461828		83.51
2020-06-27		175		8		60461828		83.51
2020-06-28		174		22		60461828		83.51
2020-06-29		126		6		60461828		83.51
2020-06-30		142		23		60461828		83.51
2020-07-01		182		21		60461828		83.51
2020-07-02		201		30		60461828		83.51
2020-07-03		223		15		60461828		83.51
2020-07-04		235		21		60461828		83.51
2020-07-05		192		7		60461828		83.51
2020-07-06		208		8		60461828		83.51
2020-07-07		137		30		60461828		83.51
2020-07-08		193		15		60461828		83.51
2020-07-09		214		12		60461828		83.51
2020-07-10		276		12		60461828		83.51
2020-07-11		188		7		60461828		83.51
2020-07-12		234		9		60461828		83.51
2020-07-13		169		13		60461828		83.51
2020-07-14		114		17		60461828		83.51
2020-07-15		162		13		60461828		83.51
2020-07-16		230		20		60461828		83.51
2020-07-17		231		11		60461828		83.51
2020-07-18		249		14		60461828		83.51
2020-07-19		218		3		60461828		83.51
2020-07-20		190		13		60461828		83.51
2020-07-21		128		15		60461828		83.51
2020-07-22		280		9		60461828		83.51
2020-07-23		306		10		60461828		83.51
2020-07-24		252		5		60461828		83.51
2020-07-25		274		5		60461828		83.51
2020-07-26		254		5		60461828		83.51
2020-07-27		168		5		60461828		83.51
2020-07-28		202		11		60461828		83.51
2020-07-29		288		6		60461828		83.51
2020-07-30		382		3		60461828		83.51
2020-07-31		379		9		60461828		83.51
2020-08-01		295		5		60461828		83.51
2020-08-02		238		8		60461828		83.51
2020-08-03		159		12		60461828		83.51
2020-08-04		190		5		60461828		83.51
2020-08-05		384		10		60461828		83.51
2020-08-06		401		6		60461828		83.51
2020-08-07		552		3		60461828		83.51
2020-08-08		347		13		60461828		83.51
2020-08-09		463		2		60461828		83.51
2020-08-10		259		4		60461828		83.51
2020-08-11		412		6		60461828		83.51
2020-08-12		476		10		60461828		83.51
2020-08-13		522		6		60461828		83.51
2020-08-14		574		3		60461828		83.51
2020-08-15		629		158		60461828		83.51
2020-08-16		477		4		60461828		83.51
2020-08-17		320		4		60461828		83.51
2020-08-18		401		5		60461828		83.51
2020-08-19		642		7		60461828		83.51
2020-08-20		840		6		60461828		83.51
2020-08-21		947		9		60461828		83.51
2020-08-22		1071		3		60461828		83.51
2020-08-23		1209		7		60461828		83.51
2020-08-24		953		4		60461828		83.51
2020-08-25		876		4		60461828		83.51
2020-08-26		1366		13		60461828		83.51
2020-08-27		1409		5		60461828		83.51
2020-08-28		1460		9		60461828		83.51
2020-08-29		1444		1		60461828		83.51
2020-08-30		1365		4		60461828		83.51
2020-08-31		996		6		60461828		83.51
2020-09-01		975		8		60461828		83.51
2020-09-02		1326		6		60461828		83.51
2020-09-03		1397		10		60461828		83.51
2020-09-04		1732		11		60461828		83.51
2020-09-05		1694		16		60461828		83.51
2020-09-06		1296		7		60461828		83.51
2020-09-07		1150		12		60461828		83.51
2020-09-08		1369		10		60461828		83.51
2020-09-09		1430		14		60461828		83.51
2020-09-10		1597		10		60461828		83.51
2020-09-11		1616		10		60461828		83.51
2020-09-12		1501		6		60461828		83.51
2020-09-13		1456		7		60461828		83.51
2020-09-14		1008		14		60461828		83.51
2020-09-15		1229		9		60461828		83.51
2020-09-16		1452		12		60461828		83.51
2020-09-17		1583		13		60461828		83.51
2020-09-18		1907		10		60461828		83.51
2020-09-19		1637		24		60461828		83.51
2020-09-20		1587		15		60461828		83.51
2020-09-21		1350		17		60461828		83.51
2020-09-22		1391		14		60461828		83.51
2020-09-23		1640		20		60461828		83.51
2020-09-24		1786		23		60461828		83.51
2020-09-25		1912		20		60461828		83.51
2020-09-26		1869		17		60461828		83.51
2020-09-27		1766		17		60461828		83.51
2020-09-28		1494		16		60461828		83.51
2020-09-29		1647		24		60461828		83.51
2020-09-30		1850		19		60461828		83.51
2020-10-01		2548		24		60461828		83.51
2020-10-02		2499		23		60461828		83.51
2020-10-03		2843		27		60461828		83.51
2020-10-04		2578		18		60461828		83.51
2020-10-05		2257		16		60461828		83.51
2020-10-06		2677		28		60461828		83.51
2020-10-07		3677		31		60461828		83.51
2020-10-08		4458		22		60461828		83.51
2020-10-09		5372		28		60461828		83.51
2020-10-10		5724		29		60461828		83.51
2020-10-11		5456		26		60461828		83.51
2020-10-12		4619		39		60461828		83.51
2020-10-13		5898		41		60461828		83.51
2020-10-14		7332		43		60461828		83.51
2020-10-15		8803		83		60461828		83.51
2020-10-16		10009		55		60461828		83.51
2020-10-17		10925		47		60461828		83.51
2020-10-18		11705		69		60461828		83.51
2020-10-19		9337		73		60461828		83.51
2020-10-20		10871		89		60461828		83.51
2020-10-21		15199		127		60461828		83.51
2020-10-22		16078		136		60461828		83.51
2020-10-23		19143		91		60461828		83.51
2020-10-24		19640		151		60461828		83.51
2020-10-25		21273		128		60461828		83.51
2020-10-26		17007		141		60461828		83.51
2020-10-27		21989		221		60461828		83.51
2020-10-28		24988		205		60461828		83.51
2020-10-29		26829		217		60461828		83.51
2020-10-30		31079		199		60461828		83.51
2020-10-31		31756		297		60461828		83.51
2020-11-01		29905		208		60461828		83.51
2020-11-02		22253		233		60461828		83.51
2020-11-03		28241		353		60461828		83.51
2020-11-04		30548		352		60461828		83.51
2020-11-05		34502		428		60461828		83.51
2020-11-06		37802		446		60461828		83.51
2020-11-07		39809		425		60461828		83.51
2020-11-08		32614		331		60461828		83.51
2020-11-09		25269		356		60461828		83.51
2020-11-10		35090		580		60461828		83.51
2020-11-11		32961		623		60461828		83.51
2020-11-12		37977		636		60461828		83.51
2020-11-13		40902		550		60461828		83.51
2020-11-14		37249		544		60461828		83.51
2020-11-15		33977		546		60461828		83.51
2020-11-16		27352		504		60461828		83.51
2020-11-17		32191		731		60461828		83.51
2020-11-18		34280		753		60461828		83.51
2020-11-19		36176		653		60461828		83.51
2020-11-20		37239		699		60461828		83.51
2020-11-21		34764		692		60461828		83.51
2020-11-22		28337		562		60461828		83.51
2020-11-23		22927		630		60461828		83.51
2020-11-24		23227		853		60461828		83.51
2020-11-25		25852		722		60461828		83.51
2020-11-26		29001		822		60461828		83.51
2020-11-27		28342		827		60461828		83.51
2020-11-28		26315		686		60461828		83.51
2020-11-29		20646		541		60461828		83.51
2020-11-30		16376		672		60461828		83.51
2020-12-01		19347		785		60461828		83.51
2020-12-02		20709		684		60461828		83.51
2020-12-03		23219		993		60461828		83.51
2020-12-04		24110		814		60461828		83.51
2020-12-05		21052		662		60461828		83.51
2020-12-06		18887		564		60461828		83.51
2020-12-07		13679		528		60461828		83.51
2020-12-08		14837		634		60461828		83.51
2020-12-09		12755		499		60461828		83.51
2020-12-10		16998		887		60461828		83.51
2020-12-11		18726		761		60461828		83.51
2020-12-12		19902		649		60461828		83.51
2020-12-13		17937		484		60461828		83.51
2020-12-14		12025		491		60461828		83.51
2020-12-15		14839		846		60461828		83.51
2020-12-16		17568		680		60461828		83.51
2020-12-17		18233		683		60461828		83.51
2020-12-18		15401		674		60461828		83.51
2020-12-19		16305		553		60461828		83.51
2020-12-20		15102		352		60461828		83.51
2020-12-21		10869		415		60461828		83.51
2020-12-22		13316		628		60461828		83.51
2020-12-23		13908		553		60461828		83.51
2020-12-24		18039		505		60461828		83.51
2020-12-25		19037		459		60461828		83.51
2020-12-26		10405		261		60461828		83.51
2020-12-27		8937		305		60461828		83.51
2020-12-28		8581		445		60461828		83.51
2020-12-29		11210		659		60461828		83.51
2020-12-30		16202		575		60461828		83.51
2020-12-31		23477		555		60461828		83.51
2021-01-01		22210		462		60461828		83.51
2021-01-02		11825		364		60461828		83.51
2021-01-03		14245		347		60461828		83.51
2021-01-04		10798		348		60461828		83.51
2021-01-05		15375		649		60461828		83.51
2021-01-06		20326		548		60461828		83.51
2021-01-07		18416		414		60461828		83.51
2021-01-08		17529		620		60461828		83.51
2021-01-09		19976		483		60461828		83.51
2021-01-10		18625		361		60461828		83.51
2021-01-11		12530		448		60461828		83.51
2021-01-12		14242		616		60461828		83.51
2021-01-13		15773		507		60461828		83.51
2021-01-14		17243		522		60461828		83.51
2021-01-15		16144		477		60461828		83.51
2021-01-16		16310		475		60461828		83.51
2021-01-17		12544		377		60461828		83.51
2021-01-18		8825		377		60461828		83.51
2021-01-19		10496		603		60461828		83.51
2021-01-20		13568		524		60461828		83.51
2021-01-21		14055		521		60461828		83.51
2021-01-22		13633		472		60461828		83.51
2021-01-23		13331		488		60461828		83.51
2021-01-24		11628		299		60461828		83.51
2021-01-25		8559		420		60461828		83.51
2021-01-26		10584		541		60461828		83.51
2021-01-27		15191		467		60461828		83.51
2021-01-28		14360		492		60461828		83.51
2021-01-29		13563		477		60461828		83.51
2021-01-30		12713		421		60461828		83.51
2021-01-31		11249		237		60461828		83.51
2021-02-01		7925		329		60461828		83.51
2021-02-02		9651		499		60461828		83.51
2021-02-03		13182		476		60461828		83.51
2021-02-04		13656		421		60461828		83.51
2021-02-05		14213		377		60461828		83.51
2021-02-06		13439		385		60461828		83.51
2021-02-07		11640		270		60461828		83.51
2021-02-08		7969		307		60461828		83.51
2021-02-09		10612		422		60461828		83.51
2021-02-10		12947		336		60461828		83.51
2021-02-11		15137		391		60461828		83.51
2021-02-12		13893		316		60461828		83.51
2021-02-13		13523		311		60461828		83.51
2021-02-14		11060		221		60461828		83.51
2021-02-15		7344		258		60461828		83.51
2021-02-16		10368		336		60461828		83.51
2021-02-17		12066		369		60461828		83.51
2021-02-18		13755		347		60461828		83.51
2021-02-19		15470		348		60461828		83.51
2021-02-20		14914		251		60461828		83.51
2021-02-21		13450		232		60461828		83.51
2021-02-22		9617		274		60461828		83.51
2021-02-23		13299		356		60461828		83.51
2021-02-24		16402		318		60461828		83.51
2021-02-25		19871		308		60461828		83.51
2021-02-26		20488		253		60461828		83.51
2021-02-27		18902		280		60461828		83.51
2021-02-28		17440		192		60461828		83.51
2021-03-01		13106		246		60461828		83.51
2021-03-02		17063		343		60461828		83.51
2021-03-03		20840		347		60461828		83.51
2021-03-04		22845		339		60461828		83.51
2021-03-05		24010		297		60461828		83.51
2021-03-06		23633		307		60461828		83.51
2021-03-07		20724		207		60461828		83.51
2021-03-08		13882		318		60461828		83.51
2021-03-09		19725		376		60461828		83.51
2021-03-10		22275		332		60461828		83.51
2021-03-11		25649		373		60461828		83.51
2021-03-12		26790		380		60461828		83.51
2021-03-13		26031		317		60461828		83.51
2021-03-14		21304		264		60461828		83.51
2021-03-15		15252		354		60461828		83.51
2021-03-16		20376		502		60461828		83.51
2021-03-17		23040		431		60461828		83.51
2021-03-18		24901		423		60461828		83.51
2021-03-19		25707		386		60461828		83.51
2021-03-20		23913		401		60461828		83.51
2021-03-21		20045		300		60461828		83.51