2020-03-11	1	0	2961161	74.47
2020-03-12	1	0	2961161	74.47
2020-03-13	6	0	2961161	74.47
2020-03-14	0	0	2961161	74.47
2020-03-15	2	0	2961161	74.47
2020-03-16	0	0	2961161	74.47
2020-03-17	2	0	2961161	74.47
2020-03-18	1	0	2961161	74.47
2020-03-19	2	1	2961161	74.47
2020-03-20	1	0	2961161	74.47
2020-03-21	0	0	2961161	74.47
2020-03-22	3	0	2961161	74.47
2020-03-23	0	0	2961161	74.47
2020-03-24	2	0	2961161	74.47
2020-03-25	5	0	2961161	74.47
2020-03-26	0	0	2961161	74.47
2020-03-27	0	0	2961161	74.47
2020-03-28	4	0	2961161	74.47
2020-03-29	2	0	2961161	74.47
2020-03-30	4	0	2961161	74.47
2020-03-31	0	0	2961161	74.47
2020-04-01	8	2	2961161	74.47
2020-04-02	3	0	2961161	74.47
2020-04-03	0	0	2961161	74.47
2020-04-04	6	0	2961161	74.47
2020-04-05	5	0	2961161	74.47
2020-04-06	0	0	2961161	74.47
2020-04-07	5	0	2961161	74.47
2020-04-08	0	1	2961161	74.47
2020-04-09	0	0	2961161	74.47
2020-04-10	0	0	2961161	74.47
2020-04-11	2	0	2961161	74.47
2020-04-12	4	0	2961161	74.47
2020-04-13	4	0	2961161	74.47
2020-04-14	0	0	2961161	74.47
2020-04-15	52	1	2961161	74.47
2020-04-16	18	0	2961161	74.47
2020-04-17	0	0	2961161	74.47
2020-04-18	20	0	2961161	74.47
2020-04-19	10	0	2961161	74.47
2020-04-20	50	0	2961161	74.47
2020-04-21	0	1	2961161	74.47
2020-04-22	10	0	2961161	74.47
2020-04-23	24	0	2961161	74.47
2020-04-24	31	1	2961161	74.47
2020-04-25	17	0	2961161	74.47
2020-04-26	45	0	2961161	74.47
2020-04-27	14	0	2961161	74.47
2020-04-28	0	0	2961161	74.47
2020-04-29	32	0	2961161	74.47
2020-04-30	26	1	2961161	74.47
2020-05-01	10	0	2961161	74.47
2020-05-02	31	0	2961161	74.47
2020-05-03	6	1	2961161	74.47
2020-05-04	2	0	2961161	74.47
2020-05-05	2	0	2961161	74.47
2020-05-06	5	0	2961161	74.47
2020-05-07	10	0	2961161	74.47
2020-05-08	2	0	2961161	74.47
2020-05-09	0	0	2961161	74.47
2020-05-10	12	0	2961161	74.47
2020-05-11	3	0	2961161	74.47
2020-05-12	2	0	2961161	74.47
2020-05-13	2	0	2961161	74.47
2020-05-14	0	0	2961161	74.47
2020-05-15	2	0	2961161	74.47
2020-05-16	6	0	2961161	74.47
2020-05-17	3	0	2961161	74.47
2020-05-18	0	0	2961161	74.47
2020-05-19	0	0	2961161	74.47
2020-05-20	9	0	2961161	74.47
2020-05-21	5	0	2961161	74.47
2020-05-22	10	0	2961161	74.47
2020-05-23	6	0	2961161	74.47
2020-05-24	2	0	2961161	74.47
2020-05-25	4	0	2961161	74.47
2020-05-26	8	0	2961161	74.47
2020-05-27	5	0	2961161	74.47
2020-05-28	0	0	2961161	74.47
2020-05-29	6	0	2961161	74.47
2020-05-30	6	0	2961161	74.47
2020-05-31	5	0	2961161	74.47
2020-06-01	2	0	2961161	74.47
2020-06-02	2	0	2961161	74.47
2020-06-03	1	1	2961161	74.47
2020-06-04	0	0	2961161	74.47
2020-06-05	4	0	2961161	74.47
2020-06-06	1	0	2961161	74.47
2020-06-07	2	0	2961161	74.47
2020-06-08	1	0	2961161	74.47
2020-06-09	6	0	2961161	74.47
2020-06-10	0	0	2961161	74.47
2020-06-11	6	0	2961161	74.47
2020-06-12	3	0	2961161	74.47
2020-06-13	1	0	2961161	74.47
2020-06-14	2	0	2961161	74.47
2020-06-15	4	0	2961161	74.47
2020-06-16	0	0	2961161	74.47
2020-06-17	5	0	2961161	74.47
2020-06-18	12	0	2961161	74.47
2020-06-19	14	0	2961161	74.47
2020-06-20	5	0	2961161	74.47
2020-06-21	2	0	2961161	74.47
2020-06-22	6	0	2961161	74.47
2020-06-23	5	0	2961161	74.47
2020-06-24	8	0	2961161	74.47
2020-06-25	6	0	2961161	74.47
2020-06-26	2	0	2961161	74.47
2020-06-27	4	0	2961161	74.47
2020-06-28	6	0	2961161	74.47
2020-06-29	2	0	2961161	74.47
2020-06-30	4	0	2961161	74.47
2020-07-01	5	0	2961161	74.47
2020-07-02	8	0	2961161	74.47
2020-07-03	6	0	2961161	74.47
2020-07-04	7	0	2961161	74.47
2020-07-05	4	0	2961161	74.47
2020-07-06	5	0	2961161	74.47
2020-07-07	8	0	2961161	74.47
2020-07-08	6	0	2961161	74.47
2020-07-09	2	0	2961161	74.47
2020-07-10	0	0	2961161	74.47
2020-07-11	5	0	2961161	74.47
2020-07-12	0	0	2961161	74.47
2020-07-13	1	0	2961161	74.47
2020-07-14	3	0	2961161	74.47
2020-07-15	1	0	2961161	74.47
2020-07-16	2	0	2961161	74.47
2020-07-17	3	0	2961161	74.47
2020-07-18	6	0	2961161	74.47
2020-07-19	16	0	2961161	74.47
2020-07-20	19	0	2961161	74.47
2020-07-21	1	0	2961161	74.47
2020-07-22	6	0	2961161	74.47
2020-07-23	5	0	2961161	74.47
2020-07-24	10	0	2961161	74.47
2020-07-25	6	0	2961161	74.47
2020-07-26	5	0	2961161	74.47
2020-07-27	11	0	2961161	74.47
2020-07-28	2	0	2961161	74.47
2020-07-29	1	0	2961161	74.47
2020-07-30	8	0	2961161	74.47
2020-07-31	14	0	2961161	74.47
2020-08-01	5	0	2961161	74.47
2020-08-02	11	2	2961161	74.47
2020-08-03	11	0	2961161	74.47
2020-08-04	15	0	2961161	74.47
2020-08-05	8	0	2961161	74.47
2020-08-06	30	0	2961161	74.47
2020-08-07	29	1	2961161	74.47
2020-08-08	16	0	2961161	74.47
2020-08-09	20	1	2961161	74.47
2020-08-10	8	0	2961161	74.47
2020-08-11	16	0	2961161	74.47
2020-08-12	18	0	2961161	74.47
2020-08-13	6	0	2961161	74.47
2020-08-14	11	0	2961161	74.47
2020-08-15	0	0	2961161	74.47
2020-08-16	31	0	2961161	74.47
2020-08-17	16	0	2961161	74.47
2020-08-18	17	0	2961161	74.47
2020-08-19	46	0	2961161	74.47
2020-08-20	98	1	2961161	74.47
2020-08-21	56	1	2961161	74.47
2020-08-22	0	0	2961161	74.47
2020-08-23	183	0	2961161	74.47
2020-08-24	83	0	2961161	74.47
2020-08-25	120	3	2961161	74.47
2020-08-26	72	0	2961161	74.47
2020-08-27	66	0	2961161	74.47
2020-08-28	141	0	2961161	74.47
2020-08-29	102	1	2961161	74.47
2020-08-30	244	1	2961161	74.47
2020-08-31	102	0	2961161	74.47
2020-09-01	0	0	2961161	74.47
2020-09-02	224	3	2961161	74.47
2020-09-03	213	5	2961161	74.47
2020-09-04	68	1	2961161	74.47
2020-09-05	60	2	2961161	74.47
2020-09-06	79	1	2961161	74.47
2020-09-07	80	1	2961161	74.47
2020-09-08	140	2	2961161	74.47
2020-09-09	114	2	2961161	74.47
2020-09-10	74	2	2961161	74.47
2020-09-11	0	0	2961161	74.47
2020-09-12	112	0	2961161	74.47
2020-09-13	148	2	2961161	74.47
2020-09-14	162	2	2961161	74.47
2020-09-15	109	2	2961161	74.47
2020-09-16	122	0	2961161	74.47
2020-09-17	210	5	2961161	74.47
2020-09-18	197	4	2961161	74.47
2020-09-19	187	5	2961161	74.47
2020-09-20	230	7	2961161	74.47
2020-09-21	155	3	2961161	74.47
2020-09-22	127	5	2961161	74.47
2020-09-23	125	1	2961161	74.47
2020-09-24	193	1	2961161	74.47
2020-09-25	135	3	2961161	74.47
2020-09-26	131	8	2961161	74.47
2020-09-27	163	1	2961161	74.47
2020-09-28	153	4	2961161	74.47
2020-09-29	238	8	2961161	74.47
2020-09-30	74	6	2961161	74.47
2020-10-01	73	4	2961161	74.47
2020-10-02	149	5	2961161	74.47
2020-10-03	91	3	2961161	74.47
2020-10-04	100	1	2961161	74.47
2020-10-05	117	0	2961161	74.47
2020-10-06	97	3	2961161	74.47
2020-10-07	82	3	2961161	74.47
2020-10-08	82	2	2961161	74.47
2020-10-09	90	4	2961161	74.47
2020-10-10	196	6	2961161	74.47
2020-10-11	159	1	2961161	74.47
2020-10-12	95	7	2961161	74.47
2020-10-13	97	0	2961161	74.47
2020-10-14	79	5	2961161	74.47
2020-10-15	78	9	2961161	74.47
2020-10-16	65	2	2961161	74.47
2020-10-17	63	6	2961161	74.47
2020-10-18	79	3	2961161	74.47
2020-10-19	47	2	2961161	74.47
2020-10-20	53	1	2961161	74.47
2020-10-21	71	0	2961161	74.47
2020-10-22	155	5	2961161	74.47
2020-10-23	38	3	2961161	74.47
2020-10-24	32	4	2961161	74.47
2020-10-25	44	2	2961161	74.47
2020-10-26	35	4	2961161	74.47
2020-10-27	38	4	2961161	74.47
2020-10-28	64	2	2961161	74.47
2020-10-29	76	4	2961161	74.47
2020-10-30	78	3	2961161	74.47
2020-10-31	89	1	2961161	74.47
2020-11-01	37	2	2961161	74.47
2020-11-02	126	2	2961161	74.47
2020-11-03	39	4	2961161	74.47
2020-11-04	30	1	2961161	74.47
2020-11-05	47	2	2961161	74.47
2020-11-06	53	1	2961161	74.47
2020-11-07	46	0	2961161	74.47
2020-11-08	34	3	2961161	74.47
2020-11-09	36	0	2961161	74.47
2020-11-10	31	3	2961161	74.47
2020-11-11	8	1	2961161	74.47
2020-11-12	53	0	2961161	74.47
2020-11-13	89	2	2961161	74.47
2020-11-14	57	2	2961161	74.47
2020-11-15	104	2	2961161	74.47
2020-11-16	45	0	2961161	74.47
2020-11-17	30	0	2961161	74.47
2020-11-18	60	2	2961161	74.47
2020-11-19	69	2	2961161	74.47
2020-11-20	63	0	2961161	74.47
2020-11-21	89	2	2961161	74.47
2020-11-22	44	1	2961161	74.47
2020-11-23	59	1	2961161	74.47
2020-11-24	79	4	2961161	74.47
2020-11-25	66	4	2961161	74.47
2020-11-26	53	1	2961161	74.47
2020-11-27	59	2	2961161	74.47
2020-11-28	69	1	2961161	74.47
2020-11-29	40	5	2961161	74.47
2020-11-30	54	1	2961161	74.47
2020-12-01	47	1	2961161	74.47
2020-12-02	54	0	2961161	74.47
2020-12-03	47	1	2961161	74.47
2020-12-04	76	1	2961161	74.47
2020-12-05	76	1	2961161	74.47
2020-12-06	57	4	2961161	74.47
2020-12-07	64	0	2961161	74.47
2020-12-08	87	0	2961161	74.47
2020-12-09	98	1	2961161	74.47
2020-12-10	74	4	2961161	74.47
2020-12-11	66	0	2961161	74.47
2020-12-12	99	1	2961161	74.47
2020-12-13	102	2	2961161	74.47
2020-12-14	82	0	2961161	74.47
2020-12-15	83	3	2961161	74.47
2020-12-16	32	0	2961161	74.47
2020-12-17	61	3	2961161	74.47
2020-12-18	71	4	2961161	74.47
2020-12-19	96	2	2961161	74.47
2020-12-20	89	1	2961161	74.47
2020-12-21	65	0	2961161	74.47
2020-12-22	65	2	2961161	74.47
2020-12-23	69	2	2961161	74.47
2020-12-24	96	2	2961161	74.47
2020-12-25	78	2	2961161	74.47
2020-12-26	87	0	2961161	74.47
2020-12-27	39	1	2961161	74.47
2020-12-28	9	3	2961161	74.47
2020-12-29	20	0	2961161	74.47
2020-12-30	41	4	2961161	74.47
2020-12-31	34	0	2961161	74.47
2021-01-01	88	1	2961161	74.47
2021-01-02	16	0	2961161	74.47
2021-01-03	118	1	2961161	74.47
2021-01-04	154	0	2961161	74.47
2021-01-05	43	1	2961161	74.47
2021-01-06	84	1	2961161	74.47
2021-01-07	38	0	2961161	74.47
2021-01-08	43	1	2961161	74.47
2021-01-09	44	4	2961161	74.47
2021-01-10	93	1	2961161	74.47
2021-01-11	89	1	2961161	74.47
2021-01-12	123	2	2961161	74.47
2021-01-13	92	2	2961161	74.47
2021-01-14	63	5	2961161	74.47
2021-01-15	77	1	2961161	74.47
2021-01-16	104	0	2961161	74.47
2021-01-17	65	1	2961161	74.47
2021-01-18	113	2	2961161	74.47
2021-01-19	145	3	2961161	74.47
2021-01-20	68	2	2961161	74.47
2021-01-21	63	0	2961161	74.47
2021-01-22	108	1	2961161	74.47
2021-01-23	114	4	2961161	74.47
2021-01-24	107	0	2961161	74.47
2021-01-25	133	2	2961161	74.47
2021-01-26	141	1	2961161	74.47
2021-01-27	88	3	2961161	74.47
2021-01-28	194	2	2961161	74.47
2021-01-29	27	1	2961161	74.47
2021-01-30	65	3	2961161	74.47
2021-01-31	126	2	2961161	74.47
2021-02-01	125	2	2961161	74.47
2021-02-02	195	1	2961161	74.47
2021-02-03	100	2	2961161	74.47
2021-02-04	177	0	2961161	74.47
2021-02-05	263	2	2961161	74.47
2021-02-06	328	0	2961161	74.47
2021-02-07	244	1	2961161	74.47
2021-02-08	213	0	2961161	74.47
2021-02-09	403	1	2961161	74.47
2021-02-10	207	3	2961161	74.47
2021-02-11	329	1	2961161	74.47
2021-02-12	290	5	2961161	74.47
2021-02-13	303	4	2961161	74.47
2021-02-14	205	2	2961161	74.47
2021-02-15	270	4	2961161	74.47
2021-02-16	468	0	2961161	74.47
2021-02-17	243	3	2961161	74.47
2021-02-18	294	3	2961161	74.47
2021-02-19	271	7	2961161	74.47
2021-02-20	343	0	2961161	74.47
2021-02-21	458	5	2961161	74.47
2021-02-22	297	3	2961161	74.47
2021-02-23	147	6	2961161	74.47
2021-02-24	193	1	2961161	74.47
2021-02-25	248	4	2961161	74.47
2021-02-26	204	3	2961161	74.47
2021-02-27	346	4	2961161	74.47
2021-02-28	446	5	2961161	74.47
2021-03-01	336	3	2961161	74.47
2021-03-02	239	7	2961161	74.47
2021-03-03	265	3	2961161	74.47
2021-03-04	341	1	2961161	74.47
2021-03-05	332	7	2961161	74.47
2021-03-06	527	3	2961161	74.47
2021-03-07	723	7	2961161	74.47
2021-03-08	878	1	2961161	74.47
2021-03-09	561	6	2961161	74.47
2021-03-10	808	3	2961161	74.47
2021-03-11	695	12	2961161	74.47
2021-03-12	419	5	2961161	74.47
2021-03-13	525	4	2961161	74.47
2021-03-14	587	1	2961161	74.47
2021-03-15	806	7	2961161	74.47
2021-03-16	602	2	2961161	74.47
2021-03-17	821	13	2961161	74.47
2021-03-18	638	4	2961161	74.47
2021-03-19	604	8	2961161	74.47
2021-03-20	695	5	2961161	74.47
2021-03-21	673	9	2961161	74.47
