2020-01-22	0	0	126476458	84.63
2020-01-23	0	0	126476458	84.63
2020-01-24	0	0	126476458	84.63
2020-01-25	0	0	126476458	84.63
2020-01-26	2	0	126476458	84.63
2020-01-27	0	0	126476458	84.63
2020-01-28	3	0	126476458	84.63
2020-01-29	0	0	126476458	84.63
2020-01-30	4	0	126476458	84.63
2020-01-31	4	0	126476458	84.63
2020-02-01	5	0	126476458	84.63
2020-02-02	0	0	126476458	84.63
2020-02-03	0	0	126476458	84.63
2020-02-04	2	0	126476458	84.63
2020-02-05	1	0	126476458	84.63
2020-02-06	0	0	126476458	84.63
2020-02-07	0	0	126476458	84.63
2020-02-08	1	0	126476458	84.63
2020-02-09	0	0	126476458	84.63
2020-02-10	2	0	126476458	84.63
2020-02-11	1	0	126476458	84.63
2020-02-12	1	0	126476458	84.63
2020-02-13	5	1	126476458	84.63
2020-02-14	10	0	126476458	84.63
2020-02-15	11	0	126476458	84.63
2020-02-16	6	0	126476458	84.63
2020-02-17	7	0	126476458	84.63
2020-02-18	12	1	126476458	84.63
2020-02-19	6	0	126476458	84.63
2020-02-20	10	0	126476458	84.63
2020-02-21	17	0	126476458	84.63
2020-02-22	25	0	126476458	84.63
2020-02-23	12	0	126476458	84.63
2020-02-24	11	0	126476458	84.63
2020-02-25	13	1	126476458	84.63
2020-02-26	19	0	126476458	84.63
2020-02-27	26	1	126476458	84.63
2020-02-28	18	1	126476458	84.63
2020-02-29	9	1	126476458	84.63
2020-03-01	14	0	126476458	84.63
2020-03-02	19	0	126476458	84.63
2020-03-03	20	0	126476458	84.63
2020-03-04	35	1	126476458	84.63
2020-03-05	32	0	126476458	84.63
2020-03-06	55	0	126476458	84.63
2020-03-07	46	0	126476458	84.63
2020-03-08	33	1	126476458	84.63
2020-03-09	28	2	126476458	84.63
2020-03-10	58	3	126476458	84.63
2020-03-11	55	2	126476458	84.63
2020-03-12	56	4	126476458	84.63
2020-03-13	37	2	126476458	84.63
2020-03-14	62	1	126476458	84.63
2020-03-15	31	2	126476458	84.63
2020-03-16	17	6	126476458	84.63
2020-03-17	50	0	126476458	84.63
2020-03-18	35	2	126476458	84.63
2020-03-19	40	1	126476458	84.63
2020-03-20	54	1	126476458	84.63
2020-03-21	37	2	126476458	84.63
2020-03-22	45	4	126476458	84.63
2020-03-23	40	1	126476458	84.63
2020-03-24	73	1	126476458	84.63
2020-03-25	97	3	126476458	84.63
2020-03-26	102	2	126476458	84.63
2020-03-27	114	6	126476458	84.63
2020-03-28	198	3	126476458	84.63
2020-03-29	179	7	126476458	84.63
2020-03-30	94	2	126476458	84.63
2020-03-31	254	2	126476458	84.63
2020-04-01	280	5	126476458	84.63
2020-04-02	283	3	126476458	84.63
2020-04-03	336	6	126476458	84.63
2020-04-04	371	6	126476458	84.63
2020-04-05	351	6	126476458	84.63
2020-04-06	234	3	126476458	84.63
2020-04-07	375	2	126476458	84.63
2020-04-08	535	7	126476458	84.63
2020-04-09	594	8	126476458	84.63
2020-04-10	636	12	126476458	84.63
2020-04-11	701	13	126476458	84.63
2020-04-12	522	9	126476458	84.63
2020-04-13	300	9	126476458	84.63
2020-04-14	504	14	126476458	84.63
2020-04-15	558	16	126476458	84.63
2020-04-16	563	18	126476458	84.63
2020-04-17	560	13	126476458	84.63
2020-04-18	590	19	126476458	84.63
2020-04-19	366	19	126476458	84.63
2020-04-20	344	20	126476458	84.63
2020-04-21	383	28	126476458	84.63
2020-04-22	396	20	126476458	84.63
2020-04-23	432	28	126476458	84.63
2020-04-24	385	9	126476458	84.63
2020-04-25	332	19	126476458	84.63
2020-04-26	219	16	126476458	84.63
2020-04-27	171	22	126476458	84.63
2020-04-28	284	19	126476458	84.63
2020-04-29	216	18	126476458	84.63
2020-04-30	208	27	126476458	84.63
2020-05-01	274	29	126476458	84.63
2020-05-02	303	26	126476458	84.63
2020-05-03	200	24	126476458	84.63
2020-05-04	168	22	126476458	84.63
2020-05-05	125	11	126476458	84.63
2020-05-06	101	12	126476458	84.63
2020-05-07	98	12	126476458	84.63
2020-05-08	87	17	126476458	84.63
2020-05-09	115	20	126476458	84.63
2020-05-10	69	12	126476458	84.63
2020-05-11	37	19	126476458	84.63
2020-05-12	87	22	126476458	84.63
2020-05-13	50	19	126476458	84.63
2020-05-14	98	16	126476458	84.63
2020-05-15	52	18	126476458	84.63
2020-05-16	54	18	126476458	84.63
2020-05-17	24	9	126476458	84.63
2020-05-18	33	9	126476458	84.63
2020-05-19	28	9	126476458	84.63
2020-05-20	34	13	126476458	84.63
2020-05-21	41	8	126476458	84.63
2020-05-22	23	10	126476458	84.63
2020-05-23	25	9	126476458	84.63
2020-05-24	41	7	126476458	84.63
2020-05-25	21	5	126476458	84.63
2020-05-26	30	6	126476458	84.63
2020-05-27	26	7	126476458	84.63
2020-05-28	70	11	126476458	84.63
2020-05-29	75	6	126476458	84.63
2020-05-30	43	7	126476458	84.63
2020-05-31	35	4	126476458	84.63
2020-06-01	36	1	126476458	84.63
2020-06-02	50	3	126476458	84.63
2020-06-03	30	3	126476458	84.63
2020-06-04	44	6	126476458	84.63
2020-06-05	47	5	126476458	84.63
2020-06-06	42	-1	126476458	84.63
2020-06-07	39	2	126476458	84.63
2020-06-08	21	3	126476458	84.63
2020-06-09	51	0	126476458	84.63
2020-06-10	35	2	126476458	84.63
2020-06-11	41	0	126476458	84.63
2020-06-12	63	2	126476458	84.63
2020-06-13	43	3	126476458	84.63
2020-06-14	76	0	126476458	84.63
2020-06-15	70	2	126476458	84.63
2020-06-16	45	5	126476458	84.63
2020-06-17	46	1	126476458	84.63
2020-06-18	58	0	126476458	84.63
2020-06-19	70	16	126476458	84.63
2020-06-20	67	4	126476458	84.63
2020-06-21	55	0	126476458	84.63
2020-06-22	40	0	126476458	84.63
2020-06-23	59	10	126476458	84.63
2020-06-24	84	2	126476458	84.63
2020-06-25	92	4	126476458	84.63
2020-06-26	107	0	126476458	84.63
2020-06-27	92	0	126476458	84.63
2020-06-28	112	1	126476458	84.63
2020-06-29	110	0	126476458	84.63
2020-06-30	139	0	126476458	84.63
2020-07-01	223	4	126476458	84.63
2020-07-02	217	1	126476458	84.63
2020-07-03	130	0	126476458	84.63
2020-07-04	276	0	126476458	84.63
2020-07-05	207	0	126476458	84.63
2020-07-06	180	1	126476458	84.63
2020-07-07	207	3	126476458	84.63
2020-07-08	206	1	126476458	84.63
2020-07-09	356	0	126476458	84.63
2020-07-10	427	0	126476458	84.63
2020-07-11	386	0	126476458	84.63
2020-07-12	411	1	126476458	84.63
2020-07-13	284	1	126476458	84.63
2020-07-14	312	0	126476458	84.63
2020-07-15	735	0	126476458	84.63
2020-07-16	338	1	126476458	84.63
2020-07-17	594	0	126476458	84.63
2020-07-18	842	1	126476458	84.63
2020-07-19	500	0	126476458	84.63
2020-07-20	260	2	126476458	84.63
2020-07-21	757	0	126476458	84.63
2020-07-22	673	2	126476458	84.63
2020-07-23	978	2	126476458	84.63
2020-07-24	769	2	126476458	84.63
2020-07-25	801	2	126476458	84.63
2020-07-26	864	2	126476458	84.63
2020-07-27	594	0	126476458	84.63
2020-07-28	974	3	126476458	84.63
2020-07-29	1266	0	126476458	84.63
2020-07-30	1762	6	126476458	84.63
2020-07-31	1090	1	126476458	84.63
2020-08-01	1570	4	126476458	84.63
2020-08-02	1312	1	126476458	84.63
2020-08-03	983	5	126476458	84.63
2020-08-04	1248	5	126476458	84.63
2020-08-05	1339	5	126476458	84.63
2020-08-06	1481	6	126476458	84.63
2020-08-07	1597	8	126476458	84.63
2020-08-08	1578	0	126476458	84.63
2020-08-09	1440	5	126476458	84.63
2020-08-10	835	5	126476458	84.63
2020-08-11	685	6	126476458	84.63
2020-08-12	986	8	126476458	84.63
2020-08-13	1183	7	126476458	84.63
2020-08-14	1347	7	126476458	84.63
2020-08-15	1233	13	126476458	84.63
2020-08-16	1023	10	126476458	84.63
2020-08-17	643	9	126476458	84.63
2020-08-18	919	23	126476458	84.63
2020-08-19	1092	13	126476458	84.63
2020-08-20	1172	9	126476458	84.63
2020-08-21	1049	18	126476458	84.63
2020-08-22	967	4	126476458	84.63
2020-08-23	742	9	126476458	84.63
2020-08-24	500	13	126476458	84.63
2020-08-25	730	18	126476458	84.63
2020-08-26	891	11	126476458	84.63
2020-08-27	874	11	126476458	84.63
2020-08-28	846	10	126476458	84.63
2020-08-29	854	20	126476458	84.63
2020-08-30	605	14	126476458	84.63
2020-08-31	438	13	126476458	84.63
2020-09-01	627	15	126476458	84.63
2020-09-02	596	14	126476458	84.63
2020-09-03	659	7	126476458	84.63
2020-09-04	588	18	126476458	84.63
2020-09-05	601	9	126476458	84.63
2020-09-06	451	5	126476458	84.63
2020-09-07	295	11	126476458	84.63
2020-09-08	511	21	126476458	84.63
2020-09-09	540	14	126476458	84.63
2020-09-10	652	4	126476458	84.63
2020-09-11	642	12	126476458	84.63
2020-09-12	648	13	126476458	84.63
2020-09-13	440	7	126476458	84.63
2020-09-14	268	7	126476458	84.63
2020-09-15	532	8	126476458	84.63
2020-09-16	551	18	126476458	84.63
2020-09-17	491	9	126476458	84.63
2020-09-18	573	10	126476458	84.63
2020-09-19	601	4	126476458	84.63
2020-09-20	480	4	126476458	84.63
2020-09-21	320	10	126476458	84.63
2020-09-22	311	1	126476458	84.63
2020-09-23	236	6	126476458	84.63
2020-09-24	481	15	126476458	84.63
2020-09-25	564	4	126476458	84.63
2020-09-26	649	3	126476458	84.63
2020-09-27	483	2	126476458	84.63
2020-09-28	298	12	126476458	84.63
2020-09-29	538	7	126476458	84.63
2020-09-30	569	7	126476458	84.63
2020-10-01	653	5	126476458	84.63
2020-10-02	524	11	126476458	84.63
2020-10-03	577	3	126476458	84.63
2020-10-04	401	4	126476458	84.63
2020-10-05	281	4	126476458	84.63
2020-10-06	513	7	126476458	84.63
2020-10-07	499	5	126476458	84.63
2020-10-08	640	3	126476458	84.63
2020-10-09	588	6	126476458	84.63
2020-10-10	695	3	126476458	84.63
2020-10-11	438	2	126476458	84.63
2020-10-12	252	3	126476458	84.63
2020-10-13	501	4	126476458	84.63
2020-10-14	541	11	126476458	84.63
2020-10-15	708	4	126476458	84.63
2020-10-16	642	14	126476458	84.63
2020-10-17	626	6	126476458	84.63
2020-10-18	428	2	126476458	84.63
2020-10-19	310	4	126476458	84.63
2020-10-20	487	3	126476458	84.63
2020-10-21	620	7	126476458	84.63
2020-10-22	619	11	126476458	84.63
2020-10-23	734	9	126476458	84.63
2020-10-24	731	4	126476458	84.63
2020-10-25	496	6	126476458	84.63
2020-10-26	408	5	126476458	84.63
2020-10-27	643	5	126476458	84.63
2020-10-28	731	5	126476458	84.63
2020-10-29	797	17	126476458	84.63
2020-10-30	776	8	126476458	84.63
2020-10-31	877	13	126476458	84.63
2020-11-01	616	7	126476458	84.63
2020-11-02	488	11	126476458	84.63
2020-11-03	878	7	126476458	84.63
2020-11-04	619	5	126476458	84.63
2020-11-05	1036	7	126476458	84.63
2020-11-06	1172	4	126476458	84.63
2020-11-07	1303	5	126476458	84.63
2020-11-08	955	6	126476458	84.63
2020-11-09	797	13	126476458	84.63
2020-11-10	1296	6	126476458	84.63
2020-11-11	1524	7	126476458	84.63
2020-11-12	1644	7	126476458	84.63
2020-11-13	1705	10	126476458	84.63
2020-11-14	1753	1	126476458	84.63
2020-11-15	1498	9	126476458	84.63
2020-11-16	946	9	126476458	84.63
2020-11-17	1690	12	126476458	84.63
2020-11-18	2230	13	126476458	84.63
2020-11-19	2382	12	126476458	84.63
2020-11-20	2426	10	126476458	84.63
2020-11-21	2586	2	126476458	84.63
2020-11-22	2163	11	126476458	84.63
2020-11-23	1520	6	126476458	84.63
2020-11-24	1232	14	126476458	84.63
2020-11-25	1949	20	126476458	84.63
2020-11-26	2490	13	126476458	84.63
2020-11-27	2553	32	126476458	84.63
2020-11-28	2679	14	126476458	84.63
2020-11-29	2058	15	126476458	84.63
2020-11-30	1447	19	126476458	84.63
2020-12-01	2014	33	126476458	84.63
2020-12-02	2456	32	126476458	84.63
2020-12-03	2506	33	126476458	84.63
2020-12-04	2449	36	126476458	84.63
2020-12-05	2483	19	126476458	84.63
2020-12-06	2047	30	126476458	84.63
2020-12-07	1517	40	126476458	84.63
2020-12-08	2158	35	126476458	84.63
2020-12-09	2837	42	126476458	84.63
2020-12-10	2977	19	126476458	84.63
2020-12-11	2904	51	126476458	84.63
2020-12-12	2962	16	126476458	84.63
2020-12-13	2367	19	126476458	84.63
2020-12-14	1672	49	126476458	84.63
2020-12-15	2441	51	126476458	84.63
2020-12-16	2999	42	126476458	84.63
2020-12-17	3199	38	126476458	84.63
2020-12-18	2803	48	126476458	84.63
2020-12-19	3062	40	126476458	84.63
2020-12-20	2455	35	126476458	84.63
2020-12-21	1804	49	126476458	84.63
2020-12-22	2658	44	126476458	84.63
2020-12-23	3275	64	126476458	84.63
2020-12-24	3762	26	126476458	84.63
2020-12-25	3806	49	126476458	84.63
2020-12-26	3892	46	126476458	84.63
2020-12-27	2945	38	126476458	84.63
2020-12-28	2374	52	126476458	84.63
2020-12-29	3629	44	126476458	84.63
2020-12-30	3856	47	126476458	84.63
2020-12-31	4540	49	126476458	84.63
2021-01-01	3257	248	126476458	84.63
2021-01-02	3029	31	126476458	84.63
2021-01-03	3196	60	126476458	84.63
2021-01-04	3332	48	126476458	84.63
2021-01-05	4946	76	126476458	84.63
2021-01-06	5950	65	126476458	84.63
2021-01-07	7563	64	126476458	84.63
2021-01-08	7863	78	126476458	84.63
2021-01-09	7790	59	126476458	84.63
2021-01-10	6081	45	126476458	84.63
2021-01-11	4928	48	126476458	84.63
2021-01-12	4575	64	126476458	84.63
2021-01-13	5819	97	126476458	84.63
2021-01-14	6594	66	126476458	84.63
2021-01-15	7137	78	126476458	84.63
2021-01-16	7071	56	126476458	84.63
2021-01-17	5773	49	126476458	84.63
2021-01-18	4890	58	126476458	84.63
2021-01-19	5384	104	126476458	84.63
2021-01-20	5519	92	126476458	84.63
2021-01-21	5621	94	126476458	84.63
2021-01-22	5045	108	126476458	84.63
2021-01-23	4754	83	126476458	84.63
2021-01-24	3971	56	126476458	84.63
2021-01-25	2785	74	126476458	84.63
2021-01-26	3861	104	126476458	84.63
2021-01-27	3937	90	126476458	84.63
2021-01-28	4162	113	126476458	84.63
2021-01-29	3536	97	126476458	84.63
2021-01-30	3319	91	126476458	84.63
2021-01-31	2667	65	126476458	84.63
2021-02-01	1790	80	126476458	84.63
2021-02-02	2313	119	126476458	84.63
2021-02-03	2631	116	126476458	84.63
2021-02-04	2592	104	126476458	84.63
2021-02-05	2366	106	126476458	84.63
2021-02-06	2270	94	126476458	84.63
2021-02-07	1637	52	126476458	84.63
2021-02-08	1227	83	126476458	84.63
2021-02-09	1558	95	126476458	84.63
2021-02-10	1884	121	126476458	84.63
2021-02-11	1691	77	126476458	84.63
2021-02-12	1316	63	126476458	84.63
2021-02-13	1362	65	126476458	84.63
2021-02-14	1351	38	126476458	84.63
2021-02-15	973	72	126476458	84.63
2021-02-16	1308	101	126476458	84.63
2021-02-17	1461	79	126476458	84.63
2021-02-18	1525	76	126476458	84.63
2021-02-19	1297	66	126476458	84.63
2021-02-20	1234	78	126476458	84.63
2021-02-21	1036	47	126476458	84.63
2021-02-22	737	56	126476458	84.63
2021-02-23	1103	54	126476458	84.63
2021-02-24	904	69	126476458	84.63
2021-02-25	1084	74	126476458	84.63
2021-02-26	1057	80	126476458	84.63
2021-02-27	1220	41	126476458	84.63
2021-02-28	997	30	126476458	84.63
2021-03-01	688	51	126476458	84.63
2021-03-02	922	65	126476458	84.63
2021-03-03	1244	63	126476458	84.63
2021-03-04	1149	67	126476458	84.63
2021-03-05	1129	55	126476458	84.63
2021-03-06	412	6	126476458	84.63
2021-03-07	1722	59	126476458	84.63
2021-03-08	621	46	126476458	84.63
2021-03-09	1175	58	126476458	84.63
2021-03-10	1259	53	126476458	84.63
2021-03-11	1303	45	126476458	84.63
2021-03-12	1263	58	126476458	84.63
2021-03-13	1335	51	126476458	84.63
2021-03-14	975	21	126476458	84.63
2021-03-15	713	38	126476458	84.63
2021-03-16	1142	57	126476458	84.63
2021-03-17	1545	36	126476458	84.63
2021-03-18	1460	32	126476458	84.63
2021-03-19	1469	33	126476458	84.63
2021-03-20	1596	19	126476458	84.63
2021-03-21	1106	19	126476458	84.63
