2020-03-03	1	0	10203140	74.53
2020-03-04	0	0	10203140	74.53
2020-03-05	0	0	10203140	74.53
2020-03-06	0	0	10203140	74.53
2020-03-07	0	0	10203140	74.53
2020-03-08	0	0	10203140	74.53
2020-03-09	0	0	10203140	74.53
2020-03-10	0	0	10203140	74.53
2020-03-11	0	0	10203140	74.53
2020-03-12	0	0	10203140	74.53
2020-03-13	0	0	10203140	74.53
2020-03-14	0	0	10203140	74.53
2020-03-15	7	0	10203140	74.53
2020-03-16	9	0	10203140	74.53
2020-03-17	17	0	10203140	74.53
2020-03-18	18	0	10203140	74.53
2020-03-19	17	0	10203140	74.53
2020-03-20	16	0	10203140	74.53
2020-03-21	0	0	10203140	74.53
2020-03-22	27	0	10203140	74.53
2020-03-23	15	0	10203140	74.53
2020-03-24	27	0	10203140	74.53
2020-03-25	18	0	10203140	74.53
2020-03-26	40	0	10203140	74.53
2020-03-27	23	1	10203140	74.53
2020-03-28	11	0	10203140	74.53
2020-03-29	13	2	10203140	74.53
2020-03-30	9	2	10203140	74.53
2020-03-31	6	0	10203140	74.53
2020-04-01	4	0	10203140	74.53
2020-04-02	21	0	10203140	74.53
2020-04-03	11	0	10203140	74.53
2020-04-04	13	0	10203140	74.53
2020-04-05	22	0	10203140	74.53
2020-04-06	4	1	10203140	74.53
2020-04-07	4	0	10203140	74.53
2020-04-08	5	0	10203140	74.53
2020-04-09	14	1	10203140	74.53
2020-04-10	0	0	10203140	74.53
2020-04-11	9	0	10203140	74.53
2020-04-12	8	0	10203140	74.53
2020-04-13	2	0	10203140	74.53
2020-04-14	6	0	10203140	74.53
2020-04-15	4	0	10203140	74.53
2020-04-16	1	0	10203140	74.53
2020-04-17	5	0	10203140	74.53
2020-04-18	6	0	10203140	74.53
2020-04-19	4	0	10203140	74.53
2020-04-20	8	0	10203140	74.53
2020-04-21	3	0	10203140	74.53
2020-04-22	7	0	10203140	74.53
2020-04-23	2	0	10203140	74.53
2020-04-24	4	0	10203140	74.53
2020-04-25	3	0	10203140	74.53
2020-04-26	3	0	10203140	74.53
2020-04-27	2	0	10203140	74.53
2020-04-28	0	1	10203140	74.53
2020-04-29	2	0	10203140	74.53
2020-04-30	2	0	10203140	74.53
2020-05-01	6	0	10203140	74.53
2020-05-02	1	1	10203140	74.53
2020-05-03	1	0	10203140	74.53
2020-05-04	4	0	10203140	74.53
2020-05-05	6	0	10203140	74.53
2020-05-06	2	0	10203140	74.53
2020-05-07	21	0	10203140	74.53
2020-05-08	14	0	10203140	74.53
2020-05-09	14	0	10203140	74.53
2020-05-10	18	0	10203140	74.53
2020-05-11	22	0	10203140	74.53
2020-05-12	14	0	10203140	74.53
2020-05-13	6	0	10203140	74.53
2020-05-14	4	0	10203140	74.53
2020-05-15	10	0	10203140	74.53
2020-05-16	11	0	10203140	74.53
2020-05-17	6	0	10203140	74.53
2020-05-18	16	0	10203140	74.53
2020-05-19	20	0	10203140	74.53
2020-05-20	23	0	10203140	74.53
2020-05-21	12	0	10203140	74.53
2020-05-22	16	0	10203140	74.53
2020-05-23	4	0	10203140	74.53
2020-05-24	4	0	10203140	74.53
2020-05-25	3	0	10203140	74.53
2020-05-26	7	0	10203140	74.53
2020-05-27	2	0	10203140	74.53
2020-05-28	8	0	10203140	74.53
2020-05-29	2	0	10203140	74.53
2020-05-30	4	0	10203140	74.53
2020-05-31	5	0	10203140	74.53
2020-06-01	7	0	10203140	74.53
2020-06-02	9	0	10203140	74.53
2020-06-03	2	0	10203140	74.53
2020-06-04	8	0	10203140	74.53
2020-06-05	19	0	10203140	74.53
2020-06-06	11	0	10203140	74.53
2020-06-07	13	0	10203140	74.53
2020-06-08	23	0	10203140	74.53
2020-06-09	14	0	10203140	74.53
2020-06-10	18	0	10203140	74.53
2020-06-11	27	0	10203140	74.53
2020-06-12	25	0	10203140	74.53
2020-06-13	38	0	10203140	74.53
2020-06-14	8	0	10203140	74.53
2020-06-15	18	0	10203140	74.53
2020-06-16	2	0	10203140	74.53
2020-06-17	6	0	10203140	74.53
2020-06-18	14	0	10203140	74.53
2020-06-19	7	0	10203140	74.53
2020-06-20	7	0	10203140	74.53
2020-06-21	18	0	10203140	74.53
2020-06-22	9	0	10203140	74.53
2020-06-23	5	0	10203140	74.53
2020-06-24	24	0	10203140	74.53
2020-06-25	15	0	10203140	74.53
2020-06-26	18	0	10203140	74.53
2020-06-27	7	0	10203140	74.53
2020-06-28	10	0	10203140	74.53
2020-06-29	7	0	10203140	74.53
2020-06-30	4	0	10203140	74.53
2020-07-01	1	0	10203140	74.53
2020-07-02	3	0	10203140	74.53
2020-07-03	11	1	10203140	74.53
2020-07-04	3	0	10203140	74.53
2020-07-05	14	0	10203140	74.53
2020-07-06	3	0	10203140	74.53
2020-07-07	2	0	10203140	74.53
2020-07-08	0	0	10203140	74.53
2020-07-09	0	0	10203140	74.53
2020-07-10	4	0	10203140	74.53
2020-07-11	3	0	10203140	74.53
2020-07-12	3	0	10203140	74.53
2020-07-13	4	0	10203140	74.53
2020-07-14	15	0	10203140	74.53
2020-07-15	3	0	10203140	74.53
2020-07-16	5	0	10203140	74.53
2020-07-17	3	0	10203140	74.53
2020-07-18	5	1	10203140	74.53
2020-07-19	4	0	10203140	74.53
2020-07-20	5	0	10203140	74.53
2020-07-21	-110	0	10203140	74.53
2020-07-22	7	0	10203140	74.53
2020-07-23	11	0	10203140	74.53
2020-07-24	15	0	10203140	74.53
2020-07-25	8	0	10203140	74.53
2020-07-26	14	0	10203140	74.53
2020-07-27	8	0	10203140	74.53
2020-07-28	6	0	10203140	74.53
2020-07-29	5	0	10203140	74.53
2020-07-30	4	0	10203140	74.53
2020-07-31	2	0	10203140	74.53
2020-08-01	15	0	10203140	74.53
2020-08-02	5	0	10203140	74.53
2020-08-03	5	0	10203140	74.53
2020-08-04	6	0	10203140	74.53
2020-08-05	7	0	10203140	74.53
2020-08-06	1	0	10203140	74.53
2020-08-07	5	0	10203140	74.53
2020-08-08	9	0	10203140	74.53
2020-08-09	6	0	10203140	74.53
2020-08-10	16	0	10203140	74.53
2020-08-11	15	0	10203140	74.53
2020-08-12	20	0	10203140	74.53
2020-08-13	17	0	10203140	74.53
2020-08-14	9	0	10203140	74.53
2020-08-15	10	0	10203140	74.53
2020-08-16	39	0	10203140	74.53
2020-08-17	20	0	10203140	74.53
2020-08-18	40	0	10203140	74.53
2020-08-19	44	0	10203140	74.53
2020-08-20	16	0	10203140	74.53
2020-08-21	34	0	10203140	74.53
2020-08-22	44	0	10203140	74.53
2020-08-23	33	1	10203140	74.53
2020-08-24	30	2	10203140	74.53
2020-08-25	77	0	10203140	74.53
2020-08-26	40	1	10203140	74.53
2020-08-27	45	0	10203140	74.53
2020-08-28	68	0	10203140	74.53
2020-08-29	24	0	10203140	74.53
2020-08-30	73	0	10203140	74.53
2020-08-31	68	0	10203140	74.53
2020-09-01	63	0	10203140	74.53
2020-09-02	64	0	10203140	74.53
2020-09-03	72	0	10203140	74.53
2020-09-04	68	1	10203140	74.53
2020-09-05	52	0	10203140	74.53
2020-09-06	58	0	10203140	74.53
2020-09-07	67	1	10203140	74.53
2020-09-08	103	2	10203140	74.53
2020-09-09	78	0	10203140	74.53
2020-09-10	80	1	10203140	74.53
2020-09-11	206	1	10203140	74.53
2020-09-12	117	1	10203140	74.53
2020-09-13	252	2	10203140	74.53
2020-09-14	214	2	10203140	74.53
2020-09-15	149	0	10203140	74.53
2020-09-16	175	0	10203140	74.53
2020-09-17	279	0	10203140	74.53
2020-09-18	213	3	10203140	74.53
2020-09-19	196	1	10203140	74.53
2020-09-20	239	0	10203140	74.53
2020-09-21	266	2	10203140	74.53
2020-09-22	634	1	10203140	74.53
2020-09-23	363	2	10203140	74.53
2020-09-24	549	1	10203140	74.53
2020-09-25	620	3	10203140	74.53
2020-09-26	850	4	10203140	74.53
2020-09-27	431	2	10203140	74.53
2020-09-28	734	6	10203140	74.53
2020-09-29	823	6	10203140	74.53
2020-09-30	1776	4	10203140	74.53
2020-10-01	1276	8	10203140	74.53
2020-10-02	549	10	10203140	74.53
2020-10-03	1099	9	10203140	74.53
2020-10-04	891	13	10203140	74.53
2020-10-05	1824	9	10203140	74.53
2020-10-06	1537	12	10203140	74.53
2020-10-07	1199	9	10203140	74.53
2020-10-08	1317	13	10203140	74.53
2020-10-09	1246	22	10203140	74.53
2020-10-10	1235	15	10203140	74.53
2020-10-11	928	10	10203140	74.53
2020-10-12	1147	16	10203140	74.53
2020-10-13	2054	18	10203140	74.53
2020-10-14	2423	32	10203140	74.53
2020-10-15	2459	25	10203140	74.53
2020-10-16	1539	28	10203140	74.53
2020-10-17	1505	20	10203140	74.53
2020-10-18	1520	15	10203140	74.53
2020-10-19	1364	35	10203140	74.53
2020-10-20	2035	34	10203140	74.53
2020-10-21	2648	29	10203140	74.53
2020-10-22	2821	38	10203140	74.53
2020-10-23	2489	27	10203140	74.53
2020-10-24	1820	32	10203140	74.53
2020-10-25	2337	39	10203140	74.53
2020-10-26	1968	45	10203140	74.53
2020-10-27	3800	44	10203140	74.53
2020-10-28	3087	32	10203140	74.53
2020-10-29	3443	40	10203140	74.53
2020-10-30	3921	32	10203140	74.53
2020-10-31	3301	57	10203140	74.53
2020-11-01	3259	37	10203140	74.53
2020-11-02	5877	47	10203140	74.53
2020-11-03	4833	54	10203140	74.53
2020-11-04	4658	62	10203140	74.53
2020-11-05	4630	40	10203140	74.53
2020-11-06	5384	67	10203140	74.53
2020-11-07	3554	45	10203140	74.53
2020-11-08	4519	52	10203140	74.53
2020-11-09	5665	62	10203140	74.53
2020-11-10	5996	91	10203140	74.53
2020-11-11	5419	81	10203140	74.53
2020-11-12	5685	80	10203140	74.53
2020-11-13	4469	71	10203140	74.53
2020-11-14	4750	86	10203140	74.53
2020-11-15	2373	68	10203140	74.53
2020-11-16	5861	71	10203140	74.53
2020-11-17	6454	66	10203140	74.53
2020-11-18	7933	60	10203140	74.53
2020-11-19	5469	84	10203140	74.53
2020-11-20	4940	63	10203140	74.53
2020-11-21	3826	56	10203140	74.53
2020-11-22	5268	64	10203140	74.53
2020-11-23	4981	66	10203140	74.53
2020-11-24	4586	78	10203140	74.53
2020-11-25	5025	62	10203140	74.53
2020-11-26	5000	67	10203140	74.53
2020-11-27	4580	61	10203140	74.53
2020-11-28	3108	56	10203140	74.53
2020-11-29	3598	68	10203140	74.53
2020-11-30	5123	57	10203140	74.53
2020-12-01	4187	51	10203140	74.53
2020-12-02	3591	52	10203140	74.53
2020-12-03	4029	55	10203140	74.53
2020-12-04	3116	51	10203140	74.53
2020-12-05	3160	50	10203140	74.53
2020-12-06	2576	46	10203140	74.53
2020-12-07	3980	60	10203140	74.53
2020-12-08	3062	46	10203140	74.53
2020-12-09	3088	44	10203140	74.53
2020-12-10	2902	44	10203140	74.53
2020-12-11	2338	36	10203140	74.53
2020-12-12	1816	49	10203140	74.53
2020-12-13	2339	30	10203140	74.53
2020-12-14	2863	42	10203140	74.53
2020-12-15	2547	30	10203140	74.53
2020-12-16	2561	28	10203140	74.53
2020-12-17	2221	31	10203140	74.53
2020-12-18	1708	22	10203140	74.53
2020-12-19	1283	27	10203140	74.53
2020-12-20	2152	23	10203140	74.53
2020-12-21	2499	36	10203140	74.53
2020-12-22	2444	23	10203140	74.53
2020-12-23	2091	25	10203140	74.53
2020-12-24	1707	29	10203140	74.53
2020-12-25	1616	30	10203140	74.53
2020-12-26	1050	18	10203140	74.53
2020-12-27	1590	29	10203140	74.53
2020-12-28	1802	20	10203140	74.53
2020-12-29	1645	23	10203140	74.53
2020-12-30	1674	14	10203140	74.53
2020-12-31	1427	19	10203140	74.53
2021-01-01	1271	17	10203140	74.53
2021-01-02	903	26	10203140	74.53
2021-01-03	1540	26	10203140	74.53
2021-01-04	1623	16	10203140	74.53
2021-01-05	1472	21	10203140	74.53
2021-01-06	1553	15	10203140	74.53
2021-01-07	1215	13	10203140	74.53
2021-01-08	1092	21	10203140	74.53
2021-01-09	796	20	10203140	74.53
2021-01-10	1250	15	10203140	74.53
2021-01-11	1461	19	10203140	74.53
2021-01-12	1176	33	10203140	74.53
2021-01-13	1122	15	10203140	74.53
2021-01-14	1075	16	10203140	74.53
2021-01-15	808	14	10203140	74.53
2021-01-16	706	16	10203140	74.53
2021-01-17	957	8	10203140	74.53
2021-01-18	1030	8	10203140	74.53
2021-01-19	883	17	10203140	74.53
2021-01-20	978	17	10203140	74.53
2021-01-21	776	11	10203140	74.53
2021-01-22	730	9	10203140	74.53
2021-01-23	608	10	10203140	74.53
2021-01-24	934	7	10203140	74.53
2021-01-25	845	15	10203140	74.53
2021-01-26	943	9	10203140	74.53
2021-01-27	870	14	10203140	74.53
2021-01-28	1058	7	10203140	74.53
2021-01-29	864	12	10203140	74.53
2021-01-30	641	23	10203140	74.53
2021-01-31	1181	12	10203140	74.53
2021-02-01	1207	10	10203140	74.53
2021-02-02	1132	8	10203140	74.53
2021-02-03	1280	10	10203140	74.53
2021-02-04	1294	10	10203140	74.53
2021-02-05	1222	8	10203140	74.53
2021-02-06	865	7	10203140	74.53
2021-02-07	1299	10	10203140	74.53
2021-02-08	1685	6	10203140	74.53
2021-02-09	1483	10	10203140	74.53
2021-02-10	1855	16	10203140	74.53
2021-02-11	1807	10	10203140	74.53
2021-02-12	1579	12	10203140	74.53
2021-02-13	1240	11	10203140	74.53
2021-02-14	2447	11	10203140	74.53
2021-02-15	2312	18	10203140	74.53
2021-02-16	2657	18	10203140	74.53
2021-02-17	2887	12	10203140	74.53
2021-02-18	1638	9	10203140	74.53
2021-02-19	867	16	10203140	74.53
2021-02-20	2200	15	10203140	74.53
2021-02-21	3917	11	10203140	74.53
2021-02-22	4550	16	10203140	74.53
2021-02-23	4139	19	10203140	74.53
2021-02-24	4024	22	10203140	74.53
2021-02-25	3827	16	10203140	74.53
2021-02-26	3644	23	10203140	74.53
2021-02-27	2584	25	10203140	74.53
2021-02-28	4594	26	10203140	74.53
2021-03-01	6068	26	10203140	74.53
2021-03-02	5124	29	10203140	74.53
2021-03-03	5335	37	10203140	74.53
2021-03-04	5733	40	10203140	74.53
2021-03-05	4584	29	10203140	74.53
2021-03-06	3481	38	10203140	74.53
2021-03-07	6302	35	10203140	74.53
2021-03-08	7413	52	10203140	74.53
2021-03-09	7072	59	10203140	74.53
2021-03-10	6649	60	10203140	74.53
2021-03-11	8300	63	10203140	74.53
2021-03-12	7705	55	10203140	74.53
2021-03-13	4144	61	10203140	74.53
2021-03-14	8053	61	10203140	74.53
2021-03-15	9417	82	10203140	74.53
2021-03-16	8910	69	10203140	74.53
2021-03-17	9535	56	10203140	74.53
2021-03-18	9192	74	10203140	74.53
2021-03-19	7354	74	10203140	74.53
2021-03-20	5205	87	10203140	74.53
2021-03-21	8789	88	10203140	74.53
