2020-03-06	0	0	53771300	66.7
2020-03-07	0	0	53771300	66.7
2020-03-08	0	0	53771300	66.7
2020-03-09	0	0	53771300	66.7
2020-03-10	0	0	53771300	66.7
2020-03-11	0	0	53771300	66.7
2020-03-12	0	0	53771300	66.7
2020-03-13	1	0	53771300	66.7
2020-03-14	0	0	53771300	66.7
2020-03-15	2	0	53771300	66.7
2020-03-16	0	0	53771300	66.7
2020-03-17	0	0	53771300	66.7
2020-03-18	0	0	53771300	66.7
2020-03-19	4	0	53771300	66.7
2020-03-20	0	0	53771300	66.7
2020-03-21	0	0	53771300	66.7
2020-03-22	8	0	53771300	66.7
2020-03-23	1	0	53771300	66.7
2020-03-24	9	0	53771300	66.7
2020-03-25	3	0	53771300	66.7
2020-03-26	3	1	53771300	66.7
2020-03-27	0	0	53771300	66.7
2020-03-28	7	0	53771300	66.7
2020-03-29	4	0	53771300	66.7
2020-03-30	8	0	53771300	66.7
2020-03-31	9	0	53771300	66.7
2020-04-01	22	0	53771300	66.7
2020-04-02	29	2	53771300	66.7
2020-04-03	12	1	53771300	66.7
2020-04-04	4	0	53771300	66.7
2020-04-05	16	0	53771300	66.7
2020-04-06	16	2	53771300	66.7
2020-04-07	14	0	53771300	66.7
2020-04-08	7	0	53771300	66.7
2020-04-09	5	1	53771300	66.7
2020-04-10	5	0	53771300	66.7
2020-04-11	2	0	53771300	66.7
2020-04-12	6	1	53771300	66.7
2020-04-13	11	1	53771300	66.7
2020-04-14	8	0	53771300	66.7
2020-04-15	9	1	53771300	66.7
2020-04-16	9	1	53771300	66.7
2020-04-17	12	0	53771300	66.7
2020-04-18	16	1	53771300	66.7
2020-04-19	8	2	53771300	66.7
2020-04-20	11	0	53771300	66.7
2020-04-21	15	0	53771300	66.7
2020-04-22	7	0	53771300	66.7
2020-04-23	17	0	53771300	66.7
2020-04-24	16	0	53771300	66.7
2020-04-25	7	0	53771300	66.7
2020-04-26	12	0	53771300	66.7
2020-04-27	8	0	53771300	66.7
2020-04-28	11	0	53771300	66.7
2020-04-29	10	1	53771300	66.7
2020-04-30	12	2	53771300	66.7
2020-05-01	15	4	53771300	66.7
2020-05-02	24	1	53771300	66.7
2020-05-03	30	2	53771300	66.7
2020-05-04	25	0	53771300	66.7
2020-05-05	45	0	53771300	66.7
2020-05-06	47	2	53771300	66.7
2020-05-07	25	3	53771300	66.7
2020-05-08	14	0	53771300	66.7
2020-05-09	28	1	53771300	66.7
2020-05-10	23	2	53771300	66.7
2020-05-11	28	1	53771300	66.7
2020-05-12	15	3	53771300	66.7
2020-05-13	22	4	53771300	66.7
2020-05-14	21	2	53771300	66.7
2020-05-15	23	3	53771300	66.7
2020-05-16	49	5	53771300	66.7
2020-05-17	57	0	53771300	66.7
2020-05-18	25	0	53771300	66.7
2020-05-19	51	0	53771300	66.7
2020-05-20	66	0	53771300	66.7
2020-05-21	80	0	53771300	66.7
2020-05-22	52	0	53771300	66.7
2020-05-23	31	0	53771300	66.7
2020-05-24	22	1	53771300	66.7
2020-05-25	72	1	53771300	66.7
2020-05-26	62	0	53771300	66.7
2020-05-27	123	3	53771300	66.7
2020-05-28	147	3	53771300	66.7
2020-05-29	127	4	53771300	66.7
2020-05-30	143	1	53771300	66.7
2020-05-31	74	1	53771300	66.7
2020-06-01	59	5	53771300	66.7
2020-06-02	72	2	53771300	66.7
2020-06-03	123	3	53771300	66.7
2020-06-04	124	4	53771300	66.7
2020-06-05	134	1	53771300	66.7
2020-06-06	126	4	53771300	66.7
2020-06-07	167	1	53771300	66.7
2020-06-08	105	1	53771300	66.7
2020-06-09	117	3	53771300	66.7
2020-06-10	105	1	53771300	66.7
2020-06-11	121	3	53771300	66.7
2020-06-12	90	4	53771300	66.7
2020-06-13	152	4	53771300	66.7
2020-06-14	137	3	53771300	66.7
2020-06-15	133	1	53771300	66.7
2020-06-16	133	1	53771300	66.7
2020-06-17	184	2	53771300	66.7
2020-06-18	213	10	53771300	66.7
2020-06-19	117	2	53771300	66.7
2020-06-20	104	2	53771300	66.7
2020-06-21	260	2	53771300	66.7
2020-06-22	59	2	53771300	66.7
2020-06-23	155	3	53771300	66.7
2020-06-24	254	2	53771300	66.7
2020-06-25	178	2	53771300	66.7
2020-06-26	149	5	53771300	66.7
2020-06-27	278	4	53771300	66.7
2020-06-28	259	2	53771300	66.7
2020-06-29	120	1	53771300	66.7
2020-06-30	176	4	53771300	66.7
2020-07-01	307	1	53771300	66.7
2020-07-02	268	3	53771300	66.7
2020-07-03	247	2	53771300	66.7
2020-07-04	389	5	53771300	66.7
2020-07-05	309	1	53771300	66.7
2020-07-06	181	4	53771300	66.7
2020-07-07	183	3	53771300	66.7
2020-07-08	278	2	53771300	66.7
2020-07-09	447	4	53771300	66.7
2020-07-10	473	8	53771300	66.7
2020-07-11	278	3	53771300	66.7
2020-07-12	379	1	53771300	66.7
2020-07-13	189	12	53771300	66.7
2020-07-14	497	5	53771300	66.7
2020-07-15	461	7	53771300	66.7
2020-07-16	421	8	53771300	66.7
2020-07-17	389	5	53771300	66.7
2020-07-18	688	3	53771300	66.7
2020-07-19	603	9	53771300	66.7
2020-07-20	418	4	53771300	66.7
2020-07-21	397	12	53771300	66.7
2020-07-22	637	10	53771300	66.7
2020-07-23	796	3	53771300	66.7
2020-07-24	667	11	53771300	66.7
2020-07-25	375	4	53771300	66.7
2020-07-26	960	2	53771300	66.7
2020-07-27	372	5	53771300	66.7
2020-07-28	606	14	53771300	66.7
2020-07-29	544	12	53771300	66.7
2020-07-30	788	14	53771300	66.7
2020-07-31	723	16	53771300	66.7
2020-08-01	727	23	53771300	66.7
2020-08-02	690	5	53771300	66.7
2020-08-03	544	13	53771300	66.7
2020-08-04	605	6	53771300	66.7
2020-08-05	671	3	53771300	66.7
2020-08-06	538	8	53771300	66.7
2020-08-07	727	14	53771300	66.7
2020-08-08	699	5	53771300	66.7
2020-08-09	599	2	53771300	66.7
2020-08-10	492	3	53771300	66.7
2020-08-11	497	15	53771300	66.7
2020-08-12	679	18	53771300	66.7
2020-08-13	650	4	53771300	66.7
2020-08-14	580	5	53771300	66.7
2020-08-15	515	7	53771300	66.7
2020-08-16	271	2	53771300	66.7
2020-08-17	245	8	53771300	66.7
2020-08-18	271	5	53771300	66.7
2020-08-19	379	19	53771300	66.7
2020-08-20	426	10	53771300	66.7
2020-08-21	322	16	53771300	66.7
2020-08-22	355	10	53771300	66.7
2020-08-23	246	6	53771300	66.7
2020-08-24	193	6	53771300	66.7
2020-08-25	246	5	53771300	66.7
2020-08-26	213	5	53771300	66.7
2020-08-27	373	3	53771300	66.7
2020-08-28	241	0	53771300	66.7
2020-08-29	164	5	53771300	66.7
2020-08-30	263	2	53771300	66.7
2020-08-31	144	3	53771300	66.7
2020-09-01	114	0	53771300	66.7
2020-09-02	178	4	53771300	66.7
2020-09-03	212	4	53771300	66.7
2020-09-04	179	4	53771300	66.7
2020-09-05	136	5	53771300	66.7
2020-09-06	83	3	53771300	66.7
2020-09-07	102	2	53771300	66.7
2020-09-08	151	0	53771300	66.7
2020-09-09	104	8	53771300	66.7
2020-09-10	143	5	53771300	66.7
2020-09-11	190	4	53771300	66.7
2020-09-12	176	3	53771300	66.7
2020-09-13	188	3	53771300	66.7
2020-09-14	48	2	53771300	66.7
2020-09-15	96	10	53771300	66.7
2020-09-16	0	0	53771300	66.7
2020-09-17	275	8	53771300	66.7
2020-09-18	148	4	53771300	66.7
2020-09-19	105	0	53771300	66.7
2020-09-20	152	2	53771300	66.7
2020-09-21	98	2	53771300	66.7
2020-09-22	139	9	53771300	66.7
2020-09-23	130	5	53771300	66.7
2020-09-24	141	5	53771300	66.7
2020-09-25	218	13	53771300	66.7
2020-09-26	164	7	53771300	66.7
2020-09-27	244	2	53771300	66.7
2020-09-28	53	9	53771300	66.7
2020-09-29	210	7	53771300	66.7
2020-09-30	151	4	53771300	66.7
2020-10-01	184	0	53771300	66.7
2020-10-02	210	14	53771300	66.7
2020-10-03	261	3	53771300	66.7
2020-10-04	243	3	53771300	66.7
2020-10-05	22	4	53771300	66.7
2020-10-06	137	8	53771300	66.7
2020-10-07	321	5	53771300	66.7
2020-10-08	271	3	53771300	66.7
2020-10-09	442	4	53771300	66.7
2020-10-10	538	5	53771300	66.7
2020-10-11	388	6	53771300	66.7
2020-10-12	73	11	53771300	66.7
2020-10-13	318	10	53771300	66.7
2020-10-14	604	10	53771300	66.7
2020-10-15	602	8	53771300	66.7
2020-10-16	437	8	53771300	66.7
2020-10-17	616	12	53771300	66.7
2020-10-18	685	7	53771300	66.7
2020-10-19	195	7	53771300	66.7
2020-10-20	571	3	53771300	66.7
2020-10-21	497	16	53771300	66.7
2020-10-22	1068	12	53771300	66.7
2020-10-23	631	14	53771300	66.7
2020-10-24	947	12	53771300	66.7
2020-10-25	931	6	53771300	66.7
2020-10-26	276	18	53771300	66.7
2020-10-27	836	14	53771300	66.7
2020-10-28	1018	0	53771300	66.7
2020-10-29	761	30	53771300	66.7
2020-10-30	1185	17	53771300	66.7
2020-10-31	1395	0	53771300	66.7
2020-11-01	685	32	53771300	66.7
2020-11-02	724	14	53771300	66.7
2020-11-03	492	12	53771300	66.7
2020-11-04	1494	12	53771300	66.7
2020-11-05	1008	21	53771300	66.7
2020-11-06	1109	21	53771300	66.7
2020-11-07	1065	10	53771300	66.7
2020-11-08	719	8	53771300	66.7
2020-11-09	756	19	53771300	66.7
2020-11-10	1344	24	53771300	66.7
2020-11-11	1216	26	53771300	66.7
2020-11-12	919	23	53771300	66.7
2020-11-13	1470	25	53771300	66.7
2020-11-14	1080	0	53771300	66.7
2020-11-15	972	41	53771300	66.7
2020-11-16	559	18	53771300	66.7
2020-11-17	925	15	53771300	66.7
2020-11-18	957	11	53771300	66.7
2020-11-19	1459	17	53771300	66.7
2020-11-20	1048	19	53771300	66.7
2020-11-21	1211	17	53771300	66.7
2020-11-22	968	14	53771300	66.7
2020-11-23	413	12	53771300	66.7
2020-11-24	727	17	53771300	66.7
2020-11-25	810	8	53771300	66.7
2020-11-26	780	10	53771300	66.7
2020-11-27	1554	14	53771300	66.7
2020-11-28	949	4	53771300	66.7
2020-11-29	711	7	53771300	66.7
2020-11-30	302	17	53771300	66.7
2020-12-01	551	5	53771300	66.7
2020-12-02	961	10	53771300	66.7
2020-12-03	1253	16	53771300	66.7
2020-12-04	866	6	53771300	66.7
2020-12-05	735	12	53771300	66.7
2020-12-06	396	8	53771300	66.7
2020-12-07	199	5	53771300	66.7
2020-12-08	521	14	53771300	66.7
2020-12-09	561	7	53771300	66.7
2020-12-10	644	16	53771300	66.7
2020-12-11	673	14	53771300	66.7
2020-12-12	548	4	53771300	66.7
2020-12-13	366	1	53771300	66.7
2020-12-14	163	6	53771300	66.7
2020-12-15	404	11	53771300	66.7
2020-12-16	394	10	53771300	66.7
2020-12-17	552	4	53771300	66.7
2020-12-18	356	11	53771300	66.7
2020-12-19	390	4	53771300	66.7
2020-12-20	349	6	53771300	66.7
2020-12-21	114	5	53771300	66.7
2020-12-22	154	3	53771300	66.7
2020-12-23	427	1	53771300	66.7
2020-12-24	236	4	53771300	66.7
2020-12-25	282	1	53771300	66.7
2020-12-26	130	2	53771300	66.7
2020-12-27	80	3	53771300	66.7
2020-12-28	69	6	53771300	66.7
2020-12-29	147	1	53771300	66.7
2020-12-30	112	2	53771300	66.7
2020-12-31	207	3	53771300	66.7
2021-01-01	156	11	53771300	66.7
2021-01-02	64	4	53771300	66.7
2021-01-03	124	0	53771300	66.7
2021-01-04	106	1	53771300	66.7
2021-01-05	219	4	53771300	66.7
2021-01-06	271	4	53771300	66.7
2021-01-07	335	8	53771300	66.7
2021-01-08	221	1	53771300	66.7
2021-01-09	230	1	53771300	66.7
2021-01-10	87	6	53771300	66.7
2021-01-11	63	3	53771300	66.7
2021-01-12	98	3	53771300	66.7
2021-01-13	123	4	53771300	66.7
2021-01-14	138	3	53771300	66.7
2021-01-15	166	3	53771300	66.7
2021-01-16	223	2	53771300	66.7
2021-01-17	80	3	53771300	66.7
2021-01-18	65	3	53771300	66.7
2021-01-19	81	0	53771300	66.7
2021-01-20	136	2	53771300	66.7
2021-01-21	186	3	53771300	66.7
2021-01-22	139	1	53771300	66.7
2021-01-23	129	0	53771300	66.7
2021-01-24	85	4	53771300	66.7
2021-01-25	69	0	53771300	66.7
2021-01-26	141	6	53771300	66.7
2021-01-27	130	1	53771300	66.7
2021-01-28	99	2	53771300	66.7
2021-01-29	141	0	53771300	66.7
2021-01-30	112	2	53771300	66.7
2021-01-31	98	8	53771300	66.7
2021-02-01	83	3	53771300	66.7
2021-02-02	153	0	53771300	66.7
2021-02-03	150	3	53771300	66.7
2021-02-04	180	4	53771300	66.7
2021-02-05	195	3	53771300	66.7
2021-02-06	156	0	53771300	66.7
2021-02-07	129	3	53771300	66.7
2021-02-08	125	7	53771300	66.7
2021-02-09	104	3	53771300	66.7
2021-02-10	173	2	53771300	66.7
2021-02-11	132	3	53771300	66.7
2021-02-12	260	0	53771300	66.7
2021-02-13	179	1	53771300	66.7
2021-02-14	75	0	53771300	66.7
2021-02-15	147	0	53771300	66.7
2021-02-16	174	2	53771300	66.7
2021-02-17	144	4	53771300	66.7
2021-02-18	283	6	53771300	66.7
2021-02-19	226	6	53771300	66.7
2021-02-20	152	4	53771300	66.7
2021-02-21	208	6	53771300	66.7
2021-02-22	105	4	53771300	66.7
2021-02-23	194	10	53771300	66.7
2021-02-24	280	2	53771300	66.7
2021-02-25	277	8	53771300	66.7
2021-02-26	410	6	53771300	66.7
2021-02-27	181	1	53771300	66.7
2021-02-28	325	2	53771300	66.7
2021-03-01	152	3	53771300	66.7
2021-03-02	345	4	53771300	66.7
2021-03-03	331	3	53771300	66.7
2021-03-04	528	4	53771300	66.7
2021-03-05	400	3	53771300	66.7
2021-03-06	633	1	53771300	66.7
2021-03-07	465	2	53771300	66.7
2021-03-08	337	3	53771300	66.7
2021-03-09	479	7	53771300	66.7
2021-03-10	713	12	53771300	66.7
2021-03-11	829	1	53771300	66.7
2021-03-12	750	2	53771300	66.7
2021-03-13	870	7	53771300	66.7
2021-03-14	431	5	53771300	66.7
2021-03-15	731	5	53771300	66.7
2021-03-16	1064	7	53771300	66.7
2021-03-17	1279	12	53771300	66.7
2021-03-18	1225	17	53771300	66.7
2021-03-19	1354	28	53771300	66.7
2021-03-20	1274	12	53771300	66.7
2021-03-21	747	17	53771300	66.7