2020-02-24	1	0	4270563	75.49
2020-02-25	10	0	4270563	75.49
2020-02-26	15	0	4270563	75.49
2020-02-27	17	0	4270563	75.49
2020-02-28	2	0	4270563	75.49
2020-02-29	0	0	4270563	75.49
2020-03-01	0	0	4270563	75.49
2020-03-02	11	0	4270563	75.49
2020-03-03	0	0	4270563	75.49
2020-03-04	0	0	4270563	75.49
2020-03-05	2	0	4270563	75.49
2020-03-06	0	0	4270563	75.49
2020-03-07	3	0	4270563	75.49
2020-03-08	3	0	4270563	75.49
2020-03-09	0	0	4270563	75.49
2020-03-10	5	0	4270563	75.49
2020-03-11	3	0	4270563	75.49
2020-03-12	8	0	4270563	75.49
2020-03-13	0	0	4270563	75.49
2020-03-14	24	0	4270563	75.49
2020-03-15	8	0	4270563	75.49
2020-03-16	11	0	4270563	75.49
2020-03-17	7	0	4270563	75.49
2020-03-18	12	0	4270563	75.49
2020-03-19	6	0	4270563	75.49
2020-03-20	11	0	4270563	75.49
2020-03-21	17	0	4270563	75.49
2020-03-22	12	0	4270563	75.49
2020-03-23	1	0	4270563	75.49
2020-03-24	2	0	4270563	75.49
2020-03-25	4	0	4270563	75.49
2020-03-26	13	0	4270563	75.49
2020-03-27	17	0	4270563	75.49
2020-03-28	10	0	4270563	75.49
2020-03-29	20	0	4270563	75.49
2020-03-30	11	0	4270563	75.49
2020-03-31	23	0	4270563	75.49
2020-04-01	28	0	4270563	75.49
2020-04-02	25	0	4270563	75.49
2020-04-03	75	0	4270563	75.49
2020-04-04	62	1	4270563	75.49
2020-04-05	77	0	4270563	75.49
2020-04-06	109	0	4270563	75.49
2020-04-07	78	0	4270563	75.49
2020-04-08	112	0	4270563	75.49
2020-04-09	55	0	4270563	75.49
2020-04-10	83	0	4270563	75.49
2020-04-11	161	0	4270563	75.49
2020-04-12	80	0	4270563	75.49
2020-04-13	66	1	4270563	75.49
2020-04-14	55	1	4270563	75.49
2020-04-15	50	0	4270563	75.49
2020-04-16	119	0	4270563	75.49
2020-04-17	134	2	4270563	75.49
2020-04-18	93	1	4270563	75.49
2020-04-19	164	1	4270563	75.49
2020-04-20	80	2	4270563	75.49
2020-04-21	85	2	4270563	75.49
2020-04-22	168	2	4270563	75.49
2020-04-23	151	1	4270563	75.49
2020-04-24	215	1	4270563	75.49
2020-04-25	278	4	4270563	75.49
2020-04-26	183	1	4270563	75.49
2020-04-27	213	2	4270563	75.49
2020-04-28	152	1	4270563	75.49
2020-04-29	300	1	4270563	75.49
2020-04-30	284	2	4270563	75.49
2020-05-01	353	4	4270563	75.49
2020-05-02	242	3	4270563	75.49
2020-05-03	364	5	4270563	75.49
2020-05-04	295	2	4270563	75.49
2020-05-05	526	0	4270563	75.49
2020-05-06	485	2	4270563	75.49
2020-05-07	278	2	4270563	75.49
2020-05-08	641	3	4270563	75.49
2020-05-09	415	2	4270563	75.49
2020-05-10	1065	9	4270563	75.49
2020-05-11	598	7	4270563	75.49
2020-05-12	991	10	4270563	75.49
2020-05-13	751	7	4270563	75.49
2020-05-14	947	6	4270563	75.49
2020-05-15	885	8	4270563	75.49
2020-05-16	942	11	4270563	75.49
2020-05-17	1048	5	4270563	75.49
2020-05-18	841	6	4270563	75.49
2020-05-19	1073	3	4270563	75.49
2020-05-20	804	3	4270563	75.49
2020-05-21	1041	5	4270563	75.49
2020-05-22	955	9	4270563	75.49
2020-05-23	900	10	4270563	75.49
2020-05-24	838	8	4270563	75.49
2020-05-25	665	9	4270563	75.49
2020-05-26	608	7	4270563	75.49
2020-05-27	692	3	4270563	75.49
2020-05-28	845	10	4270563	75.49
2020-05-29	1072	9	4270563	75.49
2020-05-30	1008	11	4270563	75.49
2020-05-31	851	7	4270563	75.49
2020-06-01	719	8	4270563	75.49
2020-06-02	887	6	4270563	75.49
2020-06-03	710	4	4270563	75.49
2020-06-04	562	6	4270563	75.49
2020-06-05	723	8	4270563	75.49
2020-06-06	487	10	4270563	75.49
2020-06-07	717	10	4270563	75.49
2020-06-08	662	5	4270563	75.49
2020-06-09	630	4	4270563	75.49
2020-06-10	683	2	4270563	75.49
2020-06-11	609	4	4270563	75.49
2020-06-12	520	6	4270563	75.49
2020-06-13	514	4	4270563	75.49
2020-06-14	454	7	4270563	75.49
2020-06-15	511	2	4270563	75.49
2020-06-16	527	5	4270563	75.49
2020-06-17	575	3	4270563	75.49
2020-06-18	541	2	4270563	75.49
2020-06-19	604	5	4270563	75.49
2020-06-20	467	6	4270563	75.49
2020-06-21	505	7	4270563	75.49
2020-06-22	641	4	4270563	75.49
2020-06-23	742	4	4270563	75.49
2020-06-24	846	3	4270563	75.49
2020-06-25	909	2	4270563	75.49
2020-06-26	915	2	4270563	75.49
2020-06-27	688	3	4270563	75.49
2020-06-28	551	4	4270563	75.49
2020-06-29	582	2	4270563	75.49
2020-06-30	671	4	4270563	75.49
2020-07-01	745	4	4270563	75.49
2020-07-02	919	1	4270563	75.49
2020-07-03	813	1	4270563	75.49
2020-07-04	631	5	4270563	75.49
2020-07-05	638	3	4270563	75.49
2020-07-06	703	5	4270563	75.49
2020-07-07	601	4	4270563	75.49
2020-07-08	762	2	4270563	75.49
2020-07-09	833	3	4270563	75.49
2020-07-10	740	1	4270563	75.49
2020-07-11	478	3	4270563	75.49
2020-07-12	836	4	4270563	75.49
2020-07-13	614	3	4270563	75.49
2020-07-14	666	3	4270563	75.49
2020-07-15	703	3	4270563	75.49
2020-07-16	791	3	4270563	75.49
2020-07-17	553	2	4270563	75.49
2020-07-18	683	3	4270563	75.49
2020-07-19	300	1	4270563	75.49
2020-07-20	559	0	4270563	75.49
2020-07-21	671	4	4270563	75.49
2020-07-22	751	5	4270563	75.49
2020-07-23	687	4	4270563	75.49
2020-07-24	753	4	4270563	75.49
2020-07-25	684	4	4270563	75.49
2020-07-26	464	4	4270563	75.49
2020-07-27	606	5	4270563	75.49
2020-07-28	770	4	4270563	75.49
2020-07-29	754	2	4270563	75.49
2020-07-30	626	1	4270563	75.49
2020-07-31	428	2	4270563	75.49
2020-08-01	491	6	4270563	75.49
2020-08-02	463	4	4270563	75.49
2020-08-03	388	4	4270563	75.49
2020-08-04	475	4	4270563	75.49
2020-08-05	651	3	4270563	75.49
2020-08-06	620	1	4270563	75.49
2020-08-07	682	2	4270563	75.49
2020-08-08	472	3	4270563	75.49
2020-08-09	514	4	4270563	75.49
2020-08-10	687	4	4270563	75.49
2020-08-11	668	4	4270563	75.49
2020-08-12	717	3	4270563	75.49
2020-08-13	701	0	4270563	75.49
2020-08-14	699	5	4270563	75.49
2020-08-15	512	4	4270563	75.49
2020-08-16	508	3	4270563	75.49
2020-08-17	622	1	4270563	75.49
2020-08-18	643	3	4270563	75.49
2020-08-19	675	2	4270563	75.49
2020-08-20	622	2	4270563	75.49
2020-08-21	502	2	4270563	75.49
2020-08-22	688	2	4270563	75.49
2020-08-23	571	2	4270563	75.49
2020-08-24	432	3	4270563	75.49
2020-08-25	613	1	4270563	75.49
2020-08-26	698	2	4270563	75.49
2020-08-27	674	1	4270563	75.49
2020-08-28	633	3	4270563	75.49
2020-08-29	646	3	4270563	75.49
2020-08-30	412	2	4270563	75.49
2020-08-31	473	1	4270563	75.49
2020-09-01	702	3	4270563	75.49
2020-09-02	667	1	4270563	75.49
2020-09-03	900	1	4270563	75.49
2020-09-04	865	1	4270563	75.49
2020-09-05	720	3	4270563	75.49
2020-09-06	619	4	4270563	75.49
2020-09-07	805	2	4270563	75.49
2020-09-08	857	2	4270563	75.49
2020-09-09	838	4	4270563	75.49
2020-09-10	740	4	4270563	75.49
2020-09-11	653	1	4270563	75.49
2020-09-12	736	1	4270563	75.49
2020-09-13	553	2	4270563	75.49
2020-09-14	708	3	4270563	75.49
2020-09-15	829	5	4270563	75.49
2020-09-16	698	3	4270563	75.49
2020-09-17	825	4	4270563	75.49
2020-09-18	704	5	4270563	75.49
2020-09-19	521	1	4270563	75.49
2020-09-20	385	3	4270563	75.49
2020-09-21	530	1	4270563	75.49
2020-09-22	719	3	4270563	75.49
2020-09-23	616	2	4270563	75.49
2020-09-24	552	2	4270563	75.49
2020-09-25	590	3	4270563	75.49
2020-09-26	758	2	4270563	75.49
2020-09-27	345	4	4270563	75.49
2020-09-28	437	4	4270563	75.49
2020-09-29	587	2	4270563	75.49
2020-09-30	614	3	4270563	75.49
2020-10-01	494	2	4270563	75.49
2020-10-02	411	3	4270563	75.49
2020-10-03	371	5	4270563	75.49
2020-10-04	567	4	4270563	75.49
2020-10-05	567	4	4270563	75.49
2020-10-06	676	4	4270563	75.49
2020-10-07	475	7	4270563	75.49
2020-10-08	698	3	4270563	75.49
2020-10-09	635	7	4270563	75.49
2020-10-10	492	6	4270563	75.49
2020-10-11	548	3	4270563	75.49
2020-10-12	777	6	4270563	75.49
2020-10-13	844	8	4270563	75.49
2020-10-14	532	4	4270563	75.49
2020-10-15	746	8	4270563	75.49
2020-10-16	729	6	4270563	75.49
2020-10-17	739	4	4270563	75.49
2020-10-18	663	7	4270563	75.49
2020-10-19	686	9	4270563	75.49
2020-10-20	886	4	4270563	75.49
2020-10-21	813	7	4270563	75.49
2020-10-22	889	9	4270563	75.49
2020-10-23	812	10	4270563	75.49
2020-10-24	695	4	4270563	75.49
2020-10-25	708	2	4270563	75.49
2020-10-26	682	3	4270563	75.49
2020-10-27	775	7	4270563	75.49
2020-10-28	814	7	4270563	75.49
2020-10-29	760	4	4270563	75.49
2020-10-30	671	6	4270563	75.49
2020-10-31	589	6	4270563	75.49
2020-11-01	608	3	4270563	75.49
2020-11-02	759	4	4270563	75.49
2020-11-03	787	3	4270563	75.49
2020-11-04	763	5	4270563	75.49
2020-11-05	795	5	4270563	75.49
2020-11-06	825	5	4270563	75.49
2020-11-07	742	4	4270563	75.49
2020-11-08	538	3	4270563	75.49
2020-11-09	735	5	4270563	75.49
2020-11-10	903	5	4270563	75.49
2020-11-11	778	5	4270563	75.49
2020-11-12	773	4	4270563	75.49
2020-11-13	718	3	4270563	75.49
2020-11-14	691	2	4270563	75.49
2020-11-15	499	3	4270563	75.49
2020-11-16	489	4	4270563	75.49
2020-11-17	556	6	4270563	75.49
2020-11-18	452	9	4270563	75.49
2020-11-19	485	2	4270563	75.49
2020-11-20	486	2	4270563	75.49
2020-11-21	426	2	4270563	75.49
2020-11-22	322	3	4270563	75.49
2020-11-23	337	2	4270563	75.49
2020-11-24	402	2	4270563	75.49
2020-11-25	422	1	4270563	75.49
2020-11-26	330	1	4270563	75.49
2020-11-27	329	2	4270563	75.49
2020-11-28	319	1	4270563	75.49
2020-11-29	231	3	4270563	75.49
2020-11-30	209	2	4270563	75.49
2020-12-01	357	1	4270563	75.49
2020-12-02	268	1	4270563	75.49
2020-12-03	314	2	4270563	75.49
2020-12-04	343	2	4270563	75.49
2020-12-05	247	3	4270563	75.49
2020-12-06	205	2	4270563	75.49
2020-12-07	230	6	4270563	75.49
2020-12-08	301	3	4270563	75.49
2020-12-09	304	5	4270563	75.49
2020-12-10	291	5	4270563	75.49
2020-12-11	294	0	4270563	75.49
2020-12-12	255	1	4270563	75.49
2020-12-13	174	0	4270563	75.49
2020-12-14	231	1	4270563	75.49
2020-12-15	261	1	4270563	75.49
2020-12-16	261	0	4270563	75.49
2020-12-17	221	0	4270563	75.49
2020-12-18	339	3	4270563	75.49
2020-12-19	244	2	4270563	75.49
2020-12-20	204	3	4270563	75.49
2020-12-21	230	1	4270563	75.49
2020-12-22	298	1	4270563	75.49
2020-12-23	266	1	4270563	75.49
2020-12-24	244	2	4270563	75.49
2020-12-25	260	0	4270563	75.49
2020-12-26	172	3	4270563	75.49
2020-12-27	204	2	4270563	75.49
2020-12-28	204	1	4270563	75.49
2020-12-29	236	0	4270563	75.49
2020-12-30	205	1	4270563	75.49
2020-12-31	286	1	4270563	75.49
2021-01-01	285	2	4270563	75.49
2021-01-02	205	1	4270563	75.49
2021-01-03	269	0	4270563	75.49
2021-01-04	372	1	4270563	75.49
2021-01-05	312	0	4270563	75.49
2021-01-06	411	0	4270563	75.49
2021-01-07	540	0	4270563	75.49
2021-01-08	495	2	4270563	75.49
2021-01-09	427	2	4270563	75.49
2021-01-10	414	1	4270563	75.49
2021-01-11	527	2	4270563	75.49
2021-01-12	494	1	4270563	75.49
2021-01-13	539	0	4270563	75.49
2021-01-14	560	0	4270563	75.49
2021-01-15	530	1	4270563	75.49
2021-01-16	435	0	4270563	75.49
2021-01-17	378	0	4270563	75.49
2021-01-18	467	1	4270563	75.49
2021-01-19	578	2	4270563	75.49
2021-01-20	442	1	4270563	75.49
2021-01-21	570	0	4270563	75.49
2021-01-22	533	1	4270563	75.49
2021-01-23	534	0	4270563	75.49
2021-01-24	384	0	4270563	75.49
2021-01-25	492	2	4270563	75.49
2021-01-26	505	3	4270563	75.49
2021-01-27	580	0	4270563	75.49
2021-01-28	588	1	4270563	75.49
2021-01-29	658	0	4270563	75.49
2021-01-30	514	1	4270563	75.49
2021-01-31	635	0	4270563	75.49
2021-02-01	586	0	4270563	75.49
2021-02-02	811	1	4270563	75.49
2021-02-03	756	1	4270563	75.49
2021-02-04	840	1	4270563	75.49
2021-02-05	940	2	4270563	75.49
2021-02-06	846	0	4270563	75.49
2021-02-07	962	2	4270563	75.49
2021-02-08	996	3	4270563	75.49
2021-02-09	1002	6	4270563	75.49
2021-02-10	987	5	4270563	75.49
2021-02-11	1048	5	4270563	75.49
2021-02-12	1021	7	4270563	75.49
2021-02-13	851	6	4270563	75.49
2021-02-14	798	5	4270563	75.49
2021-02-15	823	6	4270563	75.49
2021-02-16	964	5	4270563	75.49
2021-02-17	1017	5	4270563	75.49
2021-02-18	979	8	4270563	75.49
2021-02-19	976	7	4270563	75.49
2021-02-20	862	5	4270563	75.49
2021-02-21	768	5	4270563	75.49
2021-02-22	899	5	4270563	75.49
2021-02-23	1015	8	4270563	75.49
2021-02-24	1001	5	4270563	75.49
2021-02-25	1019	5	4270563	75.49
2021-02-26	1022	5	4270563	75.49
2021-02-27	844	6	4270563	75.49
2021-02-28	962	5	4270563	75.49
2021-03-01	1179	2	4270563	75.49
2021-03-02	1341	7	4270563	75.49
2021-03-03	1409	5	4270563	75.49
2021-03-04	1716	8	4270563	75.49
2021-03-05	1613	8	4270563	75.49
2021-03-06	1318	7	4270563	75.49
2021-03-07	1144	7	4270563	75.49
2021-03-08	1326	6	4270563	75.49
2021-03-09	1157	8	4270563	75.49
2021-03-10	1333	3	4270563	75.49
2021-03-11	1505	4	4270563	75.49
2021-03-12	1356	8	4270563	75.49
2021-03-13	1211	9	4270563	75.49
2021-03-14	1063	7	4270563	75.49
2021-03-15	1332	7	4270563	75.49
2021-03-16	1314	7	4270563	75.49
2021-03-17	1504	8	4270563	75.49
2021-03-18	1394	8	4270563	75.49
2021-03-19	1519	8	4270563	75.49
2021-03-20	1347	5	4270563	75.49
2021-03-21	1192	11	4270563	75.49
