2020-03-18	3	0	6524191	71.45
2020-03-19	0	0	6524191	71.45
2020-03-20	3	0	6524191	71.45
2020-03-21	8	0	6524191	71.45
2020-03-22	0	0	6524191	71.45
2020-03-23	2	0	6524191	71.45
2020-03-24	26	0	6524191	71.45
2020-03-25	2	0	6524191	71.45
2020-03-26	0	0	6524191	71.45
2020-03-27	14	0	6524191	71.45
2020-03-28	0	0	6524191	71.45
2020-03-29	26	0	6524191	71.45
2020-03-30	10	0	6524191	71.45
2020-03-31	13	0	6524191	71.45
2020-04-01	4	0	6524191	71.45
2020-04-02	5	0	6524191	71.45
2020-04-03	14	1	6524191	71.45
2020-04-04	14	0	6524191	71.45
2020-04-05	3	0	6524191	71.45
2020-04-06	69	3	6524191	71.45
2020-04-07	12	0	6524191	71.45
2020-04-08	42	0	6524191	71.45
2020-04-09	10	0	6524191	71.45
2020-04-10	18	1	6524191	71.45
2020-04-11	41	0	6524191	71.45
2020-04-12	38	0	6524191	71.45
2020-04-13	42	0	6524191	71.45
2020-04-14	11	0	6524191	71.45
2020-04-15	19	0	6524191	71.45
2020-04-16	17	0	6524191	71.45
2020-04-17	23	0	6524191	71.45
2020-04-18	17	0	6524191	71.45
2020-04-19	48	0	6524191	71.45
2020-04-20	14	2	6524191	71.45
2020-04-21	22	0	6524191	71.45
2020-04-22	22	0	6524191	71.45
2020-04-23	19	1	6524191	71.45
2020-04-24	34	0	6524191	71.45
2020-04-25	0	0	6524191	71.45
2020-04-26	17	0	6524191	71.45
2020-04-27	13	0	6524191	71.45
2020-04-28	13	0	6524191	71.45
2020-04-29	21	0	6524191	71.45
2020-04-30	17	0	6524191	71.45
2020-05-01	10	0	6524191	71.45
2020-05-02	13	0	6524191	71.45
2020-05-03	26	2	6524191	71.45
2020-05-04	35	0	6524191	71.45
2020-05-05	13	1	6524191	71.45
2020-05-06	28	1	6524191	71.45
2020-05-07	24	0	6524191	71.45
2020-05-08	11	0	6524191	71.45
2020-05-09	25	0	6524191	71.45
2020-05-10	71	0	6524191	71.45
2020-05-11	14	0	6524191	71.45
2020-05-12	21	0	6524191	71.45
2020-05-13	7	0	6524191	71.45
2020-05-14	38	0	6524191	71.45
2020-05-15	29	2	6524191	71.45
2020-05-16	6	0	6524191	71.45
2020-05-17	21	0	6524191	71.45
2020-05-18	78	0	6524191	71.45
2020-05-19	27	0	6524191	71.45
2020-05-20	27	0	6524191	71.45
2020-05-21	43	0	6524191	71.45
2020-05-22	37	0	6524191	71.45
2020-05-23	15	0	6524191	71.45
2020-05-24	38	0	6524191	71.45
2020-05-25	30	2	6524191	71.45
2020-05-26	35	0	6524191	71.45
2020-05-27	52	0	6524191	71.45
2020-05-28	74	0	6524191	71.45
2020-05-29	68	0	6524191	71.45
2020-05-30	60	0	6524191	71.45
2020-05-31	26	0	6524191	71.45
2020-06-01	69	0	6524191	71.45
2020-06-02	28	1	6524191	71.45
2020-06-03	26	3	6524191	71.45
2020-06-04	28	0	6524191	71.45
2020-06-05	37	2	6524191	71.45
2020-06-06	38	0	6524191	71.45
2020-06-07	33	0	6524191	71.45
2020-06-08	25	1	6524191	71.45
2020-06-09	23	1	6524191	71.45
2020-06-10	38	2	6524191	71.45
2020-06-11	73	0	6524191	71.45
2020-06-12	0	0	6524191	71.45
2020-06-13	41	1	6524191	71.45
2020-06-14	78	0	6524191	71.45
2020-06-15	187	1	6524191	71.45
2020-06-16	90	2	6524191	71.45
2020-06-17	95	1	6524191	71.45
2020-06-18	0	0	6524191	71.45
2020-06-19	132	1	6524191	71.45
2020-06-20	192	3	6524191	71.45
2020-06-21	375	5	6524191	71.45
2020-06-22	0	0	6524191	71.45
2020-06-23	370	2	6524191	71.45
2020-06-24	228	1	6524191	71.45
2020-06-25	250	0	6524191	71.45
2020-06-26	242	3	6524191	71.45
2020-06-27	67	0	6524191	71.45
2020-06-28	504	4	6524191	71.45
2020-06-29	279	7	6524191	71.45
2020-06-30	210	4	6524191	71.45
2020-07-01	755	5	6524191	71.45
2020-07-02	506	10	6524191	71.45
2020-07-03	111	0	6524191	71.45
2020-07-04	216	2	6524191	71.45
2020-07-05	283	10	6524191	71.45
2020-07-06	764	11	6524191	71.45
2020-07-07	138	8	6524191	71.45
2020-07-08	568	9	6524191	71.45
2020-07-09	511	6	6524191	71.45
2020-07-10	552	3	6524191	71.45
2020-07-11	500	4	6524191	71.45
2020-07-12	707	18	6524191	71.45
2020-07-13	327	2	6524191	71.45
2020-07-14	0	0	6524191	71.45
2020-07-15	838	16	6524191	71.45
2020-07-16	216	2	6524191	71.45
2020-07-17	603	6	6524191	71.45
2020-07-18	11505	727	6524191	71.45
2020-07-19	2537	137	6524191	71.45
2020-07-20	0	0	6524191	71.45
2020-07-21	1108	42	6524191	71.45
2020-07-22	729	32	6524191	71.45
2020-07-23	2267	100	6524191	71.45
2020-07-24	0	0	6524191	71.45
2020-07-25	877	38	6524191	71.45
2020-07-26	689	28	6524191	71.45
2020-07-27	483	24	6524191	71.45
2020-07-28	548	28	6524191	71.45
2020-07-29	748	18	6524191	71.45
2020-07-30	631	17	6524191	71.45
2020-07-31	582	14	6524191	71.45
2020-08-01	494	19	6524191	71.45
2020-08-02	420	12	6524191	71.45
2020-08-03	410	11	6524191	71.45
2020-08-04	412	7	6524191	71.45
2020-08-05	569	11	6524191	71.45
2020-08-06	549	9	6524191	71.45
2020-08-07	503	4	6524191	71.45
2020-08-08	409	8	6524191	71.45
2020-08-09	348	9	6524191	71.45
2020-08-10	166	6	6524191	71.45
2020-08-11	370	4	6524191	71.45
2020-08-12	304	6	6524191	71.45
2020-08-13	310	3	6524191	71.45
2020-08-14	304	4	6524191	71.45
2020-08-15	272	2	6524191	71.45
2020-08-16	211	2	6524191	71.45
2020-08-17	135	1	6524191	71.45
2020-08-18	155	2	6524191	71.45
2020-08-19	179	0	6524191	71.45
2020-08-20	182	0	6524191	71.45
2020-08-21	196	-443	6524191	71.45
2020-08-22	186	0	6524191	71.45
2020-08-23	134	1	6524191	71.45
2020-08-24	103	1	6524191	71.45
2020-08-25	119	0	6524191	71.45
2020-08-26	113	0	6524191	71.45
2020-08-27	101	0	6524191	71.45
2020-08-28	128	0	6524191	71.45
2020-08-29	125	0	6524191	71.45
2020-08-30	108	1	6524191	71.45
2020-08-31	78	0	6524191	71.45
2020-09-01	60	1	6524191	71.45
2020-09-02	78	0	6524191	71.45
2020-09-03	99	0	6524191	71.45
2020-09-04	64	1	6524191	71.45
2020-09-05	94	0	6524191	71.45
2020-09-06	110	0	6524191	71.45
2020-09-07	55	0	6524191	71.45
2020-09-08	29	0	6524191	71.45
2020-09-09	126	1	6524191	71.45
2020-09-10	71	0	6524191	71.45
2020-09-11	77	2	6524191	71.45
2020-09-12	67	0	6524191	71.45
2020-09-13	53	0	6524191	71.45
2020-09-14	47	0	6524191	71.45
2020-09-15	71	0	6524191	71.45
2020-09-16	73	0	6524191	71.45
2020-09-17	81	0	6524191	71.45
2020-09-18	91	0	6524191	71.45
2020-09-19	91	0	6524191	71.45
2020-09-20	0	0	6524191	71.45
2020-09-21	136	0	6524191	71.45
2020-09-22	71	0	6524191	71.45
2020-09-23	88	0	6524191	71.45
2020-09-24	127	0	6524191	71.45
2020-09-25	175	0	6524191	71.45
2020-09-26	158	0	6524191	71.45
2020-09-27	161	0	6524191	71.45
2020-09-28	104	1	6524191	71.45
2020-09-29	167	0	6524191	71.45
2020-09-30	147	0	6524191	71.45
2020-10-01	172	1	6524191	71.45
2020-10-02	215	0	6524191	71.45
2020-10-03	128	1	6524191	71.45
2020-10-04	244	0	6524191	71.45
2020-10-05	207	0	6524191	71.45
2020-10-06	164	0	6524191	71.45
2020-10-07	298	3	6524191	71.45
2020-10-08	245	4	6524191	71.45
2020-10-09	275	4	6524191	71.45
2020-10-10	307	5	6524191	71.45
2020-10-11	306	3	6524191	71.45
2020-10-12	298	5	6524191	71.45
2020-10-13	343	2	6524191	71.45
2020-10-14	330	2	6524191	71.45
2020-10-15	388	5	6524191	71.45
2020-10-16	431	4	6524191	71.45
2020-10-17	470	5	6524191	71.45
2020-10-18	554	3	6524191	71.45
2020-10-19	482	0	6524191	71.45
2020-10-20	384	2	6524191	71.45
2020-10-21	549	5	6524191	71.45
2020-10-22	547	4	6524191	71.45
2020-10-23	582	4	6524191	71.45
2020-10-24	556	4	6524191	71.45
2020-10-25	606	4	6524191	71.45
2020-10-26	420	0	6524191	71.45
2020-10-27	568	2	6524191	71.45
2020-10-28	538	2	6524191	71.45
2020-10-29	522	1	6524191	71.45
2020-10-30	596	3	6524191	71.45
2020-10-31	484	2	6524191	71.45
2020-11-01	0	0	6524191	71.45
2020-11-02	1001	11	6524191	71.45
2020-11-03	895	8	6524191	71.45
2020-11-04	535	4	6524191	71.45
2020-11-05	0	0	6524191	71.45
2020-11-06	439	3	6524191	71.45
2020-11-07	556	2	6524191	71.45
2020-11-08	515	5	6524191	71.45
2020-11-09	571	5	6524191	71.45
2020-11-10	970	6	6524191	71.45
2020-11-11	0	0	6524191	71.45
2020-11-12	527	5	6524191	71.45
2020-11-13	567	2	6524191	71.45
2020-11-14	499	1	6524191	71.45
2020-11-15	1030	7	6524191	71.45
2020-11-16	0	0	6524191	71.45
2020-11-17	486	4	6524191	71.45
2020-11-18	425	5	6524191	71.45
2020-11-19	422	5	6524191	71.45
2020-11-20	386	6	6524191	71.45
2020-11-21	447	4	6524191	71.45
2020-11-22	432	4	6524191	71.45
2020-11-23	304	6	6524191	71.45
2020-11-24	481	4	6524191	71.45
2020-11-25	805	10	6524191	71.45
2020-11-26	377	5	6524191	71.45
2020-11-27	0	0	6524191	71.45
2020-11-28	423	6	6524191	71.45
2020-11-29	836	9	6524191	71.45
2020-11-30	371	4	6524191	71.45
2020-12-01	0	0	6524191	71.45
2020-12-02	335	2	6524191	71.45
2020-12-03	420	8	6524191	71.45
2020-12-04	440	0	6524191	71.45
2020-12-05	401	5	6524191	71.45
2020-12-06	621	7	6524191	71.45
2020-12-07	0	0	6524191	71.45
2020-12-08	295	4	6524191	71.45
2020-12-09	322	5	6524191	71.45
2020-12-10	379	0	6524191	71.45
2020-12-11	668	1	6524191	71.45
2020-12-12	0	0	6524191	71.45
2020-12-13	297	5	6524191	71.45
2020-12-14	318	0	6524191	71.45
2020-12-15	477	5	6524191	71.45
2020-12-16	0	0	6524191	71.45
2020-12-17	264	4	6524191	71.45
2020-12-18	264	3	6524191	71.45
2020-12-19	232	4	6524191	71.45
2020-12-20	343	3	6524191	71.45
2020-12-21	0	0	6524191	71.45
2020-12-22	175	4	6524191	71.45
2020-12-23	230	2	6524191	71.45
2020-12-24	186	3	6524191	71.45
2020-12-25	180	0	6524191	71.45
2020-12-26	157	4	6524191	71.45
2020-12-27	191	4	6524191	71.45
2020-12-28	162	1	6524191	71.45
2020-12-29	119	4	6524191	71.45
2020-12-30	189	1	6524191	71.45
2020-12-31	191	1	6524191	71.45
2021-01-01	122	1	6524191	71.45
2021-01-02	58	2	6524191	71.45
2021-01-03	174	2	6524191	71.45
2021-01-04	0	0	6524191	71.45
2021-01-05	124	0	6524191	71.45
2021-01-06	144	1	6524191	71.45
2021-01-07	170	2	6524191	71.45
2021-01-08	165	2	6524191	71.45
2021-01-09	147	2	6524191	71.45
2021-01-10	135	2	6524191	71.45
2021-01-11	107	2	6524191	71.45
2021-01-12	207	4	6524191	71.45
2021-01-13	0	0	6524191	71.45
2021-01-14	136	3	6524191	71.45
2021-01-15	263	4	6524191	71.45
2021-01-16	123	2	6524191	71.45
2021-01-17	69	3	6524191	71.45
2021-01-18	0	0	6524191	71.45
2021-01-19	252	5	6524191	71.45
2021-01-20	0	0	6524191	71.45
2021-01-21	155	2	6524191	71.45
2021-01-22	211	4	6524191	71.45
2021-01-23	0	0	6524191	71.45
2021-01-24	104	2	6524191	71.45
2021-01-25	168	2	6524191	71.45
2021-01-26	107	3	6524191	71.45
2021-01-27	128	3	6524191	71.45
2021-01-28	0	0	6524191	71.45
2021-01-29	74	1	6524191	71.45
2021-01-30	152	3	6524191	71.45
2021-01-31	59	0	6524191	71.45
2021-02-01	0	0	6524191	71.45
2021-02-02	58	2	6524191	71.45
2021-02-03	186	4	6524191	71.45
2021-02-04	88	2	6524191	71.45
2021-02-05	0	0	6524191	71.45
2021-02-06	72	3	6524191	71.45
2021-02-07	79	3	6524191	71.45
2021-02-08	42	5	6524191	71.45
2021-02-09	58	2	6524191	71.45
2021-02-10	82	3	6524191	71.45
2021-02-11	75	1	6524191	71.45
2021-02-12	70	2	6524191	71.45
2021-02-13	43	2	6524191	71.45
2021-02-14	34	1	6524191	71.45
2021-02-15	41	0	6524191	71.45
2021-02-16	48	2	6524191	71.45
2021-02-17	125	3	6524191	71.45
2021-02-18	0	0	6524191	71.45
2021-02-19	142	5	6524191	71.45
2021-02-20	0	0	6524191	71.45
2021-02-21	98	6	6524191	71.45
2021-02-22	0	0	6524191	71.45
2021-02-23	72	2	6524191	71.45
2021-02-24	24	0	6524191	71.45
2021-02-25	66	3	6524191	71.45
2021-02-26	51	0	6524191	71.45
2021-02-27	43	0	6524191	71.45
2021-02-28	66	3	6524191	71.45
2021-03-01	57	1	6524191	71.45
2021-03-02	48	1	6524191	71.45
2021-03-03	54	0	6524191	71.45
2021-03-04	0	2	6524191	71.45
2021-03-05	41	0	6524191	71.45
2021-03-06	55	1	6524191	71.45
2021-03-07	44	0	6524191	71.45
2021-03-08	33	2	6524191	71.45
2021-03-09	57	3	6524191	71.45
2021-03-10	0	0	6524191	71.45
2021-03-11	115	4	6524191	71.45
2021-03-12	63	0	6524191	71.45
2021-03-13	0	0	6524191	71.45
2021-03-14	32	3	6524191	71.45
2021-03-15	67	0	6524191	71.45
2021-03-16	128	2	6524191	71.45
2021-03-17	98	0	6524191	71.45
2021-03-18	0	0	6524191	71.45
2021-03-19	96	2	6524191	71.45
2021-03-20	150	3	6524191	71.45
2021-03-21	0	0	6524191	71.45
