2020-03-04	0	0	6871287		72.91
2020-03-05	0	0	6871287		72.91
2020-03-06	0	0	6871287		72.91
2020-03-07	0	0	6871287		72.91
2020-03-08	0	0	6871287		72.91
2020-03-09	0	0	6871287		72.91
2020-03-10	0	0	6871287		72.91
2020-03-11	0	0	6871287		72.91
2020-03-12	0	0	6871287		72.91
2020-03-13	0	0	6871287		72.91
2020-03-14	0	0	6871287		72.91
2020-03-15	0	0	6871287		72.91
2020-03-16	0	0	6871287		72.91
2020-03-17	0	0	6871287		72.91
2020-03-18	0	0	6871287		72.91
2020-03-19	0	0	6871287		72.91
2020-03-20	0	0	6871287		72.91
2020-03-21	0	0	6871287		72.91
2020-03-22	0	0	6871287		72.91
2020-03-23	0	0	6871287		72.91
2020-03-24	1	0	6871287		72.91
2020-03-25	0	0	6871287		72.91
2020-03-26	0	0	6871287		72.91
2020-03-27	0	0	6871287		72.91
2020-03-28	2	0	6871287		72.91
2020-03-29	5	0	6871287		72.91
2020-03-30	0	0	6871287		72.91
2020-03-31	2	0	6871287		72.91
2020-04-01	0	0	6871287		72.91
2020-04-02	1	1	6871287		72.91
2020-04-03	0	0	6871287		72.91
2020-04-04	7	0	6871287		72.91
2020-04-05	0	0	6871287		72.91
2020-04-06	1	0	6871287		72.91
2020-04-07	1	0	6871287		72.91
2020-04-08	1	0	6871287		72.91
2020-04-09	3	0	6871287		72.91
2020-04-10	0	0	6871287		72.91
2020-04-11	0	0	6871287		72.91
2020-04-12	1	0	6871287		72.91
2020-04-13	1	0	6871287		72.91
2020-04-14	9	0	6871287		72.91
2020-04-15	13	0	6871287		72.91
2020-04-16	1	0	6871287		72.91
2020-04-17	0	0	6871287		72.91
2020-04-18	0	0	6871287		72.91
2020-04-19	2	0	6871287		72.91
2020-04-20	0	0	6871287		72.91
2020-04-21	0	0	6871287		72.91
2020-04-22	8	0	6871287		72.91
2020-04-23	1	1	6871287		72.91
2020-04-24	1	0	6871287		72.91
2020-04-25	0	0	6871287		72.91
2020-04-26	0	0	6871287		72.91
2020-04-27	0	0	6871287		72.91
2020-04-28	0	0	6871287		72.91
2020-04-29	0	0	6871287		72.91
2020-04-30	0	1	6871287		72.91
2020-05-01	2	0	6871287		72.91
2020-05-02	0	0	6871287		72.91
2020-05-03	0	0	6871287		72.91
2020-05-04	0	0	6871287		72.91
2020-05-05	0	0	6871287		72.91
2020-05-06	1	0	6871287		72.91
2020-05-07	0	0	6871287		72.91
2020-05-08	0	0	6871287		72.91
2020-05-09	0	0	6871287		72.91
2020-05-10	0	0	6871287		72.91
2020-05-11	0	0	6871287		72.91
2020-05-12	0	0	6871287		72.91
2020-05-13	0	0	6871287		72.91
2020-05-14	0	0	6871287		72.91
2020-05-15	0	0	6871287		72.91
2020-05-16	1	0	6871287		72.91
2020-05-17	0	0	6871287		72.91
2020-05-18	0	0	6871287		72.91
2020-05-19	3	0	6871287		72.91
2020-05-20	1	0	6871287		72.91
2020-05-21	2	0	6871287		72.91
2020-05-22	1	0	6871287		72.91
2020-05-23	3	0	6871287		72.91
2020-05-24	0	0	6871287		72.91
2020-05-25	0	0	6871287		72.91
2020-05-26	2	0	6871287		72.91
2020-05-27	22	1	6871287		72.91
2020-05-28	6	1	6871287		72.91
2020-05-29	13	0	6871287		72.91
2020-05-30	12	0	6871287		72.91
2020-05-31	26	0	6871287		72.91
2020-06-01	12	0	6871287		72.91
2020-06-02	14	0	6871287		72.91
2020-06-03	14	0	6871287		72.91
2020-06-04	13	0	6871287		72.91
2020-06-05	30	0	6871287		72.91
2020-06-06	17	0	6871287		72.91
2020-06-07	0	0	6871287		72.91
2020-06-08	76	0	6871287		72.91
2020-06-09	27	0	6871287		72.91
2020-06-10	19	0	6871287		72.91
2020-06-11	15	0	6871287		72.91
2020-06-12	16	1	6871287		72.91
2020-06-13	9	2	6871287		72.91
2020-06-14	36	2	6871287		72.91
2020-06-15	13	0	6871287		72.91
2020-06-16	17	0	6871287		72.91
2020-06-17	16	0	6871287		72.91
2020-06-18	10	0	6871287		72.91
2020-06-19	10	0	6871287		72.91
2020-06-20	24	0	6871287		72.91
2020-06-21	27	0	6871287		72.91
2020-06-22	24	0	6871287		72.91
2020-06-23	44	7	6871287		72.91
2020-06-24	31	1	6871287		72.91
2020-06-25	28	0	6871287		72.91
2020-06-26	15	0	6871287		72.91
2020-06-27	14	0	6871287		72.91
2020-06-28	35	3	6871287		72.91
2020-06-29	40	2	6871287		72.91
2020-06-30	22	1	6871287		72.91
2020-07-01	50	1	6871287		72.91
2020-07-02	17	1	6871287		72.91
2020-07-03	27	1	6871287		72.91
2020-07-04	71	0	6871287		72.91
2020-07-05	57	5	6871287		72.91
2020-07-06	71	2	6871287		72.91
2020-07-07	65	1	6871287		72.91
2020-07-08	86	1	6871287		72.91
2020-07-09	74	2	6871287		72.91
2020-07-10	0	0	6871287		72.91
2020-07-11	47	0	6871287		72.91
2020-07-12	44	1	6871287		72.91
2020-07-13	79	1	6871287		72.91
2020-07-14	51	2	6871287		72.91
2020-07-15	26	1	6871287		72.91
2020-07-16	63	3	6871287		72.91
2020-07-17	52	1	6871287		72.91
2020-07-18	87	1	6871287		72.91
2020-07-19	75	0	6871287		72.91
2020-07-20	114	1	6871287		72.91
2020-07-21	108	1	6871287		72.91
2020-07-22	88	3	6871287		72.91
2020-07-23	138	3	6871287		72.91
2020-07-24	110	1	6871287		72.91
2020-07-25	123	1	6871287		72.91
2020-07-26	122	2	6871287		72.91
2020-07-27	158	4	6871287		72.91
2020-07-28	190	3	6871287		72.91
2020-07-29	205	9	6871287		72.91
2020-07-30	216	-3	6871287		72.91
2020-07-31	183	1	6871287		72.91
2020-08-01	70	6	6871287		72.91
2020-08-02	146	3	6871287		72.91
2020-08-03	226	10	6871287		72.91
2020-08-04	161	3	6871287		72.91
2020-08-05	251	3	6871287		72.91
2020-08-06	404	8	6871287		72.91
2020-08-07	200	1	6871287		72.91
2020-08-08	153	5	6871287		72.91
2020-08-09	219	6	6871287		72.91
2020-08-10	478	6	6871287		72.91
2020-08-11	373	7	6871287		72.91
2020-08-12	309	0	6871287		72.91
2020-08-13	439	3	6871287		72.91
2020-08-14	277	4	6871287		72.91
2020-08-15	411	6	6871287		72.91
2020-08-16	434	8	6871287		72.91
2020-08-17	407	4	6871287		72.91
2020-08-18	489	7	6871287		72.91
2020-08-19	395	5	6871287		72.91
2020-08-20	244	4	6871287		72.91
2020-08-21	414	7	6871287		72.91
2020-08-22	316	8	6871287		72.91
2020-08-23	0	0	6871287		72.91
2020-08-24	572	11	6871287		72.91
2020-08-25	272	4	6871287		72.91
2020-08-26	553	7	6871287		72.91
2020-08-27	440	9	6871287		72.91
2020-08-28	355	7	6871287		72.91
2020-08-29	329	5	6871287		72.91
2020-08-30	465	1	6871287		72.91
2020-08-31	543	5	6871287		72.91
2020-09-01	658	5	6871287		72.91
2020-09-02	532	8	6871287		72.91
2020-09-03	617	4	6871287		72.91
2020-09-04	672	8	6871287		72.91
2020-09-05	649	10	6871287		72.91
2020-09-06	655	13	6871287		72.91
2020-09-07	1085	11	6871287		72.91
2020-09-08	749	18	6871287		72.91
2020-09-09	879	10	6871287		72.91
2020-09-10	477	15	6871287		72.91
2020-09-11	969	13	6871287		72.91
2020-09-12	440	2	6871287		72.91
2020-09-13	433	8	6871287		72.91
2020-09-14	734	6	6871287		72.91
2020-09-15	629	15	6871287		72.91
2020-09-16	792	11	6871287		72.91
2020-09-17	886	15	6871287		72.91
2020-09-18	616	9	6871287		72.91
2020-09-19	796	18	6871287		72.91
2020-09-20	715	8	6871287		72.91
2020-09-21	847	6	6871287		72.91
2020-09-22	650	10	6871287		72.91
2020-09-23	651	9	6871287		72.91
2020-09-24	535	5	6871287		72.91
2020-09-25	658	17	6871287		72.91
2020-09-26	538	8	6871287		72.91
2020-09-27	536	21	6871287		72.91
2020-09-28	849	7	6871287		72.91
2020-09-29	801	13	6871287		72.91
2020-09-30	511	11	6871287		72.91
2020-10-01	683	8	6871287		72.91
2020-10-02	509	11	6871287		72.91
2020-10-03	370	8	6871287		72.91
2020-10-04	722	14	6871287		72.91
2020-10-05	628	4	6871287		72.91
2020-10-06	1031	6	6871287		72.91
2020-10-07	1045	6	6871287		72.91
2020-10-08	779	8	6871287		72.91
2020-10-09	1076	5	6871287		72.91
2020-10-10	318	2	6871287		72.91
2020-10-11	1026	8	6871287		72.91
2020-10-12	1109	13	6871287		72.91
2020-10-13	1164	12	6871287		72.91
2020-10-14	836	13	6871287		72.91
2020-10-15	855	12	6871287		72.91
2020-10-16	1169	18	6871287		72.91
2020-10-17	0	0	6871287		72.91
2020-10-18	945	26	6871287		72.91
2020-10-19	1159	7	6871287		72.91
2020-10-20	957	14	6871287		72.91
2020-10-21	719	19	6871287		72.91
2020-10-22	995	3	6871287		72.91
2020-10-23	764	6	6871287		72.91
2020-10-24	990	16	6871287		72.91
2020-10-25	1639	5	6871287		72.91
2020-10-26	1210	6	6871287		72.91
2020-10-27	752	11	6871287		72.91
2020-10-28	899	11	6871287		72.91
2020-10-29	782	8	6871287		72.91
2020-10-30	972	16	6871287		72.91
2020-10-31	467	10	6871287		72.91
2020-11-01	950	14	6871287		72.91
2020-11-02	862	9	6871287		72.91
2020-11-03	781	13	6871287		72.91
2020-11-04	899	7	6871287		72.91
2020-11-05	853	7	6871287		72.91
2020-11-06	1004	8	6871287		72.91
2020-11-07	595	5	6871287		72.91
2020-11-08	1078	9	6871287		72.91
2020-11-09	923	15	6871287		72.91
2020-11-10	970	13	6871287		72.91
2020-11-11	875	13	6871287		72.91
2020-11-12	919	15	6871287		72.91
2020-11-13	824	10	6871287		72.91
2020-11-14	0	0	6871287		72.91
2020-11-15	974	22	6871287		72.91
2020-11-16	722	8	6871287		72.91
2020-11-17	612	16	6871287		72.91
2020-11-18	529	12	6871287		72.91
2020-11-19	541	9	6871287		72.91
2020-11-20	802	6	6871287		72.91
2020-11-21	0	0	6871287		72.91
2020-11-22	1015	21	6871287		72.91
2020-11-23	650	13	6871287		72.91
2020-11-24	707	8	6871287		72.91
2020-11-25	617	15	6871287		72.91
2020-11-26	610	15	6871287		72.91
2020-11-27	866	13	6871287		72.91
2020-11-28	0	0	6871287		72.91
2020-11-29	1157	13	6871287		72.91
2020-11-30	379	17	6871287		72.91
2020-12-01	608	13	6871287		72.91
2020-12-02	670	4	6871287		72.91
2020-12-03	762	12	6871287		72.91
2020-12-04	680	7	6871287		72.91
2020-12-05	0	0	6871287		72.91
2020-12-06	1051	12	6871287		72.91
2020-12-07	517	12	6871287		72.91
2020-12-08	889	12	6871287		72.91
2020-12-09	536	6	6871287		72.91
2020-12-10	661	12	6871287		72.91
2020-12-11	697	5	6871287		72.91
2020-12-12	0	0	6871287		72.91
2020-12-13	899	21	6871287		72.91
2020-12-14	578	15	6871287		72.91
2020-12-15	660	5	6871287		72.91
2020-12-16	560	5	6871287		72.91
2020-12-17	706	13	6871287		72.91
2020-12-18	489	9	6871287		72.91
2020-12-19	0	0	6871287		72.91
2020-12-20	788	7	6871287		72.91
2020-12-21	640	16	6871287		72.91
2020-12-22	506	16	6871287		72.91
2020-12-23	640	8	6871287		72.91
2020-12-24	846	6	6871287		72.91
2020-12-25	461	16	6871287		72.91
2020-12-26	0	0	6871287		72.91
2020-12-27	728	21	6871287		72.91
2020-12-28	532	4	6871287		72.91
2020-12-29	437	4	6871287		72.91
2020-12-30	585	15	6871287		72.91
2020-12-31	342	19	6871287		72.91
2021-01-01	467	9	6871287		72.91
2021-01-02	0	0	6871287		72.91
2021-01-03	670	23	6871287		72.91
2021-01-04	561	16	6871287		72.91
2021-01-05	481	10	6871287		72.91
2021-01-06	424	10	6871287		72.91
2021-01-07	635	12	6871287		72.91
2021-01-08	487	10	6871287		72.91
2021-01-09	0	0	6871287		72.91
2021-01-10	743	13	6871287		72.91
2021-01-11	633	8	6871287		72.91
2021-01-12	652	33	6871287		72.91
2021-01-13	640	7	6871287		72.91
2021-01-14	764	16	6871287		72.91
2021-01-15	583	6	6871287		72.91
2021-01-16	0	0	6871287		72.91
2021-01-17	1071	14	6871287		72.91
2021-01-18	781	33	6871287		72.91
2021-01-19	596	2	6871287		72.91
2021-01-20	659	15	6871287		72.91
2021-01-21	622	1	6871287		72.91
2021-01-22	794	21	6871287		72.91
2021-01-23	0	0	6871287		72.91
2021-01-24	1148	26	6871287		72.91
2021-01-25	741	19	6871287		72.91
2021-01-26	870	7	6871287		72.91
2021-01-27	765	13	6871287		72.91
2021-01-28	715	30	6871287		72.91
2021-01-29	871	10	6871287		72.91
2021-01-30	0	0	6871287		72.91
2021-01-31	981	35	6871287		72.91
2021-02-01	771	6	6871287		72.91
2021-02-02	1032	13	6871287		72.91
2021-02-03	809	18	6871287		72.91
2021-02-04	770	5	6871287		72.91
2021-02-05	881	17	6871287		72.91
2021-02-06	0	0	6871287		72.91
2021-02-07	1132	17	6871287		72.91
2021-02-08	856	21	6871287		72.91
2021-02-09	679	8	6871287		72.91
2021-02-10	467	7	6871287		72.91
2021-02-11	333	20	6871287		72.91
2021-02-12	520	5	6871287		72.91
2021-02-13	0	0	6871287		72.91
2021-02-14	473	4	6871287		72.91
2021-02-15	351	24	6871287		72.91
2021-02-16	331	9	6871287		72.91
2021-02-17	312	5	6871287		72.91
2021-02-18	392	5	6871287		72.91
2021-02-19	585	27	6871287		72.91
2021-02-20	0	0	6871287		72.91
2021-02-21	472	26	6871287		72.91
2021-02-22	415	2	6871287		72.91
2021-02-23	489	9	6871287		72.91
2021-02-24	561	26	6871287		72.91
2021-02-25	571	5	6871287		72.91
2021-02-26	625	18	6871287		72.91
2021-02-27	0	0	6871287		72.91
2021-02-28	880	5	6871287		72.91
2021-03-01	789	31	6871287		72.91
2021-03-02	840	6	6871287		72.91
2021-03-03	618	3	6871287		72.91
2021-03-04	1002	14	6871287		72.91
2021-03-05	895	3	6871287		72.91
2021-03-06	0	0	6871287		72.91
2021-03-07	1158	37	6871287		72.91
2021-03-08	1018	15	6871287		72.91
2021-03-09	1030	9	6871287		72.91
2021-03-10	910	33	6871287		72.91
2021-03-11	1073	10	6871287		72.91
2021-03-12	972	8	6871287		72.91
2021-03-13	0	0	6871287		72.91
2021-03-14	1350	38	6871287		72.91
2021-03-15	1087	16	6871287		72.91
2021-03-16	1041	4	6871287		72.91
2021-03-17	1054	16	6871287		72.91
2021-03-18	1032	13	6871287		72.91
2021-03-19	1134	52	6871287		72.91
2021-03-20	0	0	6871287		72.91
2021-03-21	1264	19	6871287		72.91
