2020-02-23	0	0	2722291	75.93
2020-02-29	1	0	2722291	75.93
2020-03-01	0	0	2722291	75.93
2020-03-02	0	0	2722291	75.93
2020-03-03	0	0	2722291	75.93
2020-03-04	0	0	2722291	75.93
2020-03-05	0	0	2722291	75.93
2020-03-06	0	0	2722291	75.93
2020-03-07	0	0	2722291	75.93
2020-03-08	0	0	2722291	75.93
2020-03-09	0	0	2722291	75.93
2020-03-10	0	0	2722291	75.93
2020-03-11	2	0	2722291	75.93
2020-03-12	0	0	2722291	75.93
2020-03-13	1	0	2722291	75.93
2020-03-14	2	0	2722291	75.93
2020-03-15	3	0	2722291	75.93
2020-03-16	3	0	2722291	75.93
2020-03-17	7	0	2722291	75.93
2020-03-18	8	0	2722291	75.93
2020-03-19	9	0	2722291	75.93
2020-03-20	11	0	2722291	75.93
2020-03-21	22	0	2722291	75.93
2020-03-22	42	0	2722291	75.93
2020-03-23	17	0	2722291	75.93
2020-03-24	38	1	2722291	75.93
2020-03-25	42	1	2722291	75.93
2020-03-26	55	1	2722291	75.93
2020-03-27	29	1	2722291	75.93
2020-03-28	47	0	2722291	75.93
2020-03-29	39	0	2722291	75.93
2020-03-30	46	0	2722291	75.93
2020-03-31	44	0	2722291	75.93
2020-04-01	44	2	2722291	75.93
2020-04-02	67	0	2722291	75.93
2020-04-03	52	0	2722291	75.93
2020-04-04	52	1	2722291	75.93
2020-04-05	33	1	2722291	75.93
2020-04-06	34	2	2722291	75.93
2020-04-07	33	1	2722291	75.93
2020-04-08	38	0	2722291	75.93
2020-04-09	37	0	2722291	75.93
2020-04-10	38	1	2722291	75.93
2020-04-11	30	1	2722291	75.93
2020-04-12	26	1	2722291	75.93
2020-04-13	18	1	2722291	75.93
2020-04-14	7	1	2722291	75.93
2020-04-15	18	4	2722291	75.93
2020-04-16	27	0	2722291	75.93
2020-04-17	28	1	2722291	75.93
2020-04-18	41	1	2722291	75.93
2020-04-19	62	1	2722291	75.93
2020-04-20	20	3	2722291	75.93
2020-04-21	53	0	2722291	75.93
2020-04-22	24	1	2722291	75.93
2020-04-23	22	0	2722291	75.93
2020-04-24	19	1	2722291	75.93
2020-04-25	10	1	2722291	75.93
2020-04-26	15	2	2722291	75.93
2020-04-27	12	1	2722291	75.93
2020-04-28	9	0	2722291	75.93
2020-04-29	27	0	2722291	75.93
2020-04-30	11	0	2722291	75.93
2020-05-01	14	0	2722291	75.93
2020-05-02	5	1	2722291	75.93
2020-05-03	5	0	2722291	75.93
2020-05-04	8	0	2722291	75.93
2020-05-05	3	0	2722291	75.93
2020-05-06	6	1	2722291	75.93
2020-05-07	5	1	2722291	75.93
2020-05-08	9	0	2722291	75.93
2020-05-09	29	0	2722291	75.93
2020-05-10	12	1	2722291	75.93
2020-05-11	8	0	2722291	75.93
2020-05-12	9	3	2722291	75.93
2020-05-13	14	0	2722291	75.93
2020-05-14	9	0	2722291	75.93
2020-05-15	10	2	2722291	75.93
2020-05-16	15	1	2722291	75.93
2020-05-17	9	1	2722291	75.93
2020-05-18	6	2	2722291	75.93
2020-05-19	8	0	2722291	75.93
2020-05-20	21	1	2722291	75.93
2020-05-21	12	0	2722291	75.93
2020-05-22	6	0	2722291	75.93
2020-05-23	14	1	2722291	75.93
2020-05-24	6	1	2722291	75.93
2020-05-25	10	1	2722291	75.93
2020-05-26	4	2	2722291	75.93
2020-05-27	8	0	2722291	75.93
2020-05-28	9	1	2722291	75.93
2020-05-29	5	0	2722291	75.93
2020-05-30	8	2	2722291	75.93
2020-05-31	5	0	2722291	75.93
2020-06-01	4	1	2722291	75.93
2020-06-02	5	0	2722291	75.93
2020-06-03	3	0	2722291	75.93
2020-06-04	5	0	2722291	75.93
2020-06-05	5	0	2722291	75.93
2020-06-06	11	0	2722291	75.93
2020-06-07	9	1	2722291	75.93
2020-06-08	7	2	2722291	75.93
2020-06-09	6	0	2722291	75.93
2020-06-10	6	0	2722291	75.93
2020-06-11	19	0	2722291	75.93
2020-06-12	4	1	2722291	75.93
2020-06-13	7	0	2722291	75.93
2020-06-14	5	0	2722291	75.93
2020-06-15	5	1	2722291	75.93
2020-06-16	3	0	2722291	75.93
2020-06-17	2	0	2722291	75.93
2020-06-18	6	0	2722291	75.93
2020-06-19	8	0	2722291	75.93
2020-06-20	3	0	2722291	75.93
2020-06-21	3	0	2722291	75.93
2020-06-22	3	0	2722291	75.93
2020-06-23	2	1	2722291	75.93
2020-06-24	1	0	2722291	75.93
2020-06-25	2	0	2722291	75.93
2020-06-26	2	0	2722291	75.93
2020-06-27	5	0	2722291	75.93
2020-06-28	2	0	2722291	75.93
2020-06-29	1	0	2722291	75.93
2020-06-30	1	0	2722291	75.93
2020-07-01	1	0	2722291	75.93
2020-07-02	7	1	2722291	75.93
2020-07-03	3	0	2722291	75.93
2020-07-04	3	0	2722291	75.93
2020-07-05	5	0	2722291	75.93
2020-07-06	5	0	2722291	75.93
2020-07-07	3	0	2722291	75.93
2020-07-08	10	0	2722291	75.93
2020-07-09	3	0	2722291	75.93
2020-07-10	4	0	2722291	75.93
2020-07-11	4	0	2722291	75.93
2020-07-12	4	0	2722291	75.93
2020-07-13	5	0	2722291	75.93
2020-07-14	1	0	2722291	75.93
2020-07-15	21	0	2722291	75.93
2020-07-16	6	0	2722291	75.93
2020-07-17	6	0	2722291	75.93
2020-07-18	7	1	2722291	75.93
2020-07-19	18	0	2722291	75.93
2020-07-20	14	0	2722291	75.93
2020-07-21	2	0	2722291	75.93
2020-07-22	2	0	2722291	75.93
2020-07-23	10	0	2722291	75.93
2020-07-24	26	0	2722291	75.93
2020-07-25	14	0	2722291	75.93
2020-07-26	7	0	2722291	75.93
2020-07-27	11	0	2722291	75.93
2020-07-28	8	0	2722291	75.93
2020-07-29	15	0	2722291	75.93
2020-07-30	19	0	2722291	75.93
2020-07-31	13	0	2722291	75.93
2020-08-01	18	0	2722291	75.93
2020-08-02	17	0	2722291	75.93
2020-08-03	10	0	2722291	75.93
2020-08-04	17	0	2722291	75.93
2020-08-05	10	1	2722291	75.93
2020-08-06	24	0	2722291	75.93
2020-08-07	24	0	2722291	75.93
2020-08-08	36	0	2722291	75.93
2020-08-09	22	0	2722291	75.93
2020-08-10	12	0	2722291	75.93
2020-08-11	18	0	2722291	75.93
2020-08-12	26	0	2722291	75.93
2020-08-13	21	0	2722291	75.93
2020-08-14	22	0	2722291	75.93
2020-08-15	33	0	2722291	75.93
2020-08-16	30	0	2722291	75.93
2020-08-17	21	0	2722291	75.93
2020-08-18	37	0	2722291	75.93
2020-08-19	22	0	2722291	75.93
2020-08-20	32	1	2722291	75.93
2020-08-21	37	1	2722291	75.93
2020-08-22	30	1	2722291	75.93
2020-08-23	41	0	2722291	75.93
2020-08-24	38	1	2722291	75.93
2020-08-25	21	0	2722291	75.93
2020-08-26	32	0	2722291	75.93
2020-08-27	36	0	2722291	75.93
2020-08-28	48	1	2722291	75.93
2020-08-29	29	0	2722291	75.93
2020-08-30	35	0	2722291	75.93
2020-08-31	32	0	2722291	75.93
2020-09-01	23	0	2722291	75.93
2020-09-02	29	0	2722291	75.93
2020-09-03	20	0	2722291	75.93
2020-09-04	26	0	2722291	75.93
2020-09-05	36	0	2722291	75.93
2020-09-06	43	0	2722291	75.93
2020-09-07	17	0	2722291	75.93
2020-09-08	32	0	2722291	75.93
2020-09-09	32	0	2722291	75.93
2020-09-10	36	0	2722291	75.93
2020-09-11	44	1	2722291	75.93
2020-09-12	53	0	2722291	75.93
2020-09-13	39	1	2722291	75.93
2020-09-14	51	0	2722291	75.93
2020-09-15	11	0	2722291	75.93
2020-09-16	45	0	2722291	75.93
2020-09-17	62	0	2722291	75.93
2020-09-18	61	0	2722291	75.93
2020-09-19	99	0	2722291	75.93
2020-09-20	80	0	2722291	75.93
2020-09-21	70	0	2722291	75.93
2020-09-22	45	0	2722291	75.93
2020-09-23	73	1	2722291	75.93
2020-09-24	138	2	2722291	75.93
2020-09-25	114	0	2722291	75.93
2020-09-26	111	0	2722291	75.93
2020-09-27	91	2	2722291	75.93
2020-09-28	104	1	2722291	75.93
2020-09-29	88	0	2722291	75.93
2020-09-30	115	0	2722291	75.93
2020-10-01	91	0	2722291	75.93
2020-10-02	171	1	2722291	75.93
2020-10-03	125	2	2722291	75.93
2020-10-04	105	1	2722291	75.93
2020-10-05	99	1	2722291	75.93
2020-10-06	80	2	2722291	75.93
2020-10-07	115	1	2722291	75.93
2020-10-08	142	1	2722291	75.93
2020-10-09	133	1	2722291	75.93
2020-10-10	204	0	2722291	75.93
2020-10-11	160	2	2722291	75.93
2020-10-12	126	0	2722291	75.93
2020-10-13	118	1	2722291	75.93
2020-10-14	137	4	2722291	75.93
2020-10-15	255	0	2722291	75.93
2020-10-16	281	3	2722291	75.93
2020-10-17	228	1	2722291	75.93
2020-10-18	253	2	2722291	75.93
2020-10-19	207	2	2722291	75.93
2020-10-20	203	3	2722291	75.93
2020-10-21	313	3	2722291	75.93
2020-10-22	427	4	2722291	75.93
2020-10-23	445	3	2722291	75.93
2020-10-24	480	1	2722291	75.93
2020-10-25	597	6	2722291	75.93
2020-10-26	765	2	2722291	75.93
2020-10-27	423	5	2722291	75.93
2020-10-28	771	5	2722291	75.93
2020-10-29	948	4	2722291	75.93
2020-10-30	725	6	2722291	75.93
2020-10-31	1000	8	2722291	75.93
2020-11-01	883	3	2722291	75.93
2020-11-02	834	4	2722291	75.93
2020-11-03	893	11	2722291	75.93
2020-11-04	653	6	2722291	75.93
2020-11-05	992	2	2722291	75.93
2020-11-06	1650	7	2722291	75.93
2020-11-07	1940	10	2722291	75.93
2020-11-08	1976	9	2722291	75.93
2020-11-09	1038	8	2722291	75.93
2020-11-10	1108	17	2722291	75.93
2020-11-11	1433	10	2722291	75.93
2020-11-12	1554	11	2722291	75.93
2020-11-13	2057	14	2722291	75.93
2020-11-14	1525	17	2722291	75.93
2020-11-15	1377	14	2722291	75.93
2020-11-16	1148	14	2722291	75.93
2020-11-17	966	20	2722291	75.93
2020-11-18	1941	21	2722291	75.93
2020-11-19	1669	23	2722291	75.93
2020-11-20	2269	19	2722291	75.93
2020-11-21	1978	20	2722291	75.93
2020-11-22	2309	27	2722291	75.93
2020-11-23	1189	20	2722291	75.93
2020-11-24	1171	18	2722291	75.93
2020-11-25	2288	22	2722291	75.93
2020-11-26	2099	27	2722291	75.93
2020-11-27	2330	23	2722291	75.93
2020-11-28	2126	22	2722291	75.93
2020-11-29	1965	22	2722291	75.93
2020-11-30	1135	27	2722291	75.93
2020-12-01	1200	21	2722291	75.93
2020-12-02	2110	34	2722291	75.93
2020-12-03	2460	19	2722291	75.93
2020-12-04	2519	38	2722291	75.93
2020-12-05	2863	34	2722291	75.93
2020-12-06	2217	24	2722291	75.93
2020-12-07	1391	44	2722291	75.93
2020-12-08	1405	25	2722291	75.93
2020-12-09	3139	27	2722291	75.93
2020-12-10	3344	17	2722291	75.93
2020-12-11	3107	35	2722291	75.93
2020-12-12	3346	47	2722291	75.93
2020-12-13	2843	54	2722291	75.93
2020-12-14	1923	28	2722291	75.93
2020-12-15	1516	45	2722291	75.93
2020-12-16	3479	25	2722291	75.93
2020-12-17	3225	43	2722291	75.93
2020-12-18	3247	39	2722291	75.93
2020-12-19	3344	46	2722291	75.93
2020-12-20	2923	28	2722291	75.93
2020-12-21	2135	46	2722291	75.93
2020-12-22	2039	56	2722291	75.93
2020-12-23	3804	35	2722291	75.93
2020-12-24	3966	36	2722291	75.93
2020-12-25	2691	44	2722291	75.93
2020-12-26	2367	61	2722291	75.93
2020-12-27	1687	42	2722291	75.93
2020-12-28	1794	39	2722291	75.93
2020-12-29	2108	43	2722291	75.93
2020-12-30	3984	45	2722291	75.93
2020-12-31	2468	56	2722291	75.93
2021-01-01	3475	41	2722291	75.93
2021-01-02	1507	51	2722291	75.93
2021-01-03	1265	50	2722291	75.93
2021-01-04	1377	37	2722291	75.93
2021-01-05	1641	40	2722291	75.93
2021-01-06	2787	34	2722291	75.93
2021-01-07	2409	43	2722291	75.93
2021-01-08	2058	41	2722291	75.93
2021-01-09	1764	41	2722291	75.93
2021-01-10	1503	29	2722291	75.93
2021-01-11	774	43	2722291	75.93
2021-01-12	1012	34	2722291	75.93
2021-01-13	1764	37	2722291	75.93
2021-01-14	1445	33	2722291	75.93
2021-01-15	1224	35	2722291	75.93
2021-01-16	1234	34	2722291	75.93
2021-01-17	842	31	2722291	75.93
2021-01-18	477	26	2722291	75.93
2021-01-19	867	22	2722291	75.93
2021-01-20	1232	25	2722291	75.93
2021-01-21	1277	38	2722291	75.93
2021-01-22	1033	36	2722291	75.93
2021-01-23	1007	34	2722291	75.93
2021-01-24	773	23	2722291	75.93
2021-01-25	541	20	2722291	75.93
2021-01-26	691	17	2722291	75.93
2021-01-27	1283	29	2722291	75.93
2021-01-28	943	29	2722291	75.93
2021-01-29	859	17	2722291	75.93
2021-01-30	721	25	2722291	75.93
2021-01-31	803	17	2722291	75.93
2021-02-01	355	22	2722291	75.93
2021-02-02	546	17	2722291	75.93
2021-02-03	764	20	2722291	75.93
2021-02-04	740	18	2722291	75.93
2021-02-05	653	23	2722291	75.93
2021-02-06	677	19	2722291	75.93
2021-02-07	492	10	2722291	75.93
2021-02-08	269	18	2722291	75.93
2021-02-09	382	17	2722291	75.93
2021-02-10	570	16	2722291	75.93
2021-02-11	1067	25	2722291	75.93
2021-02-12	607	25	2722291	75.93
2021-02-13	576	19	2722291	75.93
2021-02-14	483	13	2722291	75.93
2021-02-15	213	10	2722291	75.93
2021-02-16	327	15	2722291	75.93
2021-02-17	557	18	2722291	75.93
2021-02-18	372	16	2722291	75.93
2021-02-19	793	16	2722291	75.93
2021-02-20	576	17	2722291	75.93
2021-02-21	489	9	2722291	75.93
2021-02-22	282	7	2722291	75.93
2021-02-23	500	11	2722291	75.93
2021-02-24	648	11	2722291	75.93
2021-02-25	568	9	2722291	75.93
2021-02-26	641	16	2722291	75.93
2021-02-27	653	9	2722291	75.93
2021-02-28	1802	10	2722291	75.93
2021-03-01	253	9	2722291	75.93
2021-03-02	427	10	2722291	75.93
2021-03-03	526	18	2722291	75.93
2021-03-04	547	13	2722291	75.93
2021-03-05	437	9	2722291	75.93
2021-03-06	464	18	2722291	75.93
2021-03-07	415	7	2722291	75.93
2021-03-08	216	8	2722291	75.93
2021-03-09	470	5	2722291	75.93
2021-03-10	486	10	2722291	75.93
2021-03-11	606	12	2722291	75.93
2021-03-12	364	10	2722291	75.93
2021-03-13	598	16	2722291	75.93
2021-03-14	431	7	2722291	75.93
2021-03-15	259	14	2722291	75.93
2021-03-16	646	6	2722291	75.93
2021-03-17	599	11	2722291	75.93
2021-03-18	580	15	2722291	75.93
2021-03-19	579	10	2722291	75.93
2021-03-20	602	12	2722291	75.93
2021-03-21	361	12	2722291	75.93
