2020-03-20	3	0	27691019	67.04
2020-03-21	0	0	27691019	67.04
2020-03-22	0	0	27691019	67.04
2020-03-23	9	0	27691019	67.04
2020-03-24	5	0	27691019	67.04
2020-03-25	2	0	27691019	67.04
2020-03-26	4	0	27691019	67.04
2020-03-27	3	0	27691019	67.04
2020-03-28	0	0	27691019	67.04
2020-03-29	13	0	27691019	67.04
2020-03-30	4	0	27691019	67.04
2020-03-31	14	0	27691019	67.04
2020-04-01	0	0	27691019	67.04
2020-04-02	2	0	27691019	67.04
2020-04-03	11	0	27691019	67.04
2020-04-04	0	0	27691019	67.04
2020-04-05	2	0	27691019	67.04
2020-04-06	10	0	27691019	67.04
2020-04-07	6	0	27691019	67.04
2020-04-08	5	0	27691019	67.04
2020-04-09	0	0	27691019	67.04
2020-04-10	0	0	27691019	67.04
2020-04-11	9	0	27691019	67.04
2020-04-12	4	0	27691019	67.04
2020-04-13	0	0	27691019	67.04
2020-04-14	2	0	27691019	67.04
2020-04-15	2	0	27691019	67.04
2020-04-16	1	0	27691019	67.04
2020-04-17	6	0	27691019	67.04
2020-04-18	3	0	27691019	67.04
2020-04-19	1	0	27691019	67.04
2020-04-20	0	0	27691019	67.04
2020-04-21	0	0	27691019	67.04
2020-04-22	0	0	27691019	67.04
2020-04-23	0	0	27691019	67.04
2020-04-24	1	0	27691019	67.04
2020-04-25	1	0	27691019	67.04
2020-04-26	1	0	27691019	67.04
2020-04-27	4	0	27691019	67.04
2020-04-28	0	0	27691019	67.04
2020-04-29	0	0	27691019	67.04
2020-04-30	0	0	27691019	67.04
2020-05-01	4	0	27691019	67.04
2020-05-02	3	0	27691019	67.04
2020-05-03	14	0	27691019	67.04
2020-05-04	0	0	27691019	67.04
2020-05-05	2	0	27691019	67.04
2020-05-06	7	0	27691019	67.04
2020-05-07	35	0	27691019	67.04
2020-05-08	0	0	27691019	67.04
2020-05-09	0	0	27691019	67.04
2020-05-10	0	0	27691019	67.04
2020-05-11	-7	0	27691019	67.04
2020-05-12	0	0	27691019	67.04
2020-05-13	26	0	27691019	67.04
2020-05-14	18	0	27691019	67.04
2020-05-15	8	0	27691019	67.04
2020-05-16	45	0	27691019	67.04
2020-05-17	21	1	27691019	67.04
2020-05-18	18	0	27691019	67.04
2020-05-19	4	1	27691019	67.04
2020-05-20	45	0	27691019	67.04
2020-05-21	34	0	27691019	67.04
2020-05-22	43	0	27691019	67.04
2020-05-23	40	0	27691019	67.04
2020-05-24	39	0	27691019	67.04
2020-05-25	15	0	27691019	67.04
2020-05-26	44	0	27691019	67.04
2020-05-27	26	0	27691019	67.04
2020-05-28	44	0	27691019	67.04
2020-05-29	42	3	27691019	67.04
2020-05-30	60	1	27691019	67.04
2020-05-31	13	0	27691019	67.04
2020-06-01	55	0	27691019	67.04
2020-06-02	19	0	27691019	67.04
2020-06-03	63	0	27691019	67.04
2020-06-04	49	1	27691019	67.04
2020-06-05	18	0	27691019	67.04
2020-06-06	51	1	27691019	67.04
2020-06-07	26	1	27691019	67.04
2020-06-08	42	0	27691019	67.04
2020-06-09	44	0	27691019	67.04
2020-06-10	24	1	27691019	67.04
2020-06-11	41	0	27691019	67.04
2020-06-12	37	0	27691019	67.04
2020-06-13	12	0	27691019	67.04
2020-06-14	20	0	27691019	67.04
2020-06-15	18	0	27691019	67.04
2020-06-16	27	2	27691019	67.04
2020-06-17	61	0	27691019	67.04
2020-06-18	25	1	27691019	67.04
2020-06-19	40	0	27691019	67.04
2020-06-20	60	0	27691019	67.04
2020-06-21	93	1	27691019	67.04
2020-06-22	44	1	27691019	67.04
2020-06-23	84	0	27691019	67.04
2020-06-24	63	1	27691019	67.04
2020-06-25	42	0	27691019	67.04
2020-06-26	93	0	27691019	67.04
2020-06-27	83	0	27691019	67.04
2020-06-28	73	2	27691019	67.04
2020-06-29	60	2	27691019	67.04
2020-06-30	76	0	27691019	67.04
2020-07-01	89	2	27691019	67.04
2020-07-02	100	2	27691019	67.04
2020-07-03	109	2	27691019	67.04
2020-07-04	216	3	27691019	67.04
2020-07-05	213	3	27691019	67.04
2020-07-06	309	1	27691019	67.04
2020-07-07	222	0	27691019	67.04
2020-07-08	101	0	27691019	67.04
2020-07-09	209	0	27691019	67.04
2020-07-10	361	1	27691019	67.04
2020-07-11	435	0	27691019	67.04
2020-07-12	289	1	27691019	67.04
2020-07-13	213	2	27691019	67.04
2020-07-14	263	2	27691019	67.04
2020-07-15	262	4	27691019	67.04
2020-07-16	484	10	27691019	67.04
2020-07-17	378	1	27691019	67.04
2020-07-18	382	1	27691019	67.04
2020-07-19	200	4	27691019	67.04
2020-07-20	104	3	27691019	67.04
2020-07-21	395	3	27691019	67.04
2020-07-22	614	4	27691019	67.04
2020-07-23	219	1	27691019	67.04
2020-07-24	360	6	27691019	67.04
2020-07-25	125	2	27691019	67.04
2020-07-26	429	7	27691019	67.04
2020-07-27	395	6	27691019	67.04
2020-07-28	414	2	27691019	67.04
2020-07-29	213	6	27691019	67.04
2020-07-30	431	6	27691019	67.04
2020-07-31	120	1	27691019	67.04
2020-08-01	405	1	27691019	67.04
2020-08-02	255	7	27691019	67.04
2020-08-03	132	4	27691019	67.04
2020-08-04	235	5	27691019	67.04
2020-08-05	327	4	27691019	67.04
2020-08-06	304	7	27691019	67.04
2020-08-07	182	1	27691019	67.04
2020-08-08	214	6	27691019	67.04
2020-08-09	164	7	27691019	67.04
2020-08-10	116	3	27691019	67.04
2020-08-11	115	1	27691019	67.04
2020-08-12	80	4	27691019	67.04
2020-08-13	125	6	27691019	67.04
2020-08-14	121	2	27691019	67.04
2020-08-15	81	2	27691019	67.04
2020-08-16	103	4	27691019	67.04
2020-08-17	59	1	27691019	67.04
2020-08-18	123	2	27691019	67.04
2020-08-19	65	0	27691019	67.04
2020-08-20	80	4	27691019	67.04
2020-08-21	64	1	27691019	67.04
2020-08-22	59	0	27691019	67.04
2020-08-23	50	0	27691019	67.04
2020-08-24	75	0	27691019	67.04
2020-08-25	73	0	27691019	67.04
2020-08-26	79	3	27691019	67.04
2020-08-27	38	3	27691019	67.04
2020-08-28	104	3	27691019	67.04
2020-08-29	95	3	27691019	67.04
2020-08-30	52	1	27691019	67.04
2020-08-31	20	1	27691019	67.04
2020-09-01	94	3	27691019	67.04
2020-09-02	66	1	27691019	67.04
2020-09-03	83	1	27691019	67.04
2020-09-04	81	1	27691019	67.04
2020-09-05	82	1	27691019	67.04
2020-09-06	50	1	27691019	67.04
2020-09-07	33	2	27691019	67.04
2020-09-08	83	4	27691019	67.04
2020-09-09	85	0	27691019	67.04
2020-09-10	104	2	27691019	67.04
2020-09-11	45	1	27691019	67.04
2020-09-12	68	1	27691019	67.04
2020-09-13	20	1	27691019	67.04
2020-09-14	12	2	27691019	67.04
2020-09-15	34	1	27691019	67.04
2020-09-16	68	1	27691019	67.04
2020-09-17	54	1	27691019	67.04
2020-09-18	46	1	27691019	67.04
2020-09-19	49	2	27691019	67.04
2020-09-20	33	4	27691019	67.04
2020-09-21	20	2	27691019	67.04
2020-09-22	63	1	27691019	67.04
2020-09-23	31	0	27691019	67.04
2020-09-24	24	1	27691019	67.04
2020-09-25	30	1	27691019	67.04
2020-09-26	36	1	27691019	67.04
2020-09-27	28	0	27691019	67.04
2020-09-28	63	0	27691019	67.04
2020-09-29	29	0	27691019	67.04
2020-09-30	31	1	27691019	67.04
2020-10-01	46	2	27691019	67.04
2020-10-02	39	0	27691019	67.04
2020-10-03	36	0	27691019	67.04
2020-10-04	29	0	27691019	67.04
2020-10-05	12	1	27691019	67.04
2020-10-06	30	1	27691019	67.04
2020-10-07	33	1	27691019	67.04
2020-10-08	21	0	27691019	67.04
2020-10-09	22	2	27691019	67.04
2020-10-10	26	0	27691019	67.04
2020-10-11	16	0	27691019	67.04
2020-10-12	8	0	27691019	67.04
2020-10-13	28	0	27691019	67.04
2020-10-14	0	0	27691019	67.04
2020-10-15	0	0	27691019	67.04
2020-10-16	0	0	27691019	67.04
2020-10-17	56	1	27691019	67.04
2020-10-18	0	0	27691019	67.04
2020-10-19	0	0	27691019	67.04
2020-10-20	0	0	27691019	67.04
2020-10-21	0	0	27691019	67.04
2020-10-22	0	0	27691019	67.04
2020-10-23	0	0	27691019	67.04
2020-10-24	158	6	27691019	67.04
2020-10-25	0	0	27691019	67.04
2020-10-26	0	0	27691019	67.04
2020-10-27	0	0	27691019	67.04
2020-10-28	0	0	27691019	67.04
2020-10-29	0	0	27691019	67.04
2020-10-30	0	0	27691019	67.04
2020-10-31	143	0	27691019	67.04
2020-11-01	0	0	27691019	67.04
2020-11-02	0	0	27691019	67.04
2020-11-03	0	0	27691019	67.04
2020-11-04	0	0	27691019	67.04
2020-11-05	0	0	27691019	67.04
2020-11-06	0	0	27691019	67.04
2020-11-07	0	0	27691019	67.04
2020-11-08	112	5	27691019	67.04
2020-11-09	0	0	27691019	67.04
2020-11-10	0	0	27691019	67.04
2020-11-11	0	0	27691019	67.04
2020-11-12	0	0	27691019	67.04
2020-11-13	0	0	27691019	67.04
2020-11-14	0	0	27691019	67.04
2020-11-15	87	1	27691019	67.04
2020-11-16	0	0	27691019	67.04
2020-11-17	0	0	27691019	67.04
2020-11-18	0	0	27691019	67.04
2020-11-19	0	0	27691019	67.04
2020-11-20	0	0	27691019	67.04
2020-11-21	0	0	27691019	67.04
2020-11-22	31	1	27691019	67.04
2020-11-23	0	0	27691019	67.04
2020-11-24	0	0	27691019	67.04
2020-11-25	0	0	27691019	67.04
2020-11-26	0	0	27691019	67.04
2020-11-27	0	0	27691019	67.04
2020-11-28	0	0	27691019	67.04
2020-11-29	0	0	27691019	67.04
2020-11-30	0	0	27691019	67.04
2020-12-01	0	0	27691019	67.04
2020-12-02	0	0	27691019	67.04
2020-12-03	0	4	27691019	67.04
2020-12-04	0	0	27691019	67.04
2020-12-05	132	0	27691019	67.04
2020-12-06	0	0	27691019	67.04
2020-12-07	0	0	27691019	67.04
2020-12-08	0	0	27691019	67.04
2020-12-09	0	0	27691019	67.04
2020-12-10	0	0	27691019	67.04
2020-12-11	0	0	27691019	67.04
2020-12-12	114	4	27691019	67.04
2020-12-13	0	0	27691019	67.04
2020-12-14	0	0	27691019	67.04
2020-12-15	0	0	27691019	67.04
2020-12-16	0	0	27691019	67.04
2020-12-17	0	0	27691019	67.04
2020-12-18	0	0	27691019	67.04
2020-12-19	0	0	27691019	67.04
2020-12-20	46	1	27691019	67.04
2020-12-21	0	0	27691019	67.04
2020-12-22	0	0	27691019	67.04
2020-12-23	0	0	27691019	67.04
2020-12-24	0	0	27691019	67.04
2020-12-25	0	0	27691019	67.04
2020-12-26	0	0	27691019	67.04
2020-12-27	81	1	27691019	67.04
2020-12-28	0	0	27691019	67.04
2020-12-29	0	0	27691019	67.04
2020-12-30	0	0	27691019	67.04
2020-12-31	0	0	27691019	67.04
2021-01-01	0	0	27691019	67.04
2021-01-02	53	1	27691019	67.04
2021-01-03	0	0	27691019	67.04
2021-01-04	0	0	27691019	67.04
2021-01-05	0	0	27691019	67.04
2021-01-06	0	0	27691019	67.04
2021-01-07	0	0	27691019	67.04
2021-01-08	0	0	27691019	67.04
2021-01-09	0	0	27691019	67.04
2021-01-10	234	5	27691019	67.04
2021-01-11	0	0	27691019	67.04
2021-01-12	0	0	27691019	67.04
2021-01-13	0	0	27691019	67.04
2021-01-14	0	0	27691019	67.04
2021-01-15	0	0	27691019	67.04
2021-01-16	0	0	27691019	67.04
2021-01-17	300	6	27691019	67.04
2021-01-18	0	0	27691019	67.04
2021-01-19	0	0	27691019	67.04
2021-01-20	0	0	27691019	67.04
2021-01-21	0	0	27691019	67.04
2021-01-22	0	0	27691019	67.04
2021-01-23	0	0	27691019	67.04
2021-01-24	442	6	27691019	67.04
2021-01-25	0	0	27691019	67.04
2021-01-26	0	0	27691019	67.04
2021-01-27	0	0	27691019	67.04
2021-01-28	0	0	27691019	67.04
2021-01-29	0	0	27691019	67.04
2021-01-30	0	0	27691019	67.04
2021-01-31	322	2	27691019	67.04
2021-02-01	0	0	27691019	67.04
2021-02-02	0	0	27691019	67.04
2021-02-03	0	0	27691019	67.04
2021-02-04	0	0	27691019	67.04
2021-02-05	0	0	27691019	67.04
2021-02-06	0	0	27691019	67.04
2021-02-07	295	4	27691019	67.04
2021-02-08	0	0	27691019	67.04
2021-02-09	0	0	27691019	67.04
2021-02-10	0	0	27691019	67.04
2021-02-11	0	0	27691019	67.04
2021-02-12	0	0	27691019	67.04
2021-02-13	0	0	27691019	67.04
2021-02-14	238	7	27691019	67.04
2021-02-15	0	0	27691019	67.04
2021-02-16	0	0	27691019	67.04
2021-02-17	0	0	27691019	67.04
2021-02-18	0	0	27691019	67.04
2021-02-19	0	0	27691019	67.04
2021-02-20	0	0	27691019	67.04
2021-02-21	233	5	27691019	67.04
2021-02-22	0	0	27691019	67.04
2021-02-23	0	0	27691019	67.04
2021-02-24	0	0	27691019	67.04
2021-02-25	0	0	27691019	67.04
2021-02-26	0	0	27691019	67.04
2021-02-27	0	0	27691019	67.04
2021-02-28	0	0	27691019	67.04
2021-03-01	0	0	27691019	67.04
2021-03-02	0	0	27691019	67.04
2021-03-03	0	0	27691019	67.04
2021-03-04	0	0	27691019	67.04
2021-03-05	0	0	27691019	67.04
2021-03-06	324	3	27691019	67.04
2021-03-07	0	0	27691019	67.04
2021-03-08	0	0	27691019	67.04
2021-03-09	0	0	27691019	67.04
2021-03-10	0	0	27691019	67.04
2021-03-11	0	0	27691019	67.04
2021-03-12	0	0	27691019	67.04
2021-03-13	1201	26	27691019	67.04
2021-03-14	0	0	27691019	67.04
2021-03-15	231	8	27691019	67.04
2021-03-16	101	1	27691019	67.04
2021-03-17	138	2	27691019	67.04
2021-03-18	173	1	27691019	67.04
2021-03-19	114	2	27691019	67.04
2021-03-20	162	5	27691019	67.04
2021-03-21	209	6	27691019	67.04
