2020-01-25	3	0	32365998	76.16
2020-01-26	1	0	32365998	76.16
2020-01-27	0	0	32365998	76.16
2020-01-28	0	0	32365998	76.16
2020-01-29	3	0	32365998	76.16
2020-01-30	1	0	32365998	76.16
2020-01-31	0	0	32365998	76.16
2020-02-01	0	0	32365998	76.16
2020-02-02	0	0	32365998	76.16
2020-02-03	0	0	32365998	76.16
2020-02-04	2	0	32365998	76.16
2020-02-05	2	0	32365998	76.16
2020-02-06	0	0	32365998	76.16
2020-02-07	0	0	32365998	76.16
2020-02-08	4	0	32365998	76.16
2020-02-09	0	0	32365998	76.16
2020-02-10	2	0	32365998	76.16
2020-02-11	0	0	32365998	76.16
2020-02-12	0	0	32365998	76.16
2020-02-13	1	0	32365998	76.16
2020-02-14	0	0	32365998	76.16
2020-02-15	3	0	32365998	76.16
2020-02-16	0	0	32365998	76.16
2020-02-17	0	0	32365998	76.16
2020-02-18	0	0	32365998	76.16
2020-02-19	0	0	32365998	76.16
2020-02-20	0	0	32365998	76.16
2020-02-21	0	0	32365998	76.16
2020-02-22	0	0	32365998	76.16
2020-02-23	0	0	32365998	76.16
2020-02-24	0	0	32365998	76.16
2020-02-25	0	0	32365998	76.16
2020-02-26	0	0	32365998	76.16
2020-02-27	1	0	32365998	76.16
2020-02-28	0	0	32365998	76.16
2020-02-29	2	0	32365998	76.16
2020-03-01	4	0	32365998	76.16
2020-03-02	0	0	32365998	76.16
2020-03-03	7	0	32365998	76.16
2020-03-04	14	0	32365998	76.16
2020-03-05	0	0	32365998	76.16
2020-03-06	33	0	32365998	76.16
2020-03-07	10	0	32365998	76.16
2020-03-08	6	0	32365998	76.16
2020-03-09	18	0	32365998	76.16
2020-03-10	12	0	32365998	76.16
2020-03-11	20	0	32365998	76.16
2020-03-12	0	0	32365998	76.16
2020-03-13	48	0	32365998	76.16
2020-03-14	41	0	32365998	76.16
2020-03-15	190	0	32365998	76.16
2020-03-16	138	0	32365998	76.16
2020-03-17	107	2	32365998	76.16
2020-03-18	117	0	32365998	76.16
2020-03-19	110	0	32365998	76.16
2020-03-20	130	1	32365998	76.16
2020-03-21	153	1	32365998	76.16
2020-03-22	123	6	32365998	76.16
2020-03-23	212	4	32365998	76.16
2020-03-24	106	2	32365998	76.16
2020-03-25	172	4	32365998	76.16
2020-03-26	235	3	32365998	76.16
2020-03-27	130	3	32365998	76.16
2020-03-28	159	1	32365998	76.16
2020-03-29	150	8	32365998	76.16
2020-03-30	156	2	32365998	76.16
2020-03-31	140	6	32365998	76.16
2020-04-01	142	2	32365998	76.16
2020-04-02	208	5	32365998	76.16
2020-04-03	217	3	32365998	76.16
2020-04-04	150	4	32365998	76.16
2020-04-05	179	4	32365998	76.16
2020-04-06	131	1	32365998	76.16
2020-04-07	170	1	32365998	76.16
2020-04-08	156	2	32365998	76.16
2020-04-09	109	2	32365998	76.16
2020-04-10	118	3	32365998	76.16
2020-04-11	184	3	32365998	76.16
2020-04-12	153	3	32365998	76.16
2020-04-13	134	1	32365998	76.16
2020-04-14	170	5	32365998	76.16
2020-04-15	85	1	32365998	76.16
2020-04-16	110	1	32365998	76.16
2020-04-17	69	2	32365998	76.16
2020-04-18	54	2	32365998	76.16
2020-04-19	84	1	32365998	76.16
2020-04-20	36	0	32365998	76.16
2020-04-21	57	3	32365998	76.16
2020-04-22	50	1	32365998	76.16
2020-04-23	71	2	32365998	76.16
2020-04-24	88	1	32365998	76.16
2020-04-25	51	2	32365998	76.16
2020-04-26	38	0	32365998	76.16
2020-04-27	40	1	32365998	76.16
2020-04-28	31	1	32365998	76.16
2020-04-29	94	0	32365998	76.16
2020-04-30	57	2	32365998	76.16
2020-05-01	69	1	32365998	76.16
2020-05-02	105	0	32365998	76.16
2020-05-03	122	2	32365998	76.16
2020-05-04	55	0	32365998	76.16
2020-05-05	30	1	32365998	76.16
2020-05-06	45	1	32365998	76.16
2020-05-07	39	0	32365998	76.16
2020-05-08	68	0	32365998	76.16
2020-05-09	54	1	32365998	76.16
2020-05-10	67	0	32365998	76.16
2020-05-11	70	1	32365998	76.16
2020-05-12	16	0	32365998	76.16
2020-05-13	37	2	32365998	76.16
2020-05-14	40	1	32365998	76.16
2020-05-15	36	0	32365998	76.16
2020-05-16	17	1	32365998	76.16
2020-05-17	22	0	32365998	76.16
2020-05-18	47	0	32365998	76.16
2020-05-19	37	1	32365998	76.16
2020-05-20	31	0	32365998	76.16
2020-05-21	50	0	32365998	76.16
2020-05-22	78	1	32365998	76.16
2020-05-23	48	0	32365998	76.16
2020-05-24	60	0	32365998	76.16
2020-05-25	172	0	32365998	76.16
2020-05-26	187	0	32365998	76.16
2020-05-27	15	0	32365998	76.16
2020-05-28	10	0	32365998	76.16
2020-05-29	103	0	32365998	76.16
2020-05-30	30	0	32365998	76.16
2020-05-31	57	0	32365998	76.16
2020-06-01	38	0	32365998	76.16
2020-06-02	20	0	32365998	76.16
2020-06-03	93	0	32365998	76.16
2020-06-04	277	0	32365998	76.16
2020-06-05	19	1	32365998	76.16
2020-06-06	37	1	32365998	76.16
2020-06-07	19	0	32365998	76.16
2020-06-08	7	0	32365998	76.16
2020-06-09	7	0	32365998	76.16
2020-06-10	2	1	32365998	76.16
2020-06-11	31	0	32365998	76.16
2020-06-12	33	1	32365998	76.16
2020-06-13	43	1	32365998	76.16
2020-06-14	8	1	32365998	76.16
2020-06-15	41	0	32365998	76.16
2020-06-16	11	0	32365998	76.16
2020-06-17	10	0	32365998	76.16
2020-06-18	14	0	32365998	76.16
2020-06-19	6	0	32365998	76.16
2020-06-20	21	0	32365998	76.16
2020-06-21	16	0	32365998	76.16
2020-06-22	15	0	32365998	76.16
2020-06-23	3	0	32365998	76.16
2020-06-24	6	0	32365998	76.16
2020-06-25	4	0	32365998	76.16
2020-06-26	6	0	32365998	76.16
2020-06-27	10	0	32365998	76.16
2020-06-28	18	0	32365998	76.16
2020-06-29	3	0	32365998	76.16
2020-06-30	2	0	32365998	76.16
2020-07-01	1	0	32365998	76.16
2020-07-02	3	0	32365998	76.16
2020-07-03	5	0	32365998	76.16
2020-07-04	10	0	32365998	76.16
2020-07-05	5	0	32365998	76.16
2020-07-06	5	0	32365998	76.16
2020-07-07	6	0	32365998	76.16
2020-07-08	3	0	32365998	76.16
2020-07-09	6	0	32365998	76.16
2020-07-10	13	0	32365998	76.16
2020-07-11	8	1	32365998	76.16
2020-07-12	14	0	32365998	76.16
2020-07-13	7	0	32365998	76.16
2020-07-14	4	0	32365998	76.16
2020-07-15	5	0	32365998	76.16
2020-07-16	3	0	32365998	76.16
2020-07-17	18	0	32365998	76.16
2020-07-18	9	0	32365998	76.16
2020-07-19	15	1	32365998	76.16
2020-07-20	21	0	32365998	76.16
2020-07-21	15	0	32365998	76.16
2020-07-22	16	0	32365998	76.16
2020-07-23	9	0	32365998	76.16
2020-07-24	21	0	32365998	76.16
2020-07-25	23	0	32365998	76.16
2020-07-26	13	1	32365998	76.16
2020-07-27	7	0	32365998	76.16
2020-07-28	39	0	32365998	76.16
2020-07-29	13	0	32365998	76.16
2020-07-30	8	0	32365998	76.16
2020-07-31	12	1	32365998	76.16
2020-08-01	9	0	32365998	76.16
2020-08-02	14	0	32365998	76.16
2020-08-03	2	0	32365998	76.16
2020-08-04	1	0	32365998	76.16
2020-08-05	21	0	32365998	76.16
2020-08-06	15	0	32365998	76.16
2020-08-07	25	0	32365998	76.16
2020-08-08	7	0	32365998	76.16
2020-08-09	13	0	32365998	76.16
2020-08-10	11	0	32365998	76.16
2020-08-11	9	0	32365998	76.16
2020-08-12	11	0	32365998	76.16
2020-08-13	15	0	32365998	76.16
2020-08-14	20	0	32365998	76.16
2020-08-15	26	0	32365998	76.16
2020-08-16	25	0	32365998	76.16
2020-08-17	12	0	32365998	76.16
2020-08-18	7	0	32365998	76.16
2020-08-19	16	0	32365998	76.16
2020-08-20	5	0	32365998	76.16
2020-08-21	9	0	32365998	76.16
2020-08-22	8	0	32365998	76.16
2020-08-23	10	0	32365998	76.16
2020-08-24	7	0	32365998	76.16
2020-08-25	11	0	32365998	76.16
2020-08-26	6	0	32365998	76.16
2020-08-27	5	0	32365998	76.16
2020-08-28	10	0	32365998	76.16
2020-08-29	11	0	32365998	76.16
2020-08-30	17	1	32365998	76.16
2020-08-31	6	1	32365998	76.16
2020-09-01	14	1	32365998	76.16
2020-09-02	6	0	32365998	76.16
2020-09-03	14	0	32365998	76.16
2020-09-04	11	0	32365998	76.16
2020-09-05	6	0	32365998	76.16
2020-09-06	6	0	32365998	76.16
2020-09-07	62	0	32365998	76.16
2020-09-08	100	0	32365998	76.16
2020-09-09	24	0	32365998	76.16
2020-09-10	45	0	32365998	76.16
2020-09-11	182	0	32365998	76.16
2020-09-12	58	0	32365998	76.16
2020-09-13	47	0	32365998	76.16
2020-09-14	31	0	32365998	76.16
2020-09-15	23	0	32365998	76.16
2020-09-16	62	0	32365998	76.16
2020-09-17	21	0	32365998	76.16
2020-09-18	95	1	32365998	76.16
2020-09-19	20	1	32365998	76.16
2020-09-20	52	0	32365998	76.16
2020-09-21	57	0	32365998	76.16
2020-09-22	82	0	32365998	76.16
2020-09-23	147	3	32365998	76.16
2020-09-24	71	0	32365998	76.16
2020-09-25	111	0	32365998	76.16
2020-09-26	82	0	32365998	76.16
2020-09-27	150	1	32365998	76.16
2020-09-28	115	0	32365998	76.16
2020-09-29	101	0	32365998	76.16
2020-09-30	89	2	32365998	76.16
2020-10-01	260	0	32365998	76.16
2020-10-02	287	0	32365998	76.16
2020-10-03	317	1	32365998	76.16
2020-10-04	293	0	32365998	76.16
2020-10-05	432	0	32365998	76.16
2020-10-06	691	4	32365998	76.16
2020-10-07	489	0	32365998	76.16
2020-10-08	375	5	32365998	76.16
2020-10-09	354	6	32365998	76.16
2020-10-10	374	3	32365998	76.16
2020-10-11	561	2	32365998	76.16
2020-10-12	563	2	32365998	76.16
2020-10-13	660	4	32365998	76.16
2020-10-14	660	4	32365998	76.16
2020-10-15	589	3	32365998	76.16
2020-10-16	629	6	32365998	76.16
2020-10-17	869	4	32365998	76.16
2020-10-18	871	7	32365998	76.16
2020-10-19	865	3	32365998	76.16
2020-10-20	862	3	32365998	76.16
2020-10-21	732	6	32365998	76.16
2020-10-22	847	5	32365998	76.16
2020-10-23	710	10	32365998	76.16
2020-10-24	1228	7	32365998	76.16
2020-10-25	823	8	32365998	76.16
2020-10-26	1240	7	32365998	76.16
2020-10-27	835	2	32365998	76.16
2020-10-28	801	8	32365998	76.16
2020-10-29	649	0	32365998	76.16
2020-10-30	799	3	32365998	76.16
2020-10-31	659	0	32365998	76.16
2020-11-01	957	0	32365998	76.16
2020-11-02	834	2	32365998	76.16
2020-11-03	1054	12	32365998	76.16
2020-11-04	1032	8	32365998	76.16
2020-11-05	1009	6	32365998	76.16
2020-11-06	1755	2	32365998	76.16
2020-11-07	1168	3	32365998	76.16
2020-11-08	852	4	32365998	76.16
2020-11-09	972	8	32365998	76.16
2020-11-10	869	6	32365998	76.16
2020-11-11	822	2	32365998	76.16
2020-11-12	919	1	32365998	76.16
2020-11-13	1304	1	32365998	76.16
2020-11-14	1114	2	32365998	76.16
2020-11-15	1208	3	32365998	76.16
2020-11-16	1103	4	32365998	76.16
2020-11-17	1210	5	32365998	76.16
2020-11-18	660	4	32365998	76.16
2020-11-19	1290	4	32365998	76.16
2020-11-20	958	3	32365998	76.16
2020-11-21	1041	3	32365998	76.16
2020-11-22	1096	3	32365998	76.16
2020-11-23	1884	2	32365998	76.16
2020-11-24	2188	4	32365998	76.16
2020-11-25	970	4	32365998	76.16
2020-11-26	935	3	32365998	76.16
2020-11-27	1109	2	32365998	76.16
2020-11-28	1315	4	32365998	76.16
2020-11-29	1309	3	32365998	76.16
2020-11-30	1212	3	32365998	76.16
2020-12-01	1472	3	32365998	76.16
2020-12-02	851	2	32365998	76.16
2020-12-03	1075	11	32365998	76.16
2020-12-04	1141	0	32365998	76.16
2020-12-05	1123	4	32365998	76.16
2020-12-06	1335	2	32365998	76.16
2020-12-07	1600	2	32365998	76.16
2020-12-08	1012	4	32365998	76.16
2020-12-09	959	5	32365998	76.16
2020-12-10	2234	3	32365998	76.16
2020-12-11	1810	6	32365998	76.16
2020-12-12	1937	9	32365998	76.16
2020-12-13	1229	4	32365998	76.16
2020-12-14	1371	4	32365998	76.16
2020-12-15	1772	3	32365998	76.16
2020-12-16	1295	7	32365998	76.16
2020-12-17	1220	3	32365998	76.16
2020-12-18	1683	0	32365998	76.16
2020-12-19	1153	1	32365998	76.16
2020-12-20	1340	4	32365998	76.16
2020-12-21	2018	1	32365998	76.16
2020-12-22	2062	1	32365998	76.16
2020-12-23	1348	5	32365998	76.16
2020-12-24	1581	2	32365998	76.16
2020-12-25	1247	3	32365998	76.16
2020-12-26	2335	2	32365998	76.16
2020-12-27	1196	1	32365998	76.16
2020-12-28	1594	3	32365998	76.16
2020-12-29	1925	2	32365998	76.16
2020-12-30	1870	6	32365998	76.16
2020-12-31	2525	8	32365998	76.16
2021-01-01	2068	3	32365998	76.16
2021-01-02	2295	9	32365998	76.16
2021-01-03	1704	11	32365998	76.16
2021-01-04	1741	7	32365998	76.16
2021-01-05	2027	8	32365998	76.16
2021-01-06	2593	4	32365998	76.16
2021-01-07	3027	8	32365998	76.16
2021-01-08	2643	16	32365998	76.16
2021-01-09	2451	5	32365998	76.16
2021-01-10	2433	9	32365998	76.16
2021-01-11	2232	4	32365998	76.16
2021-01-12	3309	4	32365998	76.16
2021-01-13	2985	4	32365998	76.16
2021-01-14	3337	15	32365998	76.16
2021-01-15	3211	8	32365998	76.16
2021-01-16	4029	8	32365998	76.16
2021-01-17	3339	7	32365998	76.16
2021-01-18	3306	4	32365998	76.16
2021-01-19	3631	14	32365998	76.16
2021-01-20	4008	11	32365998	76.16
2021-01-21	3170	12	32365998	76.16
2021-01-22	3631	18	32365998	76.16
2021-01-23	4275	7	32365998	76.16
2021-01-24	3346	11	32365998	76.16
2021-01-25	3048	11	32365998	76.16
2021-01-26	3585	11	32365998	76.16
2021-01-27	3680	7	32365998	76.16
2021-01-28	4094	10	32365998	76.16
2021-01-29	5725	16	32365998	76.16
2021-01-30	5728	13	32365998	76.16
2021-01-31	5298	14	32365998	76.16
2021-02-01	4214	10	32365998	76.16
2021-02-02	3455	21	32365998	76.16
2021-02-03	4284	18	32365998	76.16
2021-02-04	4571	17	32365998	76.16
2021-02-05	3391	19	32365998	76.16
2021-02-06	3847	12	32365998	76.16
2021-02-07	3731	15	32365998	76.16
2021-02-08	3100	24	32365998	76.16
2021-02-09	2764	13	32365998	76.16
2021-02-10	3288	14	32365998	76.16
2021-02-11	3384	13	32365998	76.16
2021-02-12	3318	17	32365998	76.16
2021-02-13	3499	5	32365998	76.16
2021-02-14	2464	7	32365998	76.16
2021-02-15	2176	10	32365998	76.16
2021-02-16	2720	8	32365998	76.16
2021-02-17	2998	22	32365998	76.16
2021-02-18	2712	25	32365998	76.16
2021-02-19	2936	13	32365998	76.16
2021-02-20	2461	8	32365998	76.16
2021-02-21	3297	5	32365998	76.16
2021-02-22	2192	6	32365998	76.16
2021-02-23	2468	14	32365998	76.16
2021-02-24	3545	12	32365998	76.16
2021-02-25	1924	12	32365998	76.16
2021-02-26	2253	11	32365998	76.16
2021-02-27	2364	10	32365998	76.16
2021-02-28	2437	9	32365998	76.16
2021-03-01	1828	5	32365998	76.16
2021-03-02	1555	6	32365998	76.16
2021-03-03	1745	7	32365998	76.16
2021-03-04	2063	5	32365998	76.16
2021-03-05	2154	6	32365998	76.16
2021-03-06	1680	7	32365998	76.16
2021-03-07	1683	3	32365998	76.16
2021-03-08	1529	8	32365998	76.16
2021-03-09	1280	9	32365998	76.16
2021-03-10	1448	5	32365998	76.16
2021-03-11	1647	9	32365998	76.16
2021-03-12	1575	3	32365998	76.16
2021-03-13	1470	3	32365998	76.16
2021-03-14	1354	4	32365998	76.16
2021-03-15	1208	3	32365998	76.16
2021-03-16	1063	5	32365998	76.16
2021-03-17	1219	2	32365998	76.16
2021-03-18	1213	3	32365998	76.16
2021-03-19	1576	2	32365998	76.16
2021-03-20	1671	4	32365998	76.16
2021-03-21	1327	4	32365998	76.16
