2020-03-25	2	0	20250834	59.31
2020-03-26	2	0	20250834	59.31
2020-03-27	7	0	20250834	59.31
2020-03-28	7	0	20250834	59.31
2020-03-29	0	1	20250834	59.31
2020-03-30	7	1	20250834	59.31
2020-03-31	3	0	20250834	59.31
2020-04-01	3	1	20250834	59.31
2020-04-02	5	0	20250834	59.31
2020-04-03	3	0	20250834	59.31
2020-04-04	2	0	20250834	59.31
2020-04-05	4	2	20250834	59.31
2020-04-06	2	0	20250834	59.31
2020-04-07	9	0	20250834	59.31
2020-04-08	3	2	20250834	59.31
2020-04-09	15	0	20250834	59.31
2020-04-10	13	0	20250834	59.31
2020-04-11	0	0	20250834	59.31
2020-04-12	18	2	20250834	59.31
2020-04-13	18	1	20250834	59.31
2020-04-14	21	3	20250834	59.31
2020-04-15	4	0	20250834	59.31
2020-04-16	23	0	20250834	59.31
2020-04-17	0	0	20250834	59.31
2020-04-18	45	0	20250834	59.31
2020-04-19	8	1	20250834	59.31
2020-04-20	22	0	20250834	59.31
2020-04-21	12	0	20250834	59.31
2020-04-22	35	3	20250834	59.31
2020-04-23	16	4	20250834	59.31
2020-04-24	16	0	20250834	59.31
2020-04-25	45	0	20250834	59.31
2020-04-26	19	2	20250834	59.31
2020-04-27	19	0	20250834	59.31
2020-04-28	16	1	20250834	59.31
2020-04-29	58	1	20250834	59.31
2020-04-30	8	1	20250834	59.31
2020-05-01	18	0	20250834	59.31
2020-05-02	36	0	20250834	59.31
2020-05-03	19	1	20250834	59.31
2020-05-04	17	2	20250834	59.31
2020-05-05	32	3	20250834	59.31
2020-05-06	19	0	20250834	59.31
2020-05-07	19	0	20250834	59.31
2020-05-08	18	3	20250834	59.31
2020-05-09	24	2	20250834	59.31
2020-05-10	12	1	20250834	59.31
2020-05-11	8	1	20250834	59.31
2020-05-12	18	1	20250834	59.31
2020-05-13	28	4	20250834	59.31
2020-05-14	21	2	20250834	59.31
2020-05-15	27	0	20250834	59.31
2020-05-16	29	2	20250834	59.31
2020-05-17	25	4	20250834	59.31
2020-05-18	14	0	20250834	59.31
2020-05-19	27	1	20250834	59.31
2020-05-20	30	2	20250834	59.31
2020-05-21	16	5	20250834	59.31
2020-05-22	22	2	20250834	59.31
2020-05-23	46	1	20250834	59.31
2020-05-24	15	2	20250834	59.31
2020-05-25	29	2	20250834	59.31
2020-05-26	18	3	20250834	59.31
2020-05-27	39	0	20250834	59.31
2020-05-28	78	2	20250834	59.31
2020-05-29	32	1	20250834	59.31
2020-05-30	24	3	20250834	59.31
2020-05-31	15	1	20250834	59.31
2020-06-01	50	1	20250834	59.31
2020-06-02	36	0	20250834	59.31
2020-06-03	35	1	20250834	59.31
2020-06-04	75	6	20250834	59.31
2020-06-05	24	2	20250834	59.31
2020-06-06	38	3	20250834	59.31
2020-06-07	10	0	20250834	59.31
2020-06-08	14	2	20250834	59.31
2020-06-09	39	2	20250834	59.31
2020-06-10	81	2	20250834	59.31
2020-06-11	55	1	20250834	59.31
2020-06-12	30	4	20250834	59.31
2020-06-13	24	3	20250834	59.31
2020-06-14	33	0	20250834	59.31
2020-06-15	51	0	20250834	59.31
2020-06-16	25	0	20250834	59.31
2020-06-17	5	3	20250834	59.31
2020-06-18	16	0	20250834	59.31
2020-06-19	17	1	20250834	59.31
2020-06-20	10	1	20250834	59.31
2020-06-21	0	0	20250834	59.31
2020-06-22	28	2	20250834	59.31
2020-06-23	17	0	20250834	59.31
2020-06-24	27	1	20250834	59.31
2020-06-25	34	1	20250834	59.31
2020-06-26	21	0	20250834	59.31
2020-06-27	58	0	20250834	59.31
2020-06-28	29	1	20250834	59.31
2020-06-29	26	1	20250834	59.31
2020-06-30	8	1	20250834	59.31
2020-07-01	21	0	20250834	59.31
2020-07-02	58	1	20250834	59.31
2020-07-03	25	0	20250834	59.31
2020-07-04	18	1	20250834	59.31
2020-07-05	27	1	20250834	59.31
2020-07-06	1	0	20250834	59.31
2020-07-07	17	0	20250834	59.31
2020-07-08	10	1	20250834	59.31
2020-07-09	12	0	20250834	59.31
2020-07-10	34	1	20250834	59.31
2020-07-11	2	0	20250834	59.31
2020-07-12	5	0	20250834	59.31
2020-07-13	1	0	20250834	59.31
2020-07-14	11	0	20250834	59.31
2020-07-15	10	0	20250834	59.31
2020-07-16	7	0	20250834	59.31
2020-07-17	27	0	20250834	59.31
2020-07-18	5	0	20250834	59.31
2020-07-19	3	0	20250834	59.31
2020-07-20	0	0	20250834	59.31
2020-07-21	2	1	20250834	59.31
2020-07-22	17	1	20250834	59.31
2020-07-23	0	0	20250834	59.31
2020-07-24	9	0	20250834	59.31
2020-07-25	0	0	20250834	59.31
2020-07-26	7	0	20250834	59.31
2020-07-27	3	1	20250834	59.31
2020-07-28	7	0	20250834	59.31
2020-07-29	1	0	20250834	59.31
2020-07-30	1	0	20250834	59.31
2020-07-31	13	0	20250834	59.31
2020-08-01	0	0	20250834	59.31
2020-08-02	6	0	20250834	59.31
2020-08-03	2	0	20250834	59.31
2020-08-04	0	0	20250834	59.31
2020-08-05	3	0	20250834	59.31
2020-08-06	6	0	20250834	59.31
2020-08-07	9	1	20250834	59.31
2020-08-08	4	0	20250834	59.31
2020-08-09	2	0	20250834	59.31
2020-08-10	6	0	20250834	59.31
2020-08-11	4	0	20250834	59.31
2020-08-12	5	0	20250834	59.31
2020-08-13	15	0	20250834	59.31
2020-08-14	0	0	20250834	59.31
2020-08-15	17	0	20250834	59.31
2020-08-16	26	0	20250834	59.31
2020-08-17	0	0	20250834	59.31
2020-08-18	26	0	20250834	59.31
2020-08-19	1	0	20250834	59.31
2020-08-20	0	0	20250834	59.31
2020-08-21	21	0	20250834	59.31
2020-08-22	11	0	20250834	59.31
2020-08-23	6	0	20250834	59.31
2020-08-24	3	0	20250834	59.31
2020-08-25	5	0	20250834	59.31
2020-08-26	4	1	20250834	59.31
2020-08-27	13	0	20250834	59.31
2020-08-28	6	0	20250834	59.31
2020-08-29	21	0	20250834	59.31
2020-08-30	16	0	20250834	59.31
2020-08-31	3	0	20250834	59.31
2020-09-01	1	0	20250834	59.31
2020-09-02	25	0	20250834	59.31
2020-09-03	5	0	20250834	59.31
2020-09-04	7	0	20250834	59.31
2020-09-05	19	0	20250834	59.31
2020-09-06	9	1	20250834	59.31
2020-09-07	28	0	20250834	59.31
2020-09-08	12	0	20250834	59.31
2020-09-09	16	1	20250834	59.31
2020-09-10	11	0	20250834	59.31
2020-09-11	3	0	20250834	59.31
2020-09-12	4	0	20250834	59.31
2020-09-13	8	0	20250834	59.31
2020-09-14	11	0	20250834	59.31
2020-09-15	5	0	20250834	59.31
2020-09-16	26	0	20250834	59.31
2020-09-17	0	0	20250834	59.31
2020-09-18	25	0	20250834	59.31
2020-09-19	15	0	20250834	59.31
2020-09-20	7	0	20250834	59.31
2020-09-21	11	0	20250834	59.31
2020-09-22	6	1	20250834	59.31
2020-09-23	4	1	20250834	59.31
2020-09-24	7	0	20250834	59.31
2020-09-25	23	0	20250834	59.31
2020-09-26	16	0	20250834	59.31
2020-09-27	6	0	20250834	59.31
2020-09-28	4	0	20250834	59.31
2020-09-29	11	1	20250834	59.31
2020-09-30	17	0	20250834	59.31
2020-10-01	13	0	20250834	59.31
2020-10-02	25	0	20250834	59.31
2020-10-03	14	0	20250834	59.31
2020-10-04	14	0	20250834	59.31
2020-10-05	5	0	20250834	59.31
2020-10-06	6	0	20250834	59.31
2020-10-07	15	0	20250834	59.31
2020-10-08	25	0	20250834	59.31
2020-10-09	13	0	20250834	59.31
2020-10-10	25	1	20250834	59.31
2020-10-11	13	0	20250834	59.31
2020-10-12	10	0	20250834	59.31
2020-10-13	1	0	20250834	59.31
2020-10-14	55	0	20250834	59.31
2020-10-15	16	0	20250834	59.31
2020-10-16	10	0	20250834	59.31
2020-10-17	1	0	20250834	59.31
2020-10-18	9	0	20250834	59.31
2020-10-19	19	0	20250834	59.31
2020-10-20	4	0	20250834	59.31
2020-10-21	17	0	20250834	59.31
2020-10-22	12	0	20250834	59.31
2020-10-23	4	0	20250834	59.31
2020-10-24	28	0	20250834	59.31
2020-10-25	18	0	20250834	59.31
2020-10-26	9	1	20250834	59.31
2020-10-27	16	3	20250834	59.31
2020-10-28	15	0	20250834	59.31
2020-10-29	7	0	20250834	59.31
2020-10-30	8	0	20250834	59.31
2020-10-31	9	0	20250834	59.31
2020-11-01	11	0	20250834	59.31
2020-11-02	8	0	20250834	59.31
2020-11-03	11	0	20250834	59.31
2020-11-04	25	1	20250834	59.31
2020-11-05	24	0	20250834	59.31
2020-11-06	24	0	20250834	59.31
2020-11-07	19	0	20250834	59.31
2020-11-08	30	0	20250834	59.31
2020-11-09	6	0	20250834	59.31
2020-11-10	33	0	20250834	59.31
2020-11-11	8	1	20250834	59.31
2020-11-12	39	0	20250834	59.31
2020-11-13	14	1	20250834	59.31
2020-11-14	62	0	20250834	59.31
2020-11-15	32	2	20250834	59.31
2020-11-16	48	0	20250834	59.31
2020-11-17	32	0	20250834	59.31
2020-11-18	53	0	20250834	59.31
2020-11-19	60	1	20250834	59.31
2020-11-20	76	1	20250834	59.31
2020-11-21	37	0	20250834	59.31
2020-11-22	49	2	20250834	59.31
2020-11-23	71	1	20250834	59.31
2020-11-24	91	2	20250834	59.31
2020-11-25	44	0	20250834	59.31
2020-11-26	44	0	20250834	59.31
2020-11-27	62	1	20250834	59.31
2020-11-28	92	0	20250834	59.31
2020-11-29	29	3	20250834	59.31
2020-11-30	22	4	20250834	59.31
2020-12-01	52	4	20250834	59.31
2020-12-02	75	1	20250834	59.31
2020-12-03	43	1	20250834	59.31
2020-12-04	58	1	20250834	59.31
2020-12-05	124	0	20250834	59.31
2020-12-06	73	1	20250834	59.31
2020-12-07	155	11	20250834	59.31
2020-12-08	152	5	20250834	59.31
2020-12-09	27	1	20250834	59.31
2020-12-10	107	3	20250834	59.31
2020-12-11	73	1	20250834	59.31
2020-12-12	72	4	20250834	59.31
2020-12-13	93	5	20250834	59.31
2020-12-14	22	7	20250834	59.31
2020-12-15	42	4	20250834	59.31
2020-12-16	91	4	20250834	59.31
2020-12-17	80	2	20250834	59.31
2020-12-18	71	4	20250834	59.31
2020-12-19	44	5	20250834	59.31
2020-12-20	27	2	20250834	59.31
2020-12-21	41	3	20250834	59.31
2020-12-22	59	0	20250834	59.31
2020-12-23	56	4	20250834	59.31
2020-12-24	94	6	20250834	59.31
2020-12-25	47	10	20250834	59.31
2020-12-26	86	4	20250834	59.31
2020-12-27	55	4	20250834	59.31
2020-12-28	74	3	20250834	59.31
2020-12-29	93	6	20250834	59.31
2020-12-30	233	7	20250834	59.31
2020-12-31	61	0	20250834	59.31
2021-01-01	113	2	20250834	59.31
2021-01-02	23	5	20250834	59.31
2021-01-03	27	2	20250834	59.31
2021-01-04	7	1	20250834	59.31
2021-01-05	89	5	20250834	59.31
2021-01-06	46	1	20250834	59.31
2021-01-07	32	1	20250834	59.31
2021-01-08	85	4	20250834	59.31
2021-01-09	53	5	20250834	59.31
2021-01-10	35	3	20250834	59.31
2021-01-11	64	1	20250834	59.31
2021-01-12	23	4	20250834	59.31
2021-01-13	51	0	20250834	59.31
2021-01-14	21	2	20250834	59.31
2021-01-15	41	3	20250834	59.31
2021-01-16	23	0	20250834	59.31
2021-01-17	16	2	20250834	59.31
2021-01-18	16	1	20250834	59.31
2021-01-19	25	6	20250834	59.31
2021-01-20	17	1	20250834	59.31
2021-01-21	14	2	20250834	59.31
2021-01-22	26	1	20250834	59.31
2021-01-23	28	2	20250834	59.31
2021-01-24	18	0	20250834	59.31
2021-01-25	12	1	20250834	59.31
2021-01-26	11	3	20250834	59.31
2021-01-27	31	0	20250834	59.31
2021-01-28	19	1	20250834	59.31
2021-01-29	7	1	20250834	59.31
2021-01-30	6	1	20250834	59.31
2021-01-31	22	0	20250834	59.31
2021-02-01	9	0	20250834	59.31
2021-02-02	11	3	20250834	59.31
2021-02-03	8	0	20250834	59.31
2021-02-04	11	0	20250834	59.31
2021-02-05	15	3	20250834	59.31
2021-02-06	15	2	20250834	59.31
2021-02-07	16	0	20250834	59.31
2021-02-08	5	1	20250834	59.31
2021-02-09	11	0	20250834	59.31
2021-02-10	11	0	20250834	59.31
2021-02-11	15	1	20250834	59.31
2021-02-12	4	0	20250834	59.31
2021-02-13	4	2	20250834	59.31
2021-02-14	3	0	20250834	59.31
2021-02-15	6	0	20250834	59.31
2021-02-16	6	0	20250834	59.31
2021-02-17	15	0	20250834	59.31
2021-02-18	0	0	20250834	59.31
2021-02-19	4	2	20250834	59.31
2021-02-20	32	3	20250834	59.31
2021-02-21	7	1	20250834	59.31
2021-02-22	7	0	20250834	59.31
2021-02-23	18	0	20250834	59.31
2021-02-24	8	0	20250834	59.31
2021-02-25	17	1	20250834	59.31
2021-02-26	9	1	20250834	59.31
2021-02-27	7	2	20250834	59.31
2021-02-28	11	1	20250834	59.31
2021-03-01	14	2	20250834	59.31
2021-03-02	30	0	20250834	59.31
2021-03-03	26	2	20250834	59.31
2021-03-04	24	0	20250834	59.31
2021-03-05	39	1	20250834	59.31
2021-03-06	51	0	20250834	59.31
2021-03-07	20	0	20250834	59.31
2021-03-08	33	0	20250834	59.31
2021-03-09	0	0	20250834	59.31
2021-03-10	97	0	20250834	59.31
2021-03-11	72	1	20250834	59.31
2021-03-12	31	1	20250834	59.31
2021-03-13	49	0	20250834	59.31
2021-03-14	51	0	20250834	59.31
2021-03-15	20	3	20250834	59.31
2021-03-16	85	1	20250834	59.31
2021-03-17	48	1	20250834	59.31
2021-03-18	52	1	20250834	59.31
2021-03-19	73	1	20250834	59.31
2021-03-20	79	0	20250834	59.31
2021-03-21	60	1	20250834	59.31
