
2020-02-06		0		0		441539		82.53
2020-02-07		0		0		441539		82.53
2020-02-08		0		0		441539		82.53
2020-02-09		0		0		441539		82.53
2020-02-10		0		0		441539		82.53
2020-02-11		0		0		441539		82.53
2020-02-12		0		0		441539		82.53
2020-02-13		0		0		441539		82.53
2020-02-14		0		0		441539		82.53
2020-02-15		0		0		441539		82.53
2020-02-16		0		0		441539		82.53
2020-02-17		0		0		441539		82.53
2020-02-18		0		0		441539		82.53
2020-02-19		0		0		441539		82.53
2020-02-20		0		0		441539		82.53
2020-02-21		0		0		441539		82.53
2020-02-22		0		0		441539		82.53
2020-02-23		0		0		441539		82.53
2020-02-24		0		0		441539		82.53
2020-02-25		0		0		441539		82.53
2020-02-26		0		0		441539		82.53
2020-02-27		0		0		441539		82.53
2020-02-28		0		0		441539		82.53
2020-02-29		0		0		441539		82.53
2020-03-01		0		0		441539		82.53
2020-03-02		0		0		441539		82.53
2020-03-03		0		0		441539		82.53
2020-03-04		0		0		441539		82.53
2020-03-05		0		0		441539		82.53
2020-03-06		0		0		441539		82.53
2020-03-07		3		0		441539		82.53
2020-03-08		0		0		441539		82.53
2020-03-09		0		0		441539		82.53
2020-03-10		2		0		441539		82.53
2020-03-11		1		0		441539		82.53
2020-03-12		0		0		441539		82.53
2020-03-13		6		0		441539		82.53
2020-03-14		6		0		441539		82.53
2020-03-15		3		0		441539		82.53
2020-03-16		9		0		441539		82.53
2020-03-17		8		0		441539		82.53
2020-03-18		0		0		441539		82.53
2020-03-19		15		0		441539		82.53
2020-03-20		11		0		441539		82.53
2020-03-21		9		0		441539		82.53
2020-03-22		17		0		441539		82.53
2020-03-23		17		0		441539		82.53
2020-03-24		3		0		441539		82.53
2020-03-25		19		0		441539		82.53
2020-03-26		5		0		441539		82.53
2020-03-27		5		0		441539		82.53
2020-03-28		10		0		441539		82.53
2020-03-29		2		0		441539		82.53
2020-03-30		5		0		441539		82.53
2020-03-31		13		0		441539		82.53
2020-04-01		19		0		441539		82.53
2020-04-02		8		0		441539		82.53
2020-04-03		6		0		441539		82.53
2020-04-04		11		0		441539		82.53
2020-04-05		14		0		441539		82.53
2020-04-06		14		0		441539		82.53
2020-04-07		52		0		441539		82.53
2020-04-08		6		1		441539		82.53
2020-04-09		38		1		441539		82.53
2020-04-10		13		0		441539		82.53
2020-04-11		20		1		441539		82.53
2020-04-12		8		0		441539		82.53
2020-04-13		6		0		441539		82.53
2020-04-14		9		0		441539		82.53
2020-04-15		6		0		441539		82.53
2020-04-16		13		0		441539		82.53
2020-04-17		10		0		441539		82.53
2020-04-18		4		0		441539		82.53
2020-04-19		1		0		441539		82.53
2020-04-20		4		0		441539		82.53
2020-04-21		12		0		441539		82.53
2020-04-22		1		0		441539		82.53
2020-04-23		1		0		441539		82.53
2020-04-24		2		0		441539		82.53
2020-04-25		1		1		441539		82.53
2020-04-26		0		0		441539		82.53
2020-04-27		2		0		441539		82.53
2020-04-28		8		0		441539		82.53
2020-04-29		5		0		441539		82.53
2020-04-30		2		0		441539		82.53
2020-05-01		2		0		441539		82.53
2020-05-02		1		0		441539		82.53
2020-05-03		9		0		441539		82.53
2020-05-04		3		0		441539		82.53
2020-05-05		2		1		441539		82.53
2020-05-06		2		0		441539		82.53
2020-05-07		2		0		441539		82.53
2020-05-08		3		0		441539		82.53
2020-05-09		1		0		441539		82.53
2020-05-10		6		0		441539		82.53
2020-05-11		7		0		441539		82.53
2020-05-12		3		0		441539		82.53
2020-05-13		2		1		441539		82.53
2020-05-14		14		0		441539		82.53
2020-05-15		10		0		441539		82.53
2020-05-16		14		0		441539		82.53
2020-05-17		7		0		441539		82.53
2020-05-18		5		0		441539		82.53
2020-05-19		11		0		441539		82.53
2020-05-20		15		0		441539		82.53
2020-05-21		15		0		441539		82.53
2020-05-22		1		0		441539		82.53
2020-05-23		9		0		441539		82.53
2020-05-24		1		0		441539		82.53
2020-05-25		1		0		441539		82.53
2020-05-26		0		0		441539		82.53
2020-05-27		1		1		441539		82.53
2020-05-28		4		0		441539		82.53
2020-05-29		0		2		441539		82.53
2020-05-30		2		0		441539		82.53
2020-05-31		0		0		441539		82.53
2020-06-01		1		0		441539		82.53
2020-06-02		1		0		441539		82.53
2020-06-03		2		0		441539		82.53
2020-06-04		0		0		441539		82.53
2020-06-05		3		0		441539		82.53
2020-06-06		2		0		441539		82.53
2020-06-07		2		0		441539		82.53
2020-06-08		1		0		441539		82.53
2020-06-09		2		0		441539		82.53
2020-06-10		3		0		441539		82.53
2020-06-11		5		0		441539		82.53
2020-06-12		5		0		441539		82.53
2020-06-13		1		0		441539		82.53
2020-06-14		3		0		441539		82.53
2020-06-15		1		0		441539		82.53
2020-06-16		6		0		441539		82.53
2020-06-17		6		0		441539		82.53
2020-06-18		1		0		441539		82.53
2020-06-19		0		0		441539		82.53
2020-06-20		1		0		441539		82.53
2020-06-21		1		0		441539		82.53
2020-06-22		0		0		441539		82.53
2020-06-23		0		0		441539		82.53
2020-06-24		0		0		441539		82.53
2020-06-25		3		0		441539		82.53
2020-06-26		2		0		441539		82.53
2020-06-27		0		0		441539		82.53
2020-06-28		0		0		441539		82.53
2020-06-29		0		0		441539		82.53
2020-06-30		0		0		441539		82.53
2020-07-01		1		0		441539		82.53
2020-07-02		0		0		441539		82.53
2020-07-03		1		0		441539		82.53
2020-07-04		0		0		441539		82.53
2020-07-05		0		0		441539		82.53
2020-07-06		0		0		441539		82.53
2020-07-07		1		0		441539		82.53
2020-07-08		0		0		441539		82.53
2020-07-09		1		0		441539		82.53
2020-07-10		0		0		441539		82.53
2020-07-11		0		0		441539		82.53
2020-07-12		0		0		441539		82.53
2020-07-13		0		0		441539		82.53
2020-07-14		0		0		441539		82.53
2020-07-15		0		0		441539		82.53
2020-07-16		0		0		441539		82.53
2020-07-17		0		0		441539		82.53
2020-07-18		1		0		441539		82.53
2020-07-19		2		0		441539		82.53
2020-07-20		0		0		441539		82.53
2020-07-21		0		0		441539		82.53
2020-07-22		2		0		441539		82.53
2020-07-23		1		0		441539		82.53
2020-07-24		6		0		441539		82.53
2020-07-25		0		0		441539		82.53
2020-07-26		14		0		441539		82.53
2020-07-27		1		0		441539		82.53
2020-07-28		7		0		441539		82.53
2020-07-29		12		0		441539		82.53
2020-07-30		94		0		441539		82.53
2020-07-31		10		0		441539		82.53
2020-08-01		21		0		441539		82.53
2020-08-02		15		0		441539		82.53
2020-08-03		14		0		441539		82.53
2020-08-04		16		0		441539		82.53
2020-08-05		36		0		441539		82.53
2020-08-06		20		0		441539		82.53
2020-08-07		49		0		441539		82.53
2020-08-08		40		0		441539		82.53
2020-08-09		54		0		441539		82.53
2020-08-10		23		0		441539		82.53
2020-08-11		29		0		441539		82.53
2020-08-12		49		0		441539		82.53
2020-08-13		55		0		441539		82.53
2020-08-14		31		0		441539		82.53
2020-08-15		72		0		441539		82.53
2020-08-16		-42		0		441539		82.53
2020-08-17		69		0		441539		82.53
2020-08-18		48		0		441539		82.53
2020-08-19		47		0		441539		82.53
2020-08-20		40		0		441539		82.53
2020-08-21		36		1		441539		82.53
2020-08-22		31		0		441539		82.53
2020-08-23		35		0		441539		82.53
2020-08-24		55		0		441539		82.53
2020-08-25		38		0		441539		82.53
2020-08-26		46		0		441539		82.53
2020-08-27		37		0		441539		82.53
2020-08-28		32		0		441539		82.53
2020-08-29		27		0		441539		82.53
2020-08-30		15		2		441539		82.53
2020-08-31		21		0		441539		82.53
2020-09-01		26		0		441539		82.53
2020-09-02		22		1		441539		82.53
2020-09-03		34		0		441539		82.53
2020-09-04		19		0		441539		82.53
2020-09-05		30		1		441539		82.53
2020-09-06		25		0		441539		82.53
2020-09-07		37		0		441539		82.53
2020-09-08		23		0		441539		82.53
2020-09-09		63		0		441539		82.53
2020-09-10		42		0		441539		82.53
2020-09-11		43		1		441539		82.53
2020-09-12		27		0		441539		82.53
2020-09-13		78		0		441539		82.53
2020-09-14		53		1		441539		82.53
2020-09-15		49		0		441539		82.53
2020-09-16		106		0		441539		82.53
2020-09-17		35		0		441539		82.53
2020-09-18		39		1		441539		82.53
2020-09-19		65		2		441539		82.53
2020-09-20		32		1		441539		82.53
2020-09-21		45		3		441539		82.53
2020-09-22		38		0		441539		82.53
2020-09-23		42		2		441539		82.53
2020-09-24		42		2		441539		82.53
2020-09-25		31		2		441539		82.53
2020-09-26		29		2		441539		82.53
2020-09-27		21		0		441539		82.53
2020-09-28		27		1		441539		82.53
2020-09-29		29		2		441539		82.53
2020-09-30		23		1		441539		82.53
2020-10-01		37		0		441539		82.53
2020-10-02		44		2		441539		82.53
2020-10-03		65		1		441539		82.53
2020-10-04		66		1		441539		82.53
2020-10-05		57		0		441539		82.53
2020-10-06		47		1		441539		82.53
2020-10-07		68		1		441539		82.53
2020-10-08		64		0		441539		82.53
2020-10-09		75		0		441539		82.53
2020-10-10		100		0		441539		82.53
2020-10-11		95		0		441539		82.53
2020-10-12		68		2		441539		82.53
2020-10-13		93		1		441539		82.53
2020-10-14		111		0		441539		82.53
2020-10-15		112		1		441539		82.53
2020-10-16		122		0		441539		82.53
2020-10-17		204		0		441539		82.53
2020-10-18		142		0		441539		82.53
2020-10-19		109		0		441539		82.53
2020-10-20		134		1		441539		82.53
2020-10-21		155		0		441539		82.53
2020-10-22		111		3		441539		82.53
2020-10-23		121		0		441539		82.53
2020-10-24		115		1		441539		82.53
2020-10-25		125		1		441539		82.53
2020-10-26		80		2		441539		82.53
2020-10-27		107		2		441539		82.53
2020-10-28		75		1		441539		82.53
2020-10-29		106		3		441539		82.53
2020-10-30		76		2		441539		82.53
2020-10-31		100		1		441539		82.53
2020-11-01		140		2		441539		82.53
2020-11-02		218		2		441539		82.53
2020-11-03		106		-2		441539		82.53
2020-11-04		84		1		441539		82.53
2020-11-05		174		5		441539		82.53
2020-11-06		129		3		441539		82.53
2020-11-07		146		1		441539		82.53
2020-11-08		102		2		441539		82.53
2020-11-09		102		2		441539		82.53
2020-11-10		153		3		441539		82.53
2020-11-11		141		7		441539		82.53
2020-11-12		109		0		441539		82.53
2020-11-13		150		4		441539		82.53
2020-11-14		121		3		441539		82.53
2020-11-15		117		2		441539		82.53
2020-11-16		103		1		441539		82.53
2020-11-17		110		3		441539		82.53
2020-11-18		173		2		441539		82.53
2020-11-19		140		1		441539		82.53
2020-11-20		121		4		441539		82.53
2020-11-21		141		3		441539		82.53
2020-11-22		102		0		441539		82.53
2020-11-23		80		2		441539		82.53
2020-11-24		133		4		441539		82.53
2020-11-25		116		5		441539		82.53
2020-11-26		152		3		441539		82.53
2020-11-27		96		3		441539		82.53
2020-11-28		108		4		441539		82.53
2020-11-29		143		1		441539		82.53
2020-11-30		121		4		441539		82.53
2020-12-01		102		4		441539		82.53
2020-12-02		126		5		441539		82.53
2020-12-03		96		2		441539		82.53
2020-12-04		123		1		441539		82.53
2020-12-05		103		0		441539		82.53
2020-12-06		97		2		441539		82.53
2020-12-07		139		4		441539		82.53
2020-12-08		40		2		441539		82.53
2020-12-09		79		3		441539		82.53
2020-12-10		106		4		441539		82.53
2020-12-11		96		2		441539		82.53
2020-12-12		121		0		441539		82.53
2020-12-13		52		3		441539		82.53
2020-12-14		101		5		441539		82.53
2020-12-15		49		3		441539		82.53
2020-12-16		112		3		441539		82.53
2020-12-17		60		2		441539		82.53
2020-12-18		94		1		441539		82.53
2020-12-19		52		4		441539		82.53
2020-12-20		93		3		441539		82.53
2020-12-21		88		4		441539		82.53
2020-12-22		108		2		441539		82.53
2020-12-23		82		5		441539		82.53
2020-12-24		70		2		441539		82.53
2020-12-25		50		0		441539		82.53
2020-12-26		129		3		441539		82.53
2020-12-27		84		4		441539		82.53
2020-12-28		101		5		441539		82.53
2020-12-29		115		0		441539		82.53
2020-12-30		124		1		441539		82.53
2020-12-31		109		3		441539		82.53
2021-01-01		135		0		441539		82.53
2021-01-02		88		1		441539		82.53
2021-01-03		85		0		441539		82.53
2021-01-04		148		2		441539		82.53
2021-01-05		158		4		441539		82.53
2021-01-06		224		1		441539		82.53
2021-01-07		164		1		441539		82.53
2021-01-08		191		2		441539		82.53
2021-01-09		245		2		441539		82.53
2021-01-10		184		1		441539		82.53
2021-01-11		133		0		441539		82.53
2021-01-12		240		1		441539		82.53
2021-01-13		189		0		441539		82.53
2021-01-14		121		1		441539		82.53
2021-01-15		193		1		441539		82.53
2021-01-16		175		2		441539		82.53
2021-01-17		141		1		441539		82.53
2021-01-18		154		2		441539		82.53
2021-01-19		200		1		441539		82.53
2021-01-20		187		2		441539		82.53
2021-01-21		151		1		441539		82.53
2021-01-22		143		3		441539		82.53
2021-01-23		119		2		441539		82.53
2021-01-24		116		1		441539		82.53
2021-01-25		203		2		441539		82.53
2021-01-26		138		2		441539		82.53
2021-01-27		193		3		441539		82.53
2021-01-28		208		3		441539		82.53
2021-01-29		185		3		441539		82.53
2021-01-30		136		1		441539		82.53
2021-01-31		182		2		441539		82.53
2021-02-01		124		2		441539		82.53
2021-02-02		141		1		441539		82.53
2021-02-03		138		3		441539		82.53
2021-02-04		79		0		441539		82.53
2021-02-05		57		4		441539		82.53
2021-02-06		134		2		441539		82.53
2021-02-07		100		3		441539		82.53
2021-02-08		137		0		441539		82.53
2021-02-09		202		2		441539		82.53
2021-02-10		167		2		441539		82.53
2021-02-11		151		0		441539		82.53
2021-02-12		164		2		441539		82.53
2021-02-13		154		2		441539		82.53
2021-02-14		138		3		441539		82.53
2021-02-15		156		2		441539		82.53
2021-02-16		102		2		441539		82.53
2021-02-17		199		1		441539		82.53
2021-02-18		163		3		441539		82.53
2021-02-19		154		0		441539		82.53
2021-02-20		199		2		441539		82.53
2021-02-21		130		1		441539		82.53
2021-02-22		193		1		441539		82.53
2021-02-23		221		1		441539		82.53
2021-02-24		226		2		441539		82.53
2021-02-25		192		3		441539		82.53
2021-02-26		258		2		441539		82.53
2021-02-27		237		0		441539		82.53
2021-02-28		263		2		441539		82.53
2021-03-01		175		1		441539		82.53
2021-03-02		336		3		441539		82.53
2021-03-03		233		2		441539		82.53
2021-03-04		362		4		441539		82.53
2021-03-05		283		3		441539		82.53
2021-03-06		345		1		441539		82.53
2021-03-07		182		5		441539		82.53
2021-03-08		201		0		441539		82.53
2021-03-09		248		1		441539		82.53
2021-03-10		510		2		441539		82.53
2021-03-11		283		4		441539		82.53
2021-03-12		329		5		441539		82.53
2021-03-13		298		4		441539		82.53
2021-03-14		268		1		441539		82.53
2021-03-15		213		3		441539		82.53
2021-03-16		313		3		441539		82.53
2021-03-17		211		4		441539		82.53
2021-03-18		243		2		441539		82.53
2021-03-19		179		1		441539		82.53
2021-03-20		210		5		441539		82.53
2021-03-21		224		3		441539		82.53