2020-03-17	2	0	628062	76.88
2020-03-18	0	0	628062	76.88
2020-03-19	1	0	628062	76.88
2020-03-20	11	0	628062	76.88
2020-03-21	0	0	628062	76.88
2020-03-22	7	0	628062	76.88
2020-03-23	6	1	628062	76.88
2020-03-24	20	0	628062	76.88
2020-03-25	5	0	628062	76.88
2020-03-26	17	0	628062	76.88
2020-03-27	13	0	628062	76.88
2020-03-28	2	0	628062	76.88
2020-03-29	1	0	628062	76.88
2020-03-30	6	0	628062	76.88
2020-03-31	18	1	628062	76.88
2020-04-01	14	0	628062	76.88
2020-04-02	21	0	628062	76.88
2020-04-03	30	0	628062	76.88
2020-04-04	27	0	628062	76.88
2020-04-05	13	0	628062	76.88
2020-04-06	19	0	628062	76.88
2020-04-07	8	0	628062	76.88
2020-04-08	7	0	628062	76.88
2020-04-09	4	0	628062	76.88
2020-04-10	3	0	628062	76.88
2020-04-11	8	0	628062	76.88
2020-04-12	9	1	628062	76.88
2020-04-13	2	0	628062	76.88
2020-04-14	9	1	628062	76.88
2020-04-15	5	0	628062	76.88
2020-04-16	15	0	628062	76.88
2020-04-17	0	1	628062	76.88
2020-04-18	4	0	628062	76.88
2020-04-19	1	0	628062	76.88
2020-04-20	4	0	628062	76.88
2020-04-21	1	0	628062	76.88
2020-04-22	2	0	628062	76.88
2020-04-23	1	0	628062	76.88
2020-04-24	3	1	628062	76.88
2020-04-25	1	0	628062	76.88
2020-04-26	1	1	628062	76.88
2020-04-27	0	0	628062	76.88
2020-04-28	0	0	628062	76.88
2020-04-29	1	0	628062	76.88
2020-04-30	0	0	628062	76.88
2020-05-01	0	0	628062	76.88
2020-05-02	0	1	628062	76.88
2020-05-03	0	0	628062	76.88
2020-05-04	1	0	628062	76.88
2020-05-05	1	0	628062	76.88
2020-05-06	0	0	628062	76.88
2020-05-07	0	0	628062	76.88
2020-05-08	0	0	628062	76.88
2020-05-09	0	0	628062	76.88
2020-05-10	0	1	628062	76.88
2020-05-11	0	0	628062	76.88
2020-05-12	0	0	628062	76.88
2020-05-13	0	0	628062	76.88
2020-05-14	0	0	628062	76.88
2020-05-15	0	0	628062	76.88
2020-05-16	0	0	628062	76.88
2020-05-17	0	0	628062	76.88
2020-05-18	0	0	628062	76.88
2020-05-19	0	0	628062	76.88
2020-05-20	0	0	628062	76.88
2020-05-21	0	0	628062	76.88
2020-05-22	0	0	628062	76.88
2020-05-23	0	0	628062	76.88
2020-05-24	0	0	628062	76.88
2020-05-25	0	0	628062	76.88
2020-05-26	0	0	628062	76.88
2020-05-27	0	0	628062	76.88
2020-05-28	0	0	628062	76.88
2020-05-29	0	0	628062	76.88
2020-05-30	0	0	628062	76.88
2020-05-31	0	0	628062	76.88
2020-06-01	0	0	628062	76.88
2020-06-02	0	0	628062	76.88
2020-06-03	0	0	628062	76.88
2020-06-04	0	0	628062	76.88
2020-06-05	0	0	628062	76.88
2020-06-06	0	0	628062	76.88
2020-06-07	0	0	628062	76.88
2020-06-08	0	0	628062	76.88
2020-06-09	0	0	628062	76.88
2020-06-10	0	0	628062	76.88
2020-06-11	0	0	628062	76.88
2020-06-12	0	0	628062	76.88
2020-06-13	0	0	628062	76.88
2020-06-14	1	0	628062	76.88
2020-06-15	1	0	628062	76.88
2020-06-16	0	0	628062	76.88
2020-06-17	7	0	628062	76.88
2020-06-18	4	0	628062	76.88
2020-06-19	18	0	628062	76.88
2020-06-20	4	0	628062	76.88
2020-06-21	3	0	628062	76.88
2020-06-22	5	0	628062	76.88
2020-06-23	11	0	628062	76.88
2020-06-24	11	0	628062	76.88
2020-06-25	25	0	628062	76.88
2020-06-26	25	0	628062	76.88
2020-06-27	30	0	628062	76.88
2020-06-28	12	2	628062	76.88
2020-06-29	20	0	628062	76.88
2020-06-30	47	1	628062	76.88
2020-07-01	28	0	628062	76.88
2020-07-02	40	0	628062	76.88
2020-07-03	47	1	628062	76.88
2020-07-04	57	1	628062	76.88
2020-07-05	61	0	628062	76.88
2020-07-06	60	0	628062	76.88
2020-07-07	66	3	628062	76.88
2020-07-08	53	0	628062	76.88
2020-07-09	59	2	628062	76.88
2020-07-10	0	0	628062	76.88
2020-07-11	145	4	628062	76.88
2020-07-12	57	0	628062	76.88
2020-07-13	66	1	628062	76.88
2020-07-14	0	0	628062	76.88
2020-07-15	0	0	628062	76.88
2020-07-16	0	0	628062	76.88
2020-07-17	678	2	628062	76.88
2020-07-18	107	4	628062	76.88
2020-07-19	116	2	628062	76.88
2020-07-20	0	0	628062	76.88
2020-07-21	193	3	628062	76.88
2020-07-22	91	4	628062	76.88
2020-07-23	97	1	628062	76.88
2020-07-24	96	3	628062	76.88
2020-07-25	82	0	628062	76.88
2020-07-26	52	0	628062	76.88
2020-07-27	94	2	628062	76.88
2020-07-28	56	0	628062	76.88
2020-07-29	67	2	628062	76.88
2020-07-30	0	0	628062	76.88
2020-07-31	57	1	628062	76.88
2020-08-01	125	2	628062	76.88
2020-08-02	60	1	628062	76.88
2020-08-03	43	1	628062	76.88
2020-08-04	60	1	628062	76.88
2020-08-05	50	4	628062	76.88
2020-08-06	69	3	628062	76.88
2020-08-07	69	1	628062	76.88
2020-08-08	39	1	628062	76.88
2020-08-09	30	2	628062	76.88
2020-08-10	78	4	628062	76.88
2020-08-11	52	3	628062	76.88
2020-08-12	65	2	628062	76.88
2020-08-13	44	0	628062	76.88
2020-08-14	73	0	628062	76.88
2020-08-15	30	2	628062	76.88
2020-08-16	75	2	628062	76.88
2020-08-17	50	3	628062	76.88
2020-08-18	47	0	628062	76.88
2020-08-19	42	0	628062	76.88
2020-08-20	55	1	628062	76.88
2020-08-21	48	1	628062	76.88
2020-08-22	36	2	628062	76.88
2020-08-23	30	0	628062	76.88
2020-08-24	35	0	628062	76.88
2020-08-25	66	3	628062	76.88
2020-08-26	55	1	628062	76.88
2020-08-27	59	1	628062	76.88
2020-08-28	105	3	628062	76.88
2020-08-29	64	1	628062	76.88
2020-08-30	63	5	628062	76.88
2020-08-31	45	2	628062	76.88
2020-09-01	82	2	628062	76.88
2020-09-02	102	2	628062	76.88
2020-09-03	146	0	628062	76.88
2020-09-04	110	2	628062	76.88
2020-09-05	147	1	628062	76.88
2020-09-06	131	1	628062	76.88
2020-09-07	106	1	628062	76.88
2020-09-08	216	3	628062	76.88
2020-09-09	219	2	628062	76.88
2020-09-10	128	0	628062	76.88
2020-09-11	163	1	628062	76.88
2020-09-12	145	3	628062	76.88
2020-09-13	182	2	628062	76.88
2020-09-14	188	1	628062	76.88
2020-09-15	161	2	628062	76.88
2020-09-16	230	3	628062	76.88
2020-09-17	212	3	628062	76.88
2020-09-18	208	4	628062	76.88
2020-09-19	187	1	628062	76.88
2020-09-20	714	2	628062	76.88
2020-09-21	230	2	628062	76.88
2020-09-22	296	8	628062	76.88
2020-09-23	290	5	628062	76.88
2020-09-24	289	3	628062	76.88
2020-09-25	245	1	628062	76.88
2020-09-26	235	3	628062	76.88
2020-09-27	116	0	628062	76.88
2020-09-28	128	5	628062	76.88
2020-09-29	134	1	628062	76.88
2020-09-30	197	5	628062	76.88
2020-10-01	215	1	628062	76.88
2020-10-02	703	2	628062	76.88
2020-10-03	244	2	628062	76.88
2020-10-04	193	5	628062	76.88
2020-10-05	232	3	628062	76.88
2020-10-06	225	6	628062	76.88
2020-10-07	210	2	628062	76.88
2020-10-08	210	1	628062	76.88
2020-10-09	344	3	628062	76.88
2020-10-10	293	4	628062	76.88
2020-10-11	228	4	628062	76.88
2020-10-12	181	9	628062	76.88
2020-10-13	218	2	628062	76.88
2020-10-14	193	4	628062	76.88
2020-10-15	211	4	628062	76.88
2020-10-16	609	7	628062	76.88
2020-10-17	146	3	628062	76.88
2020-10-18	188	5	628062	76.88
2020-10-19	145	4	628062	76.88
2020-10-20	132	7	628062	76.88
2020-10-21	177	3	628062	76.88
2020-10-22	190	3	628062	76.88
2020-10-23	177	2	628062	76.88
2020-10-24	193	8	628062	76.88
2020-10-25	168	3	628062	76.88
2020-10-26	112	4	628062	76.88
2020-10-27	182	5	628062	76.88
2020-10-28	301	7	628062	76.88
2020-10-29	354	8	628062	76.88
2020-10-30	320	4	628062	76.88
2020-10-31	275	7	628062	76.88
2020-11-01	373	12	628062	76.88
2020-11-02	496	7	628062	76.88
2020-11-03	767	2	628062	76.88
2020-11-04	874	4	628062	76.88
2020-11-05	682	2	628062	76.88
2020-11-06	546	0	628062	76.88
2020-11-07	300	5	628062	76.88
2020-11-08	426	4	628062	76.88
2020-11-09	803	5	628062	76.88
2020-11-10	546	7	628062	76.88
2020-11-11	711	7	628062	76.88
2020-11-12	644	8	628062	76.88
2020-11-13	600	13	628062	76.88
2020-11-14	577	8	628062	76.88
2020-11-15	491	6	628062	76.88
2020-11-16	596	5	628062	76.88
2020-11-17	619	9	628062	76.88
2020-11-18	639	9	628062	76.88
2020-11-19	546	6	628062	76.88
2020-11-20	502	9	628062	76.88
2020-11-21	574	5	628062	76.88
2020-11-22	409	5	628062	76.88
2020-11-23	556	5	628062	76.88
2020-11-24	570	6	628062	76.88
2020-11-25	620	9	628062	76.88
2020-11-26	508	10	628062	76.88
2020-11-27	520	5	628062	76.88
2020-11-28	618	7	628062	76.88
2020-11-29	427	6	628062	76.88
2020-11-30	384	12	628062	76.88
2020-12-01	584	5	628062	76.88
2020-12-02	502	6	628062	76.88
2020-12-03	581	6	628062	76.88
2020-12-04	535	6	628062	76.88
2020-12-05	412	8	628062	76.88
2020-12-06	367	3	628062	76.88
2020-12-07	316	10	628062	76.88
2020-12-08	591	6	628062	76.88
2020-12-09	454	7	628062	76.88
2020-12-10	558	10	628062	76.88
2020-12-11	381	3	628062	76.88
2020-12-12	402	9	628062	76.88
2020-12-13	478	4	628062	76.88
2020-12-14	377	3	628062	76.88
2020-12-15	345	12	628062	76.88
2020-12-16	415	13	628062	76.88
2020-12-17	432	4	628062	76.88
2020-12-18	395	6	628062	76.88
2020-12-19	319	4	628062	76.88
2020-12-20	246	2	628062	76.88
2020-12-21	329	4	628062	76.88
2020-12-22	258	7	628062	76.88
2020-12-23	520	2	628062	76.88
2020-12-24	361	9	628062	76.88
2020-12-25	522	4	628062	76.88
2020-12-26	382	6	628062	76.88
2020-12-27	367	8	628062	76.88
2020-12-28	275	9	628062	76.88
2020-12-29	435	2	628062	76.88
2020-12-30	378	4	628062	76.88
2020-12-31	465	1	628062	76.88
2021-01-01	342	2	628062	76.88
2021-01-02	267	0	628062	76.88
2021-01-03	339	5	628062	76.88
2021-01-04	435	3	628062	76.88
2021-01-05	424	7	628062	76.88
2021-01-06	643	6	628062	76.88
2021-01-07	463	7	628062	76.88
2021-01-08	436	6	628062	76.88
2021-01-09	403	3	628062	76.88
2021-01-10	432	4	628062	76.88
2021-01-11	388	4	628062	76.88
2021-01-12	519	1	628062	76.88
2021-01-13	502	7	628062	76.88
2021-01-14	476	3	628062	76.88
2021-01-15	414	1	628062	76.88
2021-01-16	406	2	628062	76.88
2021-01-17	357	2	628062	76.88
2021-01-18	310	1	628062	76.88
2021-01-19	425	3	628062	76.88
2021-01-20	351	9	628062	76.88
2021-01-21	419	4	628062	76.88
2021-01-22	484	3	628062	76.88
2021-01-23	447	1	628062	76.88
2021-01-24	387	2	628062	76.88
2021-01-25	381	2	628062	76.88
2021-01-26	565	7	628062	76.88
2021-01-27	563	6	628062	76.88
2021-01-28	463	7	628062	76.88
2021-01-29	539	10	628062	76.88
2021-01-30	375	2	628062	76.88
2021-01-31	457	3	628062	76.88
2021-02-01	313	6	628062	76.88
2021-02-02	504	7	628062	76.88
2021-02-03	642	7	628062	76.88
2021-02-04	515	1	628062	76.88
2021-02-05	535	5	628062	76.88
2021-02-06	571	5	628062	76.88
2021-02-07	488	2	628062	76.88
2021-02-08	430	4	628062	76.88
2021-02-09	577	10	628062	76.88
2021-02-10	623	9	628062	76.88
2021-02-11	584	8	628062	76.88
2021-02-12	563	11	628062	76.88
2021-02-13	472	2	628062	76.88
2021-02-14	445	8	628062	76.88
2021-02-15	373	9	628062	76.88
2021-02-16	476	11	628062	76.88
2021-02-17	404	6	628062	76.88
2021-02-18	484	10	628062	76.88
2021-02-19	454	6	628062	76.88
2021-02-20	481	7	628062	76.88
2021-02-21	402	11	628062	76.88
2021-02-22	400	7	628062	76.88
2021-02-23	574	12	628062	76.88
2021-02-24	643	7	628062	76.88
2021-02-25	571	11	628062	76.88
2021-02-26	606	7	628062	76.88
2021-02-27	543	5	628062	76.88
2021-02-28	502	4	628062	76.88
2021-03-01	449	12	628062	76.88
2021-03-02	585	8	628062	76.88
2021-03-03	625	8	628062	76.88
2021-03-04	567	8	628062	76.88
2021-03-05	574	9	628062	76.88
2021-03-06	603	11	628062	76.88
2021-03-07	537	8	628062	76.88
2021-03-08	417	18	628062	76.88
2021-03-09	612	7	628062	76.88
2021-03-10	654	8	628062	76.88
2021-03-11	572	13	628062	76.88
2021-03-12	581	4	628062	76.88
2021-03-13	555	5	628062	76.88
2021-03-14	528	7	628062	76.88
2021-03-15	470	7	628062	76.88
2021-03-16	537	15	628062	76.88
2021-03-17	553	18	628062	76.88
2021-03-18	521	9	628062	76.88
2021-03-19	508	6	628062	76.88
2021-03-20	500	10	628062	76.88
2021-03-21	430	5	628062	76.88