2020-02-07	0	0	36910558	76.68
2020-02-08	0	0	36910558	76.68
2020-02-09	0	0	36910558	76.68
2020-02-10	0	0	36910558	76.68
2020-02-11	0	0	36910558	76.68
2020-02-12	0	0	36910558	76.68
2020-02-13	0	0	36910558	76.68
2020-02-14	0	0	36910558	76.68
2020-02-15	0	0	36910558	76.68
2020-02-16	0	0	36910558	76.68
2020-02-17	0	0	36910558	76.68
2020-02-18	0	0	36910558	76.68
2020-02-19	0	0	36910558	76.68
2020-02-20	0	0	36910558	76.68
2020-02-21	0	0	36910558	76.68
2020-02-22	0	0	36910558	76.68
2020-02-23	0	0	36910558	76.68
2020-02-24	0	0	36910558	76.68
2020-02-25	0	0	36910558	76.68
2020-02-26	0	0	36910558	76.68
2020-02-27	0	0	36910558	76.68
2020-02-28	0	0	36910558	76.68
2020-02-29	0	0	36910558	76.68
2020-03-01	0	0	36910558	76.68
2020-03-02	1	0	36910558	76.68
2020-03-03	0	0	36910558	76.68
2020-03-04	0	0	36910558	76.68
2020-03-05	1	0	36910558	76.68
2020-03-06	0	0	36910558	76.68
2020-03-07	0	0	36910558	76.68
2020-03-08	0	0	36910558	76.68
2020-03-09	0	0	36910558	76.68
2020-03-10	1	1	36910558	76.68
2020-03-11	2	0	36910558	76.68
2020-03-12	1	0	36910558	76.68
2020-03-13	1	0	36910558	76.68
2020-03-14	10	0	36910558	76.68
2020-03-15	11	0	36910558	76.68
2020-03-16	1	0	36910558	76.68
2020-03-17	9	1	36910558	76.68
2020-03-18	11	0	36910558	76.68
2020-03-19	14	0	36910558	76.68
2020-03-20	14	1	36910558	76.68
2020-03-21	19	0	36910558	76.68
2020-03-22	19	1	36910558	76.68
2020-03-23	28	0	36910558	76.68
2020-03-24	27	1	36910558	76.68
2020-03-25	55	1	36910558	76.68
2020-03-26	50	5	36910558	76.68
2020-03-27	70	12	36910558	76.68
2020-03-28	57	2	36910558	76.68
2020-03-29	77	1	36910558	76.68
2020-03-30	77	7	36910558	76.68
2020-03-31	61	3	36910558	76.68
2020-04-01	37	3	36910558	76.68
2020-04-02	54	5	36910558	76.68
2020-04-03	83	4	36910558	76.68
2020-04-04	128	11	36910558	76.68
2020-04-05	102	11	36910558	76.68
2020-04-06	99	10	36910558	76.68
2020-04-07	64	10	36910558	76.68
2020-04-08	91	3	36910558	76.68
2020-04-09	99	4	36910558	76.68
2020-04-10	74	10	36910558	76.68
2020-04-11	97	4	36910558	76.68
2020-04-12	116	7	36910558	76.68
2020-04-13	102	8	36910558	76.68
2020-04-14	125	0	36910558	76.68
2020-04-15	136	1	36910558	76.68
2020-04-16	259	3	36910558	76.68
2020-04-17	281	5	36910558	76.68
2020-04-18	121	2	36910558	76.68
2020-04-19	170	4	36910558	76.68
2020-04-20	191	2	36910558	76.68
2020-04-21	163	2	36910558	76.68
2020-04-22	237	4	36910558	76.68
2020-04-23	122	6	36910558	76.68
2020-04-24	190	3	36910558	76.68
2020-04-25	139	1	36910558	76.68
2020-04-26	168	2	36910558	76.68
2020-04-27	55	1	36910558	76.68
2020-04-28	132	3	36910558	76.68
2020-04-29	69	3	36910558	76.68
2020-04-30	102	2	36910558	76.68
2020-05-01	146	1	36910558	76.68
2020-05-02	160	2	36910558	76.68
2020-05-03	174	1	36910558	76.68
2020-05-04	150	5	36910558	76.68
2020-05-05	166	2	36910558	76.68
2020-05-06	189	2	36910558	76.68
2020-05-07	140	0	36910558	76.68
2020-05-08	163	3	36910558	76.68
2020-05-09	199	0	36910558	76.68
2020-05-10	153	2	36910558	76.68
2020-05-11	218	0	36910558	76.68
2020-05-12	137	0	36910558	76.68
2020-05-13	94	0	36910558	76.68
2020-05-14	95	2	36910558	76.68
2020-05-15	45	0	36910558	76.68
2020-05-16	89	2	36910558	76.68
2020-05-17	129	0	36910558	76.68
2020-05-18	82	0	36910558	76.68
2020-05-19	71	1	36910558	76.68
2020-05-20	110	1	36910558	76.68
2020-05-21	78	2	36910558	76.68
2020-05-22	121	1	36910558	76.68
2020-05-23	74	1	36910558	76.68
2020-05-24	27	1	36910558	76.68
2020-05-25	99	1	36910558	76.68
2020-05-26	45	2	36910558	76.68
2020-05-27	24	0	36910558	76.68
2020-05-28	42	0	36910558	76.68
2020-05-29	71	0	36910558	76.68
2020-05-30	66	2	36910558	76.68
2020-05-31	27	1	36910558	76.68
2020-06-01	26	0	36910558	76.68
2020-06-02	33	1	36910558	76.68
2020-06-03	56	0	36910558	76.68
2020-06-04	81	2	36910558	76.68
2020-06-05	68	0	36910558	76.68
2020-06-06	80	0	36910558	76.68
2020-06-07	73	0	36910558	76.68
2020-06-08	78	0	36910558	76.68
2020-06-09	135	2	36910558	76.68
2020-06-10	71	1	36910558	76.68
2020-06-11	29	0	36910558	76.68
2020-06-12	73	1	36910558	76.68
2020-06-13	82	0	36910558	76.68
2020-06-14	101	0	36910558	76.68
2020-06-15	92	0	36910558	76.68
2020-06-16	46	0	36910558	76.68
2020-06-17	66	1	36910558	76.68
2020-06-18	77	0	36910558	76.68
2020-06-19	539	0	36910558	76.68
2020-06-20	226	0	36910558	76.68
2020-06-21	138	1	36910558	76.68
2020-06-22	195	0	36910558	76.68
2020-06-23	172	0	36910558	76.68
2020-06-24	563	2	36910558	76.68
2020-06-25	431	1	36910558	76.68
2020-06-26	295	1	36910558	76.68
2020-06-27	244	2	36910558	76.68
2020-06-28	175	1	36910558	76.68
2020-06-29	238	4	36910558	76.68
2020-06-30	243	3	36910558	76.68
2020-07-01	103	0	36910558	76.68
2020-07-02	333	1	36910558	76.68
2020-07-03	319	1	36910558	76.68
2020-07-04	534	2	36910558	76.68
2020-07-05	393	3	36910558	76.68
2020-07-06	164	2	36910558	76.68
2020-07-07	228	3	36910558	76.68
2020-07-08	164	2	36910558	76.68
2020-07-09	308	0	36910558	76.68
2020-07-10	249	1	36910558	76.68
2020-07-11	214	2	36910558	76.68
2020-07-12	203	5	36910558	76.68
2020-07-13	191	5	36910558	76.68
2020-07-14	161	2	36910558	76.68
2020-07-15	165	2	36910558	76.68
2020-07-16	283	4	36910558	76.68
2020-07-17	181	1	36910558	76.68
2020-07-18	289	5	36910558	76.68
2020-07-19	221	4	36910558	76.68
2020-07-20	326	3	36910558	76.68
2020-07-21	180	4	36910558	76.68
2020-07-22	220	5	36910558	76.68
2020-07-23	302	7	36910558	76.68
2020-07-24	570	7	36910558	76.68
2020-07-25	811	6	36910558	76.68
2020-07-26	633	8	36910558	76.68
2020-07-27	609	3	36910558	76.68
2020-07-28	500	11	36910558	76.68
2020-07-29	826	7	36910558	76.68
2020-07-30	1046	12	36910558	76.68
2020-07-31	1063	7	36910558	76.68
2020-08-01	693	14	36910558	76.68
2020-08-02	522	15	36910558	76.68
2020-08-03	659	19	36910558	76.68
2020-08-04	1021	16	36910558	76.68
2020-08-05	1283	18	36910558	76.68
2020-08-06	1144	14	36910558	76.68
2020-08-07	1018	12	36910558	76.68
2020-08-08	1345	19	36910558	76.68
2020-08-09	1230	18	36910558	76.68
2020-08-10	826	18	36910558	76.68
2020-08-11	1132	17	36910558	76.68
2020-08-12	1499	23	36910558	76.68
2020-08-13	1241	28	36910558	76.68
2020-08-14	1306	27	36910558	76.68
2020-08-15	1776	21	36910558	76.68
2020-08-16	1472	26	36910558	76.68
2020-08-17	1069	23	36910558	76.68
2020-08-18	1245	33	36910558	76.68
2020-08-19	1510	29	36910558	76.68
2020-08-20	1325	32	36910558	76.68
2020-08-21	1609	42	36910558	76.68
2020-08-22	1565	41	36910558	76.68
2020-08-23	1537	30	36910558	76.68
2020-08-24	903	32	36910558	76.68
2020-08-25	1276	35	36910558	76.68
2020-08-26	1336	29	36910558	76.68
2020-08-27	1221	27	36910558	76.68
2020-08-28	1404	41	36910558	76.68
2020-08-29	1567	26	36910558	76.68
2020-08-30	1343	33	36910558	76.68
2020-08-31	1191	30	36910558	76.68
2020-09-01	1191	43	36910558	76.68
2020-09-02	1672	32	36910558	76.68
2020-09-03	1402	37	36910558	76.68
2020-09-04	1750	39	36910558	76.68
2020-09-05	1555	37	36910558	76.68
2020-09-06	2234	32	36910558	76.68
2020-09-07	1386	33	36910558	76.68
2020-09-08	1941	33	36910558	76.68
2020-09-09	2157	26	36910558	76.68
2020-09-10	1889	38	36910558	76.68
2020-09-11	2430	33	36910558	76.68
2020-09-12	2238	29	36910558	76.68
2020-09-13	2251	25	36910558	76.68
2020-09-14	1517	36	36910558	76.68
2020-09-15	2121	34	36910558	76.68
2020-09-16	1692	38	36910558	76.68
2020-09-17	2488	28	36910558	76.68
2020-09-18	2760	41	36910558	76.68
2020-09-19	2552	40	36910558	76.68
2020-09-20	1927	35	36910558	76.68
2020-09-21	1376	25	36910558	76.68
2020-09-22	2227	34	36910558	76.68
2020-09-23	2397	29	36910558	76.68
2020-09-24	2356	38	36910558	76.68
2020-09-25	2423	42	36910558	76.68
2020-09-26	2719	43	36910558	76.68
2020-09-27	2444	28	36910558	76.68
2020-09-28	1422	44	36910558	76.68
2020-09-29	2076	39	36910558	76.68
2020-09-30	2470	42	36910558	76.68
2020-10-01	2391	35	36910558	76.68
2020-10-02	2521	34	36910558	76.68
2020-10-03	2663	30	36910558	76.68
2020-10-04	2044	37	36910558	76.68
2020-10-05	1423	39	36910558	76.68
2020-10-06	2553	41	36910558	76.68
2020-10-07	2776	29	36910558	76.68
2020-10-08	2929	47	36910558	76.68
2020-10-09	3445	44	36910558	76.68
2020-10-10	3443	42	36910558	76.68
2020-10-11	2563	33	36910558	76.68
2020-10-12	1357	31	36910558	76.68
2020-10-13	3185	49	36910558	76.68
2020-10-14	3387	41	36910558	76.68
2020-10-15	3317	46	36910558	76.68
2020-10-16	3498	46	36910558	76.68
2020-10-17	3763	60	36910558	76.68
2020-10-18	2721	50	36910558	76.68
2020-10-19	2117	48	36910558	76.68
2020-10-20	3254	51	36910558	76.68
2020-10-21	3577	52	36910558	76.68
2020-10-22	4151	53	36910558	76.68
2020-10-23	3685	73	36910558	76.68
2020-10-24	4045	50	36910558	76.68
2020-10-25	3020	46	36910558	76.68
2020-10-26	2264	72	36910558	76.68
2020-10-27	3988	72	36910558	76.68
2020-10-28	3985	61	36910558	76.68
2020-10-29	4320	66	36910558	76.68
2020-10-30	3256	53	36910558	76.68
2020-10-31	3790	70	36910558	76.68
2020-11-01	3460	67	36910558	76.68
2020-11-02	2526	64	36910558	76.68
2020-11-03	4495	74	36910558	76.68
2020-11-04	5745	82	36910558	76.68
2020-11-05	5641	77	36910558	76.68
2020-11-06	5398	68	36910558	76.68
2020-11-07	5836	70	36910558	76.68
2020-11-08	4596	75	36910558	76.68
2020-11-09	3170	84	36910558	76.68
2020-11-10	5214	69	36910558	76.68
2020-11-11	5461	81	36910558	76.68
2020-11-12	6195	64	36910558	76.68
2020-11-13	5515	61	36910558	76.68
2020-11-14	5875	66	36910558	76.68
2020-11-15	4966	82	36910558	76.68
2020-11-16	3012	71	36910558	76.68
2020-11-17	5415	82	36910558	76.68
2020-11-18	5391	81	36910558	76.68
2020-11-19	4559	77	36910558	76.68
2020-11-20	4706	92	36910558	76.68
2020-11-21	4702	74	36910558	76.68
2020-11-22	3979	60	36910558	76.68
2020-11-23	2587	80	36910558	76.68
2020-11-24	3999	73	36910558	76.68
2020-11-25	4979	70	36910558	76.68
2020-11-26	4178	80	36910558	76.68
2020-11-27	4592	70	36910558	76.68
2020-11-28	4412	50	36910558	76.68
2020-11-29	4115	50	36910558	76.68
2020-11-30	2533	57	36910558	76.68
2020-12-01	3508	69	36910558	76.68
2020-12-02	4346	70	36910558	76.68
2020-12-03	4434	78	36910558	76.68
2020-12-04	3996	73	36910558	76.68
2020-12-05	4118	48	36910558	76.68
2020-12-06	2919	61	36910558	76.68
2020-12-07	1531	75	36910558	76.68
2020-12-08	2900	50	36910558	76.68
2020-12-09	4096	57	36910558	76.68
2020-12-10	3345	65	36910558	76.68
2020-12-11	3035	50	36910558	76.68
2020-12-12	3033	47	36910558	76.68
2020-12-13	2012	35	36910558	76.68
2020-12-14	1217	35	36910558	76.68
2020-12-15	2793	52	36910558	76.68
2020-12-16	3351	38	36910558	76.68
2020-12-17	2776	55	36910558	76.68
2020-12-18	2647	50	36910558	76.68
2020-12-19	2833	55	36910558	76.68
2020-12-20	1899	48	36910558	76.68
2020-12-21	877	43	36910558	76.68
2020-12-22	2646	30	36910558	76.68
2020-12-23	2566	56	36910558	76.68
2020-12-24	2650	44	36910558	76.68
2020-12-25	2329	40	36910558	76.68
2020-12-26	2369	34	36910558	76.68
2020-12-27	1517	36	36910558	76.68
2020-12-28	950	32	36910558	76.68
2020-12-29	2160	42	36910558	76.68
2020-12-30	2143	41	36910558	76.68
2020-12-31	1861	33	36910558	76.68
2021-01-01	1777	37	36910558	76.68
2021-01-02	1171	27	36910558	76.68
2021-01-03	1005	33	36910558	76.68
2021-01-04	656	53	36910558	76.68
2021-01-05	1637	43	36910558	76.68
2021-01-06	1642	37	36910558	76.68
2021-01-07	1597	27	36910558	76.68
2021-01-08	1543	40	36910558	76.68
2021-01-09	1416	24	36910558	76.68
2021-01-10	895	34	36910558	76.68
2021-01-11	456	24	36910558	76.68
2021-01-12	801	17	36910558	76.68
2021-01-13	1266	26	36910558	76.68
2021-01-14	1279	44	36910558	76.68
2021-01-15	1291	34	36910558	76.68
2021-01-16	1240	23	36910558	76.68
2021-01-17	806	31	36910558	76.68
2021-01-18	473	35	36910558	76.68
2021-01-19	1246	34	36910558	76.68
2021-01-20	1152	32	36910558	76.68
2021-01-21	1164	33	36910558	76.68
2021-01-22	1138	29	36910558	76.68
2021-01-23	925	23	36910558	76.68
2021-01-24	520	22	36910558	76.68
2021-01-25	337	22	36910558	76.68
2021-01-26	867	15	36910558	76.68
2021-01-27	890	20	36910558	76.68
2021-01-28	756	17	36910558	76.68
2021-01-29	851	22	36910558	76.68
2021-01-30	701	13	36910558	76.68
2021-01-31	466	16	36910558	76.68
2021-02-01	281	12	36910558	76.68
2021-02-02	835	22	36910558	76.68
2021-02-03	774	14	36910558	76.68
2021-02-04	620	28	36910558	76.68
2021-02-05	712	17	36910558	76.68
2021-02-06	587	13	36910558	76.68
2021-02-07	389	13	36910558	76.68
2021-02-08	234	14	36910558	76.68
2021-02-09	536	16	36910558	76.68
2021-02-10	564	12	36910558	76.68
2021-02-11	471	4	36910558	76.68
2021-02-12	496	10	36910558	76.68
2021-02-13	479	10	36910558	76.68
2021-02-14	339	17	36910558	76.68
2021-02-15	121	14	36910558	76.68
2021-02-16	476	13	36910558	76.68
2021-02-17	508	13	36910558	76.68
2021-02-18	477	7	36910558	76.68
2021-02-19	448	16	36910558	76.68
2021-02-20	444	8	36910558	76.68
2021-02-21	207	6	36910558	76.68
2021-02-22	108	5	36910558	76.68
2021-02-23	446	15	36910558	76.68
2021-02-24	419	18	36910558	76.68
2021-02-25	386	6	36910558	76.68
2021-02-26	480	10	36910558	76.68
2021-02-27	416	7	36910558	76.68
2021-02-28	244	8	36910558	76.68
2021-03-01	112	14	36910558	76.68
2021-03-02	393	8	36910558	76.68
2021-03-03	594	8	36910558	76.68
2021-03-04	394	16	36910558	76.68
2021-03-05	420	4	36910558	76.68
2021-03-06	407	3	36910558	76.68
2021-03-07	249	6	36910558	76.68
2021-03-08	102	1	36910558	76.68
2021-03-09	508	12	36910558	76.68
2021-03-10	453	10	36910558	76.68
2021-03-11	464	7	36910558	76.68
2021-03-12	431	4	36910558	76.68
2021-03-13	451	2	36910558	76.68
2021-03-14	305	5	36910558	76.68
2021-03-15	159	10	36910558	76.68
2021-03-16	526	4	36910558	76.68
2021-03-17	466	8	36910558	76.68
2021-03-18	487	3	36910558	76.68
2021-03-19	444	7	36910558	76.68
2021-03-20	444	8	36910558	76.68
2021-03-21	246	4	36910558	76.68
