2020-03-22	1	0	31255435	60.85
2020-03-23	0	0	31255435	60.85
2020-03-24	2	0	31255435	60.85
2020-03-25	2	0	31255435	60.85
2020-03-26	2	0	31255435	60.85
2020-03-27	0	0	31255435	60.85
2020-03-28	1	0	31255435	60.85
2020-03-29	0	0	31255435	60.85
2020-03-30	0	0	31255435	60.85
2020-03-31	0	0	31255435	60.85
2020-04-01	2	0	31255435	60.85
2020-04-02	0	0	31255435	60.85
2020-04-03	0	0	31255435	60.85
2020-04-04	0	0	31255435	60.85
2020-04-05	0	0	31255435	60.85
2020-04-06	0	0	31255435	60.85
2020-04-07	0	0	31255435	60.85
2020-04-08	7	0	31255435	60.85
2020-04-09	0	0	31255435	60.85
2020-04-10	3	0	31255435	60.85
2020-04-11	0	0	31255435	60.85
2020-04-12	1	0	31255435	60.85
2020-04-13	0	0	31255435	60.85
2020-04-14	7	0	31255435	60.85
2020-04-15	1	0	31255435	60.85
2020-04-16	2	0	31255435	60.85
2020-04-17	3	0	31255435	60.85
2020-04-18	1	0	31255435	60.85
2020-04-19	4	0	31255435	60.85
2020-04-20	0	0	31255435	60.85
2020-04-21	0	0	31255435	60.85
2020-04-22	2	0	31255435	60.85
2020-04-23	5	0	31255435	60.85
2020-04-24	19	0	31255435	60.85
2020-04-25	5	0	31255435	60.85
2020-04-26	6	0	31255435	60.85
2020-04-27	0	0	31255435	60.85
2020-04-28	0	0	31255435	60.85
2020-04-29	0	0	31255435	60.85
2020-04-30	0	0	31255435	60.85
2020-05-01	3	0	31255435	60.85
2020-05-02	0	0	31255435	60.85
2020-05-03	1	0	31255435	60.85
2020-05-04	0	0	31255435	60.85
2020-05-05	1	0	31255435	60.85
2020-05-06	0	0	31255435	60.85
2020-05-07	0	0	31255435	60.85
2020-05-08	1	0	31255435	60.85
2020-05-09	5	0	31255435	60.85
2020-05-10	4	0	31255435	60.85
2020-05-11	12	0	31255435	60.85
2020-05-12	1	0	31255435	60.85
2020-05-13	0	0	31255435	60.85
2020-05-14	11	0	31255435	60.85
2020-05-15	4	0	31255435	60.85
2020-05-16	10	0	31255435	60.85
2020-05-17	8	0	31255435	60.85
2020-05-18	8	0	31255435	60.85
2020-05-19	1	0	31255435	60.85
2020-05-20	10	0	31255435	60.85
2020-05-21	6	0	31255435	60.85
2020-05-22	2	0	31255435	60.85
2020-05-23	4	0	31255435	60.85
2020-05-24	26	0	31255435	60.85
2020-05-25	15	1	31255435	60.85
2020-05-26	4	0	31255435	60.85
2020-05-27	14	0	31255435	60.85
2020-05-28	6	1	31255435	60.85
2020-05-29	1	0	31255435	60.85
2020-05-30	10	0	31255435	60.85
2020-05-31	10	0	31255435	60.85
2020-06-01	0	0	31255435	60.85
2020-06-02	53	0	31255435	60.85
2020-06-03	9	0	31255435	60.85
2020-06-04	36	0	31255435	60.85
2020-06-05	2	0	31255435	60.85
2020-06-06	55	0	31255435	60.85
2020-06-07	15	0	31255435	60.85
2020-06-08	9	0	31255435	60.85
2020-06-09	20	0	31255435	60.85
2020-06-10	19	0	31255435	60.85
2020-06-11	17	0	31255435	60.85
2020-06-12	20	0	31255435	60.85
2020-06-13	44	0	31255435	60.85
2020-06-14	30	1	31255435	60.85
2020-06-15	26	0	31255435	60.85
2020-06-16	29	1	31255435	60.85
2020-06-17	13	0	31255435	60.85
2020-06-18	11	0	31255435	60.85
2020-06-19	6	0	31255435	60.85
2020-06-20	20	0	31255435	60.85
2020-06-21	45	1	31255435	60.85
2020-06-22	4	0	31255435	60.85
2020-06-23	20	0	31255435	60.85
2020-06-24	5	0	31255435	60.85
2020-06-25	26	0	31255435	60.85
2020-06-26	28	0	31255435	60.85
2020-06-27	23	0	31255435	60.85
2020-06-28	20	0	31255435	60.85
2020-06-29	24	1	31255435	60.85
2020-06-30	6	0	31255435	60.85
2020-07-01	14	0	31255435	60.85
2020-07-02	15	0	31255435	60.85
2020-07-03	21	0	31255435	60.85
2020-07-04	30	1	31255435	60.85
2020-07-05	18	1	31255435	60.85
2020-07-06	25	0	31255435	60.85
2020-07-07	28	0	31255435	60.85
2020-07-08	31	0	31255435	60.85
2020-07-09	21	1	31255435	60.85
2020-07-10	19	0	31255435	60.85
2020-07-11	24	0	31255435	60.85
2020-07-12	22	0	31255435	60.85
2020-07-13	62	0	31255435	60.85
2020-07-14	49	0	31255435	60.85
2020-07-15	62	0	31255435	60.85
2020-07-16	53	0	31255435	60.85
2020-07-17	19	0	31255435	60.85
2020-07-18	33	1	31255435	60.85
2020-07-19	56	0	31255435	60.85
2020-07-20	16	1	31255435	60.85
2020-07-21	29	0	31255435	60.85
2020-07-22	21	0	31255435	60.85
2020-07-23	25	0	31255435	60.85
2020-07-24	8	0	31255435	60.85
2020-07-25	26	0	31255435	60.85
2020-07-26	53	0	31255435	60.85
2020-07-27	32	0	31255435	60.85
2020-07-28	19	0	31255435	60.85
2020-07-29	28	0	31255435	60.85
2020-07-30	60	0	31255435	60.85
2020-07-31	56	0	31255435	60.85
2020-08-01	43	1	31255435	60.85
2020-08-02	39	1	31255435	60.85
2020-08-03	27	1	31255435	60.85
2020-08-04	56	1	31255435	60.85
2020-08-05	50	0	31255435	60.85
2020-08-06	41	0	31255435	60.85
2020-08-07	93	0	31255435	60.85
2020-08-08	28	1	31255435	60.85
2020-08-09	28	0	31255435	60.85
2020-08-10	142	0	31255435	60.85
2020-08-11	70	1	31255435	60.85
2020-08-12	78	2	31255435	60.85
2020-08-13	79	0	31255435	60.85
2020-08-14	70	0	31255435	60.85
2020-08-15	83	0	31255435	60.85
2020-08-16	64	0	31255435	60.85
2020-08-17	59	0	31255435	60.85
2020-08-18	77	0	31255435	60.85
2020-08-19	54	0	31255435	60.85
2020-08-20	70	1	31255435	60.85
2020-08-21	80	0	31255435	60.85
2020-08-22	109	0	31255435	60.85
2020-08-23	91	0	31255435	60.85
2020-08-24	45	1	31255435	60.85
2020-08-25	68	0	31255435	60.85
2020-08-26	82	0	31255435	60.85
2020-08-27	61	0	31255435	60.85
2020-08-28	46	0	31255435	60.85
2020-08-29	63	1	31255435	60.85
2020-08-30	61	1	31255435	60.85
2020-08-31	95	0	31255435	60.85
2020-09-01	123	0	31255435	60.85
2020-09-02	78	2	31255435	60.85
2020-09-03	90	1	31255435	60.85
2020-09-04	58	0	31255435	60.85
2020-09-05	76	0	31255435	60.85
2020-09-06	103	1	31255435	60.85
2020-09-07	113	0	31255435	60.85
2020-09-08	90	1	31255435	60.85
2020-09-09	117	0	31255435	60.85
2020-09-10	68	3	31255435	60.85
2020-09-11	86	0	31255435	60.85
2020-09-12	122	4	31255435	60.85
2020-09-13	229	0	31255435	60.85
2020-09-14	213	0	31255435	60.85
2020-09-15	231	2	31255435	60.85
2020-09-16	281	2	31255435	60.85
2020-09-17	167	0	31255435	60.85
2020-09-18	103	1	31255435	60.85
2020-09-19	273	1	31255435	60.85
2020-09-20	234	2	31255435	60.85
2020-09-21	141	1	31255435	60.85
2020-09-22	202	1	31255435	60.85
2020-09-23	148	4	31255435	60.85
2020-09-24	137	2	31255435	60.85
2020-09-25	190	2	31255435	60.85
2020-09-26	168	1	31255435	60.85
2020-09-27	226	4	31255435	60.85
2020-09-28	305	1	31255435	60.85
2020-09-29	268	0	31255435	60.85
2020-09-30	172	2	31255435	60.85
2020-10-01	160	1	31255435	60.85
2020-10-02	91	2	31255435	60.85
2020-10-03	70	0	31255435	60.85
2020-10-04	147	2	31255435	60.85
2020-10-05	100	0	31255435	60.85
2020-10-06	102	1	31255435	60.85
2020-10-07	96	1	31255435	60.85
2020-10-08	145	0	31255435	60.85
2020-10-09	103	1	31255435	60.85
2020-10-10	102	1	31255435	60.85
2020-10-11	157	1	31255435	60.85
2020-10-12	87	1	31255435	60.85
2020-10-13	170	1	31255435	60.85
2020-10-14	134	0	31255435	60.85
2020-10-15	145	0	31255435	60.85
2020-10-16	75	0	31255435	60.85
2020-10-17	95	1	31255435	60.85
2020-10-18	159	1	31255435	60.85
2020-10-19	214	0	31255435	60.85
2020-10-20	110	3	31255435	60.85
2020-10-21	141	1	31255435	60.85
2020-10-22	228	2	31255435	60.85
2020-10-23	189	1	31255435	60.85
2020-10-24	147	3	31255435	60.85
2020-10-25	91	1	31255435	60.85
2020-10-26	175	2	31255435	60.85
2020-10-27	112	1	31255435	60.85
2020-10-28	142	2	31255435	60.85
2020-10-29	110	0	31255435	60.85
2020-10-30	252	0	31255435	60.85
2020-10-31	92	1	31255435	60.85
2020-11-01	119	1	31255435	60.85
2020-11-02	142	1	31255435	60.85
2020-11-03	72	1	31255435	60.85
2020-11-04	81	0	31255435	60.85
2020-11-05	108	2	31255435	60.85
2020-11-06	94	2	31255435	60.85
2020-11-07	92	0	31255435	60.85
2020-11-08	191	0	31255435	60.85
2020-11-09	55	0	31255435	60.85
2020-11-10	69	0	31255435	60.85
2020-11-11	99	5	31255435	60.85
2020-11-12	103	0	31255435	60.85
2020-11-13	133	6	31255435	60.85
2020-11-14	113	0	31255435	60.85
2020-11-15	108	3	31255435	60.85
2020-11-16	66	3	31255435	60.85
2020-11-17	52	2	31255435	60.85
2020-11-18	63	1	31255435	60.85
2020-11-19	94	1	31255435	60.85
2020-11-20	154	1	31255435	60.85
2020-11-21	104	2	31255435	60.85
2020-11-22	56	1	31255435	60.85
2020-11-23	72	2	31255435	60.85
2020-11-24	122	1	31255435	60.85
2020-11-25	71	1	31255435	60.85
2020-11-26	165	0	31255435	60.85
2020-11-27	39	0	31255435	60.85
2020-11-28	80	1	31255435	60.85
2020-11-29	27	1	31255435	60.85
2020-11-30	88	1	31255435	60.85
2020-12-01	69	0	31255435	60.85
2020-12-02	96	1	31255435	60.85
2020-12-03	52	0	31255435	60.85
2020-12-04	120	1	31255435	60.85
2020-12-05	95	0	31255435	60.85
2020-12-06	111	0	31255435	60.85
2020-12-07	82	3	31255435	60.85
2020-12-08	47	0	31255435	60.85
2020-12-09	67	2	31255435	60.85
2020-12-10	81	1	31255435	60.85
2020-12-11	159	0	31255435	60.85
2020-12-12	132	1	31255435	60.85
2020-12-13	142	2	31255435	60.85
2020-12-14	48	1	31255435	60.85
2020-12-15	40	1	31255435	60.85
2020-12-16	101	1	31255435	60.85
2020-12-17	113	0	31255435	60.85
2020-12-18	82	1	31255435	60.85
2020-12-19	139	1	31255435	60.85
2020-12-20	91	1	31255435	60.85
2020-12-21	127	1	31255435	60.85
2020-12-22	72	1	31255435	60.85
2020-12-23	0	0	31255435	60.85
2020-12-24	264	6	31255435	60.85
2020-12-25	77	0	31255435	60.85
2020-12-26	54	3	31255435	60.85
2020-12-27	103	2	31255435	60.85
2020-12-28	45	1	31255435	60.85
2020-12-29	62	0	31255435	60.85
2020-12-30	113	3	31255435	60.85
2020-12-31	157	1	31255435	60.85
2021-01-01	152	1	31255435	60.85
2021-01-02	174	1	31255435	60.85
2021-01-03	341	1	31255435	60.85
2021-01-04	154	2	31255435	60.85
2021-01-05	79	0	31255435	60.85
2021-01-06	125	1	31255435	60.85
2021-01-07	294	4	31255435	60.85
2021-01-08	521	5	31255435	60.85
2021-01-09	879	6	31255435	60.85
2021-01-10	578	5	31255435	60.85
2021-01-11	395	5	31255435	60.85
2021-01-12	662	4	31255435	60.85
2021-01-13	730	4	31255435	60.85
2021-01-14	543	6	31255435	60.85
2021-01-15	735	5	31255435	60.85
2021-01-16	858	18	31255435	60.85
2021-01-17	689	7	31255435	60.85
2021-01-18	895	8	31255435	60.85
2021-01-19	824	4	31255435	60.85
2021-01-20	1126	18	31255435	60.85
2021-01-21	829	12	31255435	60.85
2021-01-22	623	7	31255435	60.85
2021-01-23	780	7	31255435	60.85
2021-01-24	790	8	31255435	60.85
2021-01-25	363	58	31255435	60.85
2021-01-26	1274	-34	31255435	60.85
2021-01-27	871	7	31255435	60.85
2021-01-28	907	11	31255435	60.85
2021-01-29	1275	9	31255435	60.85
2021-01-30	597	7	31255435	60.85
2021-01-31	949	4	31255435	60.85
2021-02-01	806	19	31255435	60.85
2021-02-02	800	17	31255435	60.85
2021-02-03	1173	12	31255435	60.85
2021-02-04	1055	12	31255435	60.85
2021-02-05	696	9	31255435	60.85
2021-02-06	928	15	31255435	60.85
2021-02-07	488	9	31255435	60.85
2021-02-08	312	5	31255435	60.85
2021-02-09	873	15	31255435	60.85
2021-02-10	951	6	31255435	60.85
2021-02-11	1054	15	31255435	60.85
2021-02-12	798	13	31255435	60.85
2021-02-13	547	11	31255435	60.85
2021-02-14	1130	10	31255435	60.85
2021-02-15	426	12	31255435	60.85
2021-02-16	1109	4	31255435	60.85
2021-02-17	829	10	31255435	60.85
2021-02-18	898	10	31255435	60.85
2021-02-19	677	12	31255435	60.85
2021-02-20	764	4	31255435	60.85
2021-02-21	675	8	31255435	60.85
2021-02-22	517	4	31255435	60.85
2021-02-23	435	7	31255435	60.85
2021-02-24	325	2	31255435	60.85
2021-02-25	677	5	31255435	60.85
2021-02-26	621	0	31255435	60.85
2021-02-27	554	17	31255435	60.85
2021-02-28	578	11	31255435	60.85
2021-03-01	257	12	31255435	60.85
2021-03-02	307	12	31255435	60.85
2021-03-03	481	3	31255435	60.85
2021-03-04	775	6	31255435	60.85
2021-03-05	359	6	31255435	60.85
2021-03-06	602	6	31255435	60.85
2021-03-07	389	7	31255435	60.85
2021-03-08	183	5	31255435	60.85
2021-03-09	179	2	31255435	60.85
2021-03-10	292	7	31255435	60.85
2021-03-11	471	4	31255435	60.85
2021-03-12	359	8	31255435	60.85
2021-03-13	292	3	31255435	60.85
2021-03-14	220	3	31255435	60.85
2021-03-15	0	0	31255435	60.85
2021-03-16	413	7	31255435	60.85
2021-03-17	268	1	31255435	60.85
2021-03-18	255	4	31255435	60.85
2021-03-19	347	3	31255435	60.85
2021-03-20	265	3	31255435	60.85
2021-03-21	148	3	31255435	60.85
