2020-03-27	8	0	54409794	67.13
2020-03-28	0	0	54409794	67.13
2020-03-29	2	0	54409794	67.13
2020-03-30	4	0	54409794	67.13
2020-03-31	1	1	54409794	67.13
2020-04-01	0	0	54409794	67.13
2020-04-02	5	0	54409794	67.13
2020-04-03	0	0	54409794	67.13
2020-04-04	1	0	54409794	67.13
2020-04-05	0	0	54409794	67.13
2020-04-06	1	0	54409794	67.13
2020-04-07	0	0	54409794	67.13
2020-04-08	0	2	54409794	67.13
2020-04-09	1	0	54409794	67.13
2020-04-10	4	0	54409794	67.13
2020-04-11	11	0	54409794	67.13
2020-04-12	3	1	54409794	67.13
2020-04-13	21	0	54409794	67.13
2020-04-14	1	0	54409794	67.13
2020-04-15	11	0	54409794	67.13
2020-04-16	11	0	54409794	67.13
2020-04-17	3	0	54409794	67.13
2020-04-18	10	1	54409794	67.13
2020-04-19	13	0	54409794	67.13
2020-04-20	8	0	54409794	67.13
2020-04-21	2	0	54409794	67.13
2020-04-22	2	0	54409794	67.13
2020-04-23	16	0	54409794	67.13
2020-04-24	5	0	54409794	67.13
2020-04-25	2	0	54409794	67.13
2020-04-26	0	0	54409794	67.13
2020-04-27	0	0	54409794	67.13
2020-04-28	4	0	54409794	67.13
2020-04-29	0	1	54409794	67.13
2020-04-30	1	0	54409794	67.13
2020-05-01	0	0	54409794	67.13
2020-05-02	0	0	54409794	67.13
2020-05-03	4	0	54409794	67.13
2020-05-04	6	0	54409794	67.13
2020-05-05	0	0	54409794	67.13
2020-05-06	0	0	54409794	67.13
2020-05-07	15	0	54409794	67.13
2020-05-08	1	0	54409794	67.13
2020-05-09	1	0	54409794	67.13
2020-05-10	2	0	54409794	67.13
2020-05-11	0	0	54409794	67.13
2020-05-12	0	0	54409794	67.13
2020-05-13	1	0	54409794	67.13
2020-05-14	0	0	54409794	67.13
2020-05-15	1	0	54409794	67.13
2020-05-16	0	0	54409794	67.13
2020-05-17	2	0	54409794	67.13
2020-05-18	7	0	54409794	67.13
2020-05-19	2	0	54409794	67.13
2020-05-20	6	0	54409794	67.13
2020-05-21	0	0	54409794	67.13
2020-05-22	0	0	54409794	67.13
2020-05-23	2	0	54409794	67.13
2020-05-24	0	0	54409794	67.13
2020-05-25	2	0	54409794	67.13
2020-05-26	3	0	54409794	67.13
2020-05-27	0	0	54409794	67.13
2020-05-28	0	0	54409794	67.13
2020-05-29	1	0	54409794	67.13
2020-05-30	17	0	54409794	67.13
2020-05-31	0	0	54409794	67.13
2020-06-01	4	0	54409794	67.13
2020-06-02	4	0	54409794	67.13
2020-06-03	1	0	54409794	67.13
2020-06-04	3	0	54409794	67.13
2020-06-05	0	0	54409794	67.13
2020-06-06	4	0	54409794	67.13
2020-06-07	2	0	54409794	67.13
2020-06-08	2	0	54409794	67.13
2020-06-09	2	0	54409794	67.13
2020-06-10	2	0	54409794	67.13
2020-06-11	12	0	54409794	67.13
2020-06-12	1	0	54409794	67.13
2020-06-13	0	0	54409794	67.13
2020-06-14	0	0	54409794	67.13
2020-06-15	1	0	54409794	67.13
2020-06-16	0	0	54409794	67.13
2020-06-17	0	0	54409794	67.13
2020-06-18	24	0	54409794	67.13
2020-06-19	0	0	54409794	67.13
2020-06-20	1	0	54409794	67.13
2020-06-21	3	0	54409794	67.13
2020-06-22	1	0	54409794	67.13
2020-06-23	1	0	54409794	67.13
2020-06-24	1	0	54409794	67.13
2020-06-25	0	0	54409794	67.13
2020-06-26	0	0	54409794	67.13
2020-06-27	3	0	54409794	67.13
2020-06-28	3	0	54409794	67.13
2020-06-29	0	0	54409794	67.13
2020-06-30	0	0	54409794	67.13
2020-07-01	4	0	54409794	67.13
2020-07-02	1	0	54409794	67.13
2020-07-03	2	0	54409794	67.13
2020-07-04	7	0	54409794	67.13
2020-07-05	0	0	54409794	67.13
2020-07-06	3	0	54409794	67.13
2020-07-07	0	0	54409794	67.13
2020-07-08	1	0	54409794	67.13
2020-07-09	4	0	54409794	67.13
2020-07-10	5	0	54409794	67.13
2020-07-11	4	0	54409794	67.13
2020-07-12	1	0	54409794	67.13
2020-07-13	5	0	54409794	67.13
2020-07-14	1	0	54409794	67.13
2020-07-15	0	0	54409794	67.13
2020-07-16	2	0	54409794	67.13
2020-07-17	0	0	54409794	67.13
2020-07-18	1	0	54409794	67.13
2020-07-19	1	0	54409794	67.13
2020-07-20	0	0	54409794	67.13
2020-07-21	0	0	54409794	67.13
2020-07-22	2	0	54409794	67.13
2020-07-23	0	0	54409794	67.13
2020-07-24	3	0	54409794	67.13
2020-07-25	2	0	54409794	67.13
2020-07-26	2	0	54409794	67.13
2020-07-27	0	0	54409794	67.13
2020-07-28	1	0	54409794	67.13
2020-07-29	0	0	54409794	67.13
2020-07-30	2	0	54409794	67.13
2020-07-31	0	0	54409794	67.13
2020-08-01	0	0	54409794	67.13
2020-08-02	0	0	54409794	67.13
2020-08-03	2	0	54409794	67.13
2020-08-04	1	0	54409794	67.13
2020-08-05	1	0	54409794	67.13
2020-08-06	0	0	54409794	67.13
2020-08-07	2	0	54409794	67.13
2020-08-08	0	0	54409794	67.13
2020-08-09	1	0	54409794	67.13
2020-08-10	0	0	54409794	67.13
2020-08-11	0	0	54409794	67.13
2020-08-12	1	0	54409794	67.13
2020-08-13	8	0	54409794	67.13
2020-08-14	5	0	54409794	67.13
2020-08-15	0	0	54409794	67.13
2020-08-16	1	0	54409794	67.13
2020-08-17	1	0	54409794	67.13
2020-08-18	0	0	54409794	67.13
2020-08-19	18	0	54409794	67.13
2020-08-20	5	0	54409794	67.13
2020-08-21	36	0	54409794	67.13
2020-08-22	6	0	54409794	67.13
2020-08-23	9	0	54409794	67.13
2020-08-24	24	0	54409794	67.13
2020-08-25	30	0	54409794	67.13
2020-08-26	76	0	54409794	67.13
2020-08-27	22	0	54409794	67.13
2020-08-28	41	0	54409794	67.13
2020-08-29	106	0	54409794	67.13
2020-08-30	26	0	54409794	67.13
2020-08-31	107	0	54409794	67.13
2020-09-01	37	0	54409794	67.13
2020-09-02	76	0	54409794	67.13
2020-09-03	116	0	54409794	67.13
2020-09-04	60	1	54409794	67.13
2020-09-05	148	1	54409794	67.13
2020-09-06	100	0	54409794	67.13
2020-09-07	99	0	54409794	67.13
2020-09-08	289	4	54409794	67.13
2020-09-09	202	2	54409794	67.13
2020-09-10	141	0	54409794	67.13
2020-09-11	272	0	54409794	67.13
2020-09-12	374	2	54409794	67.13
2020-09-13	219	8	54409794	67.13
2020-09-14	180	8	54409794	67.13
2020-09-15	441	7	54409794	67.13
2020-09-16	258	7	54409794	67.13
2020-09-17	405	15	54409794	67.13
2020-09-18	322	14	54409794	67.13
2020-09-19	642	6	54409794	67.13
2020-09-20	542	13	54409794	67.13
2020-09-21	666	6	54409794	67.13
2020-09-22	488	16	54409794	67.13
2020-09-23	868	17	54409794	67.13
2020-09-24	688	22	54409794	67.13
2020-09-25	597	19	54409794	67.13
2020-09-26	879	24	54409794	67.13
2020-09-27	743	28	54409794	67.13
2020-09-28	897	30	54409794	67.13
2020-09-29	794	28	54409794	67.13
2020-09-30	948	26	54409794	67.13
2020-10-01	1010	11	54409794	67.13
2020-10-02	1142	32	54409794	67.13
2020-10-03	978	18	54409794	67.13
2020-10-04	1291	41	54409794	67.13
2020-10-05	987	32	54409794	67.13
2020-10-06	1252	27	54409794	67.13
2020-10-07	1400	39	54409794	67.13
2020-10-08	1012	25	54409794	67.13
2020-10-09	1461	31	54409794	67.13
2020-10-10	2158	32	54409794	67.13
2020-10-11	1910	48	54409794	67.13
2020-10-12	1340	18	54409794	67.13
2020-10-13	1123	29	54409794	67.13
2020-10-14	888	39	54409794	67.13
2020-10-15	1026	33	54409794	67.13
2020-10-16	1137	34	54409794	67.13
2020-10-17	1387	39	54409794	67.13
2020-10-18	1150	42	54409794	67.13
2020-10-19	1180	34	54409794	67.13
2020-10-20	1297	31	54409794	67.13
2020-10-21	1194	27	54409794	67.13
2020-10-22	1312	33	54409794	67.13
2020-10-23	1357	33	54409794	67.13
2020-10-24	1423	28	54409794	67.13
2020-10-25	986	29	54409794	67.13
2020-10-26	1426	27	54409794	67.13
2020-10-27	1466	25	54409794	67.13
2020-10-28	1406	25	54409794	67.13
2020-10-29	1331	27	54409794	67.13
2020-10-30	1093	20	54409794	67.13
2020-10-31	1210	18	54409794	67.13
2020-11-01	699	21	54409794	67.13
2020-11-02	1202	24	54409794	67.13
2020-11-03	1197	25	54409794	67.13
2020-11-04	1136	23	54409794	67.13
2020-11-05	995	22	54409794	67.13
2020-11-06	1342	24	54409794	67.13
2020-11-07	1071	20	54409794	67.13
2020-11-08	1029	24	54409794	67.13
2020-11-09	598	17	54409794	67.13
2020-11-10	1266	24	54409794	67.13
2020-11-11	1212	19	54409794	67.13
2020-11-12	1145	28	54409794	67.13
2020-11-13	1136	26	54409794	67.13
2020-11-14	1277	18	54409794	67.13
2020-11-15	983	25	54409794	67.13
2020-11-16	1167	22	54409794	67.13
2020-11-17	1569	26	54409794	67.13
2020-11-18	1592	25	54409794	67.13
2020-11-19	1560	26	54409794	67.13
2020-11-20	1532	19	54409794	67.13
2020-11-21	1434	27	54409794	67.13
2020-11-22	1398	17	54409794	67.13
2020-11-23	1259	26	54409794	67.13
2020-11-24	1731	19	54409794	67.13
2020-11-25	1330	26	54409794	67.13
2020-11-26	1639	36	54409794	67.13
2020-11-27	1428	19	54409794	67.13
2020-11-28	1344	22	54409794	67.13
2020-11-29	1509	31	54409794	67.13
2020-11-30	1227	23	54409794	67.13
2020-12-01	1476	31	54409794	67.13
2020-12-02	1411	26	54409794	67.13
2020-12-03	1418	30	54409794	67.13
2020-12-04	1502	31	54409794	67.13
2020-12-05	1527	22	54409794	67.13
2020-12-06	1108	29	54409794	67.13
2020-12-07	1276	22	54409794	67.13
2020-12-08	1308	19	54409794	67.13
2020-12-09	1427	23	54409794	67.13
2020-12-10	1321	27	54409794	67.13
2020-12-11	1376	19	54409794	67.13
2020-12-12	1352	25	54409794	67.13
2020-12-13	1127	23	54409794	67.13
2020-12-14	1170	24	54409794	67.13
2020-12-15	1155	27	54409794	67.13
2020-12-16	1233	27	54409794	67.13
2020-12-17	1182	31	54409794	67.13
2020-12-18	1116	21	54409794	67.13
2020-12-19	989	26	54409794	67.13
2020-12-20	947	19	54409794	67.13
2020-12-21	848	22	54409794	67.13
2020-12-22	964	19	54409794	67.13
2020-12-23	923	23	54409794	67.13
2020-12-24	919	25	54409794	67.13
2020-12-25	758	20	54409794	67.13
2020-12-26	734	27	54409794	67.13
2020-12-27	606	22	54409794	67.13
2020-12-28	648	17	54409794	67.13
2020-12-29	619	19	54409794	67.13
2020-12-30	587	27	54409794	67.13
2020-12-31	890	18	54409794	67.13
2021-01-01	412	15	54409794	67.13
2021-01-02	574	14	54409794	67.13
2021-01-03	729	17	54409794	67.13
2021-01-04	590	16	54409794	67.13
2021-01-05	649	22	54409794	67.13
2021-01-06	594	19	54409794	67.13
2021-01-07	594	14	54409794	67.13
2021-01-08	711	13	54409794	67.13
2021-01-09	566	14	54409794	67.13
2021-01-10	555	20	54409794	67.13
2021-01-11	582	12	54409794	67.13
2021-01-12	551	20	54409794	67.13
2021-01-13	523	24	54409794	67.13
2021-01-14	605	10	54409794	67.13
2021-01-15	513	14	54409794	67.13
2021-01-16	491	16	54409794	67.13
2021-01-17	449	13	54409794	67.13
2021-01-18	477	18	54409794	67.13
2021-01-19	448	13	54409794	67.13
2021-01-20	478	11	54409794	67.13
2021-01-21	445	16	54409794	67.13
2021-01-22	425	18	54409794	67.13
2021-01-23	507	14	54409794	67.13
2021-01-24	476	17	54409794	67.13
2021-01-25	383	7	54409794	67.13
2021-01-26	411	13	54409794	67.13
2021-01-27	434	7	54409794	67.13
2021-01-28	350	14	54409794	67.13
2021-01-29	363	12	54409794	67.13
2021-01-30	349	10	54409794	67.13
2021-01-31	281	6	54409794	67.13
2021-02-01	209	7	54409794	67.13
2021-02-02	0	0	54409794	67.13
2021-02-03	573	22	54409794	67.13
2021-02-04	177	3	54409794	67.13
2021-02-05	200	5	54409794	67.13
2021-02-06	0	0	54409794	67.13
2021-02-07	0	0	54409794	67.13
2021-02-08	123	9	54409794	67.13
2021-02-09	21	3	54409794	67.13
2021-02-10	39	1	54409794	67.13
2021-02-11	35	3	54409794	67.13
2021-02-12	21	4	54409794	67.13
2021-02-13	42	0	54409794	67.13
2021-02-14	16	1	54409794	67.13
2021-02-15	36	1	54409794	67.13
2021-02-16	22	2	54409794	67.13
2021-02-17	31	0	54409794	67.13
2021-02-18	19	-1	54409794	67.13
2021-02-19	19	3	54409794	67.13
2021-02-20	7	2	54409794	67.13
2021-02-21	15	0	54409794	67.13
2021-02-22	11	1	54409794	67.13
2021-02-23	22	0	54409794	67.13
2021-02-24	33	0	54409794	67.13
2021-02-25	25	1	54409794	67.13
2021-02-26	34	0	54409794	67.13
2021-02-27	15	1	54409794	67.13
2021-02-28	6	0	54409794	67.13
2021-03-01	20	0	54409794	67.13
2021-03-02	49	0	54409794	67.13
2021-03-03	19	0	54409794	67.13
2021-03-04	16	1	54409794	67.13
2021-03-05	0	0	54409794	67.13
2021-03-06	23	0	54409794	67.13
2021-03-07	11	0	54409794	67.13
2021-03-08	11	0	54409794	67.13
2021-03-09	14	0	54409794	67.13
2021-03-10	14	0	54409794	67.13
2021-03-11	41	1	54409794	67.13
2021-03-12	8	0	54409794	67.13
2021-03-13	14	0	54409794	67.13
2021-03-14	11	1	54409794	67.13
2021-03-15	0	0	54409794	67.13
2021-03-16	15	1	54409794	67.13
2021-03-17	28	0	54409794	67.13
2021-03-18	22	1	54409794	67.13
2021-03-19	0	0	54409794	67.13
2021-03-20	0	0	54409794	67.13
2021-03-21	0	0	54409794	67.13
