2020-03-14	2	0	2540916	63.71
2020-03-15	0	0	2540916	63.71
2020-03-16	0	0	2540916	63.71
2020-03-17	0	0	2540916	63.71
2020-03-18	0	0	2540916	63.71
2020-03-19	1	0	2540916	63.71
2020-03-20	0	0	2540916	63.71
2020-03-21	0	0	2540916	63.71
2020-03-22	0	0	2540916	63.71
2020-03-23	1	0	2540916	63.71
2020-03-24	3	0	2540916	63.71
2020-03-25	0	0	2540916	63.71
2020-03-26	1	0	2540916	63.71
2020-03-27	0	0	2540916	63.71
2020-03-28	0	0	2540916	63.71
2020-03-29	3	0	2540916	63.71
2020-03-30	0	0	2540916	63.71
2020-03-31	0	0	2540916	63.71
2020-04-01	3	0	2540916	63.71
2020-04-02	0	0	2540916	63.71
2020-04-03	0	0	2540916	63.71
2020-04-04	0	0	2540916	63.71
2020-04-05	2	0	2540916	63.71
2020-04-06	0	0	2540916	63.71
2020-04-07	0	0	2540916	63.71
2020-04-08	0	0	2540916	63.71
2020-04-09	0	0	2540916	63.71
2020-04-10	0	0	2540916	63.71
2020-04-11	0	0	2540916	63.71
2020-04-12	0	0	2540916	63.71
2020-04-13	0	0	2540916	63.71
2020-04-14	0	0	2540916	63.71
2020-04-15	0	0	2540916	63.71
2020-04-16	0	0	2540916	63.71
2020-04-17	0	0	2540916	63.71
2020-04-18	0	0	2540916	63.71
2020-04-19	0	0	2540916	63.71
2020-04-20	0	0	2540916	63.71
2020-04-21	0	0	2540916	63.71
2020-04-22	0	0	2540916	63.71
2020-04-23	0	0	2540916	63.71
2020-04-24	0	0	2540916	63.71
2020-04-25	0	0	2540916	63.71
2020-04-26	0	0	2540916	63.71
2020-04-27	0	0	2540916	63.71
2020-04-28	0	0	2540916	63.71
2020-04-29	0	0	2540916	63.71
2020-04-30	0	0	2540916	63.71
2020-05-01	0	0	2540916	63.71
2020-05-02	0	0	2540916	63.71
2020-05-03	0	0	2540916	63.71
2020-05-04	0	0	2540916	63.71
2020-05-05	0	0	2540916	63.71
2020-05-06	0	0	2540916	63.71
2020-05-07	0	0	2540916	63.71
2020-05-08	0	0	2540916	63.71
2020-05-09	0	0	2540916	63.71
2020-05-10	0	0	2540916	63.71
2020-05-11	0	0	2540916	63.71
2020-05-12	0	0	2540916	63.71
2020-05-13	0	0	2540916	63.71
2020-05-14	0	0	2540916	63.71
2020-05-15	0	0	2540916	63.71
2020-05-16	0	0	2540916	63.71
2020-05-17	0	0	2540916	63.71
2020-05-18	0	0	2540916	63.71
2020-05-19	0	0	2540916	63.71
2020-05-20	0	0	2540916	63.71
2020-05-21	2	0	2540916	63.71
2020-05-22	1	0	2540916	63.71
2020-05-23	1	0	2540916	63.71
2020-05-24	1	0	2540916	63.71
2020-05-25	0	0	2540916	63.71
2020-05-26	0	0	2540916	63.71
2020-05-27	1	0	2540916	63.71
2020-05-28	0	0	2540916	63.71
2020-05-29	1	0	2540916	63.71
2020-05-30	0	0	2540916	63.71
2020-05-31	1	0	2540916	63.71
2020-06-01	1	0	2540916	63.71
2020-06-02	0	0	2540916	63.71
2020-06-03	0	0	2540916	63.71
2020-06-04	0	0	2540916	63.71
2020-06-05	0	0	2540916	63.71
2020-06-06	4	0	2540916	63.71
2020-06-07	0	0	2540916	63.71
2020-06-08	2	0	2540916	63.71
2020-06-09	0	0	2540916	63.71
2020-06-10	0	0	2540916	63.71
2020-06-11	0	0	2540916	63.71
2020-06-12	0	0	2540916	63.71
2020-06-13	1	0	2540916	63.71
2020-06-14	0	0	2540916	63.71
2020-06-15	0	0	2540916	63.71
2020-06-16	2	0	2540916	63.71
2020-06-17	2	0	2540916	63.71
2020-06-18	3	0	2540916	63.71
2020-06-19	6	0	2540916	63.71
2020-06-20	1	0	2540916	63.71
2020-06-21	9	0	2540916	63.71
2020-06-22	8	0	2540916	63.71
2020-06-23	9	0	2540916	63.71
2020-06-24	4	0	2540916	63.71
2020-06-25	26	0	2540916	63.71
2020-06-26	19	0	2540916	63.71
2020-06-27	15	0	2540916	63.71
2020-06-28	47	0	2540916	63.71
2020-06-29	13	0	2540916	63.71
2020-06-30	9	0	2540916	63.71
2020-07-01	80	0	2540916	63.71
2020-07-02	8	0	2540916	63.71
2020-07-03	57	0	2540916	63.71
2020-07-04	25	0	2540916	63.71
2020-07-05	37	0	2540916	63.71
2020-07-06	73	0	2540916	63.71
2020-07-07	54	0	2540916	63.71
2020-07-08	54	0	2540916	63.71
2020-07-09	22	0	2540916	63.71
2020-07-10	53	1	2540916	63.71
2020-07-11	0	0	2540916	63.71
2020-07-12	117	0	2540916	63.71
2020-07-13	76	0	2540916	63.71
2020-07-14	3	1	2540916	63.71
2020-07-15	96	0	2540916	63.71
2020-07-16	72	0	2540916	63.71
2020-07-17	46	0	2540916	63.71
2020-07-18	125	0	2540916	63.71
2020-07-19	44	1	2540916	63.71
2020-07-20	97	1	2540916	63.71
2020-07-21	22	3	2540916	63.71
2020-07-22	36	0	2540916	63.71
2020-07-23	120	0	2540916	63.71
2020-07-24	96	0	2540916	63.71
2020-07-25	69	0	2540916	63.71
2020-07-26	88	1	2540916	63.71
2020-07-27	68	0	2540916	63.71
2020-07-28	74	0	2540916	63.71
2020-07-29	69	1	2540916	63.71
2020-07-30	66	1	2540916	63.71
2020-07-31	77	0	2540916	63.71
2020-08-01	95	1	2540916	63.71
2020-08-02	70	0	2540916	63.71
2020-08-03	112	1	2540916	63.71
2020-08-04	64	0	2540916	63.71
2020-08-05	70	0	2540916	63.71
2020-08-06	112	3	2540916	63.71
2020-08-07	150	1	2540916	63.71
2020-08-08	0	0	2540916	63.71
2020-08-09	147	3	2540916	63.71
2020-08-10	152	0	2540916	63.71
2020-08-11	128	0	2540916	63.71
2020-08-12	177	3	2540916	63.71
2020-08-13	138	5	2540916	63.71
2020-08-14	182	4	2540916	63.71
2020-08-15	181	4	2540916	63.71
2020-08-16	247	0	2540916	63.71
2020-08-17	190	1	2540916	63.71
2020-08-18	120	1	2540916	63.71
2020-08-19	201	2	2540916	63.71
2020-08-20	247	2	2540916	63.71
2020-08-21	315	1	2540916	63.71
2020-08-22	311	4	2540916	63.71
2020-08-23	316	6	2540916	63.71
2020-08-24	176	4	2540916	63.71
2020-08-25	130	1	2540916	63.71
2020-08-26	271	2	2540916	63.71
2020-08-27	281	1	2540916	63.71
2020-08-28	194	5	2540916	63.71
2020-08-29	210	4	2540916	63.71
2020-08-30	249	3	2540916	63.71
2020-08-31	185	3	2540916	63.71
2020-09-01	142	6	2540916	63.71
2020-09-02	152	1	2540916	63.71
2020-09-03	238	4	2540916	63.71
2020-09-04	241	1	2540916	63.71
2020-09-05	191	0	2540916	63.71
2020-09-06	171	2	2540916	63.71
2020-09-07	125	2	2540916	63.71
2020-09-08	118	0	2540916	63.71
2020-09-09	180	2	2540916	63.71
2020-09-10	148	3	2540916	63.71
2020-09-11	181	2	2540916	63.71
2020-09-12	167	0	2540916	63.71
2020-09-13	115	3	2540916	63.71
2020-09-14	99	2	2540916	63.71
2020-09-15	83	3	2540916	63.71
2020-09-16	63	2	2540916	63.71
2020-09-17	114	0	2540916	63.71
2020-09-18	129	0	2540916	63.71
2020-09-19	85	3	2540916	63.71
2020-09-20	85	1	2540916	63.71
2020-09-21	149	1	2540916	63.71
2020-09-22	81	3	2540916	63.71
2020-09-23	56	1	2540916	63.71
2020-09-24	77	2	2540916	63.71
2020-09-25	95	0	2540916	63.71
2020-09-26	83	1	2540916	63.71
2020-09-27	115	0	2540916	63.71
2020-09-28	88	1	2540916	63.71
2020-09-29	19	0	2540916	63.71
2020-09-30	125	0	2540916	63.71
2020-10-01	108	2	2540916	63.71
2020-10-02	107	0	2540916	63.71
2020-10-03	92	0	2540916	63.71
2020-10-04	54	0	2540916	63.71
2020-10-05	28	2	2540916	63.71
2020-10-06	19	0	2540916	63.71
2020-10-07	41	1	2540916	63.71
2020-10-08	67	1	2540916	63.71
2020-10-09	48	0	2540916	63.71
2020-10-10	62	1	2540916	63.71
2020-10-11	45	0	2540916	63.71
2020-10-12	53	1	2540916	63.71
2020-10-13	11	0	2540916	63.71
2020-10-14	69	1	2540916	63.71
2020-10-15	34	0	2540916	63.71
2020-10-16	112	1	2540916	63.71
2020-10-17	48	0	2540916	63.71
2020-10-18	30	0	2540916	63.71
2020-10-19	33	0	2540916	63.71
2020-10-20	41	1	2540916	63.71
2020-10-21	39	1	2540916	63.71
2020-10-22	54	0	2540916	63.71
2020-10-23	41	0	2540916	63.71
2020-10-24	78	0	2540916	63.71
2020-10-25	81	0	2540916	63.71
2020-10-26	15	0	2540916	63.71
2020-10-27	54	0	2540916	63.71
2020-10-28	77	0	2540916	63.71
2020-10-29	52	0	2540916	63.71
2020-10-30	49	0	2540916	63.71
2020-10-31	28	0	2540916	63.71
2020-11-01	53	0	2540916	63.71
2020-11-02	24	0	2540916	63.71
2020-11-03	18	0	2540916	63.71
2020-11-04	16	0	2540916	63.71
2020-11-05	44	0	2540916	63.71
2020-11-06	53	0	2540916	63.71
2020-11-07	27	1	2540916	63.71
2020-11-08	41	0	2540916	63.71
2020-11-09	29	0	2540916	63.71
2020-11-10	13	0	2540916	63.71
2020-11-11	39	0	2540916	63.71
2020-11-12	53	1	2540916	63.71
2020-11-13	27	3	2540916	63.71
2020-11-14	77	0	2540916	63.71
2020-11-15	59	0	2540916	63.71
2020-11-16	47	0	2540916	63.71
2020-11-17	11	2	2540916	63.71
2020-11-18	44	0	2540916	63.71
2020-11-19	52	1	2540916	63.71
2020-11-20	50	2	2540916	63.71
2020-11-21	99	2	2540916	63.71
2020-11-22	54	0	2540916	63.71
2020-11-23	32	0	2540916	63.71
2020-11-24	41	0	2540916	63.71
2020-11-25	68	0	2540916	63.71
2020-11-26	149	2	2540916	63.71
2020-11-27	52	2	2540916	63.71
2020-11-28	78	1	2540916	63.71
2020-11-29	60	1	2540916	63.71
2020-11-30	35	0	2540916	63.71
2020-12-01	36	0	2540916	63.71
2020-12-02	61	0	2540916	63.71
2020-12-03	122	0	2540916	63.71
2020-12-04	205	1	2540916	63.71
2020-12-05	146	0	2540916	63.71
2020-12-06	128	0	2540916	63.71
2020-12-07	141	0	2540916	63.71
2020-12-08	79	1	2540916	63.71
2020-12-09	174	2	2540916	63.71
2020-12-10	301	3	2540916	63.71
2020-12-11	324	2	2540916	63.71
2020-12-12	172	0	2540916	63.71
2020-12-13	267	0	2540916	63.71
2020-12-14	190	3	2540916	63.71
2020-12-15	187	1	2540916	63.71
2020-12-16	363	0	2540916	63.71
2020-12-17	331	0	2540916	63.71
2020-12-18	434	5	2540916	63.71
2020-12-19	396	2	2540916	63.71
2020-12-20	277	6	2540916	63.71
2020-12-21	585	3	2540916	63.71
2020-12-22	330	1	2540916	63.71
2020-12-23	355	2	2540916	63.71
2020-12-24	595	4	2540916	63.71
2020-12-25	683	0	2540916	63.71
2020-12-26	136	0	2540916	63.71
2020-12-27	525	4	2540916	63.71
2020-12-28	364	2	2540916	63.71
2020-12-29	564	2	2540916	63.71
2020-12-30	482	1	2540916	63.71
2020-12-31	608	9	2540916	63.71
2021-01-01	604	3	2540916	63.71
2021-01-02	109	5	2540916	63.71
2021-01-03	462	2	2540916	63.71
2021-01-04	270	3	2540916	63.71
2021-01-05	501	4	2540916	63.71
2021-01-06	432	13	2540916	63.71
2021-01-07	363	5	2540916	63.71
2021-01-08	573	5	2540916	63.71
2021-01-09	468	6	2540916	63.71
2021-01-10	536	3	2540916	63.71
2021-01-11	343	7	2540916	63.71
2021-01-12	269	3	2540916	63.71
2021-01-13	312	7	2540916	63.71
2021-01-14	387	4	2540916	63.71
2021-01-15	319	5	2540916	63.71
2021-01-16	309	0	2540916	63.71
2021-01-17	165	5	2540916	63.71
2021-01-18	390	8	2540916	63.71
2021-01-19	242	3	2540916	63.71
2021-01-20	258	5	2540916	63.71
2021-01-21	262	9	2540916	63.71
2021-01-22	333	1	2540916	63.71
2021-01-23	365	6	2540916	63.71
2021-01-24	212	2	2540916	63.71
2021-01-25	225	0	2540916	63.71
2021-01-26	307	9	2540916	63.71
2021-01-27	308	4	2540916	63.71
2021-01-28	194	0	2540916	63.71
2021-01-29	237	10	2540916	63.71
2021-01-30	136	8	2540916	63.71
2021-01-31	112	2	2540916	63.71
2021-02-01	224	1	2540916	63.71
2021-02-02	102	2	2540916	63.71
2021-02-03	102	4	2540916	63.71
2021-02-04	147	5	2540916	63.71
2021-02-05	96	6	2540916	63.71
2021-02-06	229	1	2540916	63.71
2021-02-07	129	4	2540916	63.71
2021-02-08	97	0	2540916	63.71
2021-02-09	131	2	2540916	63.71
2021-02-10	41	1	2540916	63.71
2021-02-11	111	4	2540916	63.71
2021-02-12	201	2	2540916	63.71
2021-02-13	243	2	2540916	63.71
2021-02-14	155	2	2540916	63.71
2021-02-15	273	1	2540916	63.71
2021-02-16	141	3	2540916	63.71
2021-02-17	74	2	2540916	63.71
2021-02-18	240	0	2540916	63.71
2021-02-19	313	5	2540916	63.71
2021-02-20	302	3	2540916	63.71
2021-02-21	188	0	2540916	63.71
2021-02-22	259	4	2540916	63.71
2021-02-23	154	5	2540916	63.71
2021-02-24	80	2	2540916	63.71
2021-02-25	230	3	2540916	63.71
2021-02-26	218	2	2540916	63.71
2021-02-27	218	2	2540916	63.71
2021-02-28	203	4	2540916	63.71
2021-03-01	188	4	2540916	63.71
2021-03-02	149	2	2540916	63.71
2021-03-03	115	4	2540916	63.71
2021-03-04	169	2	2540916	63.71
2021-03-05	210	1	2540916	63.71
2021-03-06	201	0	2540916	63.71
2021-03-07	153	1	2540916	63.71
2021-03-08	157	1	2540916	63.71
2021-03-09	150	5	2540916	63.71
2021-03-10	114	4	2540916	63.71
2021-03-11	180	2	2540916	63.71
2021-03-12	179	6	2540916	63.71
2021-03-13	215	2	2540916	63.71
2021-03-14	175	0	2540916	63.71
2021-03-15	224	7	2540916	63.71
2021-03-16	42	9	2540916	63.71
2021-03-17	80	3	2540916	63.71
2021-03-18	138	6	2540916	63.71
2021-03-19	281	3	2540916	63.71
2021-03-20	238	6	2540916	63.71
2021-03-21	274	0	2540916	63.71
