2020-02-09	0	0	17134873	82.28
2020-02-15	0	0	17134873	82.28
2020-02-23	0	0	17134873	82.28
2020-02-27	1	0	17134873	82.28
2020-02-28	0	0	17134873	82.28
2020-02-29	5	0	17134873	82.28
2020-03-01	4	0	17134873	82.28
2020-03-02	8	0	17134873	82.28
2020-03-03	6	0	17134873	82.28
2020-03-04	14	0	17134873	82.28
2020-03-05	44	0	17134873	82.28
2020-03-06	46	1	17134873	82.28
2020-03-07	60	0	17134873	82.28
2020-03-08	77	2	17134873	82.28
2020-03-09	56	0	17134873	82.28
2020-03-10	61	1	17134873	82.28
2020-03-11	121	1	17134873	82.28
2020-03-12	0	0	17134873	82.28
2020-03-13	303	5	17134873	82.28
2020-03-14	156	2	17134873	82.28
2020-03-15	176	8	17134873	82.28
2020-03-16	278	4	17134873	82.28
2020-03-17	295	19	17134873	82.28
2020-03-18	347	15	17134873	82.28
2020-03-19	409	19	17134873	82.28
2020-03-20	536	30	17134873	82.28
2020-03-21	637	30	17134873	82.28
2020-03-22	577	43	17134873	82.28
2020-03-23	547	34	17134873	82.28
2020-03-24	816	63	17134873	82.28
2020-03-25	858	80	17134873	82.28
2020-03-26	1030	78	17134873	82.28
2020-03-27	1179	112	17134873	82.28
2020-03-28	1172	93	17134873	82.28
2020-03-29	1111	132	17134873	82.28
2020-03-30	887	93	17134873	82.28
2020-03-31	850	175	17134873	82.28
2020-04-01	1029	135	17134873	82.28
2020-04-02	1092	166	17134873	82.28
2020-04-03	1033	149	17134873	82.28
2020-04-04	906	166	17134873	82.28
2020-04-05	1226	115	17134873	82.28
2020-04-06	973	103	17134873	82.28
2020-04-07	783	234	17134873	82.28
2020-04-08	973	147	17134873	82.28
2020-04-09	1221	148	17134873	82.28
2020-04-10	1346	117	17134873	82.28
2020-04-11	1322	133	17134873	82.28
2020-04-12	1175	94	17134873	82.28
2020-04-13	964	86	17134873	82.28
2020-04-14	870	122	17134873	82.28
2020-04-15	736	190	17134873	82.28
2020-04-16	1067	182	17134873	82.28
2020-04-17	1236	144	17134873	82.28
2020-04-18	1147	142	17134873	82.28
2020-04-19	1072	84	17134873	82.28
2020-04-20	750	67	17134873	82.28
2020-04-21	729	165	17134873	82.28
2020-04-22	715	139	17134873	82.28
2020-04-23	889	124	17134873	82.28
2020-04-24	808	112	17134873	82.28
2020-04-25	655	120	17134873	82.28
2020-04-26	656	67	17134873	82.28
2020-04-27	400	43	17134873	82.28
2020-04-28	172	48	17134873	82.28
2020-04-29	386	145	17134873	82.28
2020-04-30	514	84	17134873	82.28
2020-05-01	477	98	17134873	82.28
2020-05-02	445	94	17134873	82.28
2020-05-03	335	69	17134873	82.28
2020-05-04	199	26	17134873	82.28
2020-05-05	318	87	17134873	82.28
2020-05-06	232	36	17134873	82.28
2020-05-07	455	85	17134873	82.28
2020-05-08	319	71	17134873	82.28
2020-05-09	289	64	17134873	82.28
2020-05-10	245	18	17134873	82.28
2020-05-11	161	16	17134873	82.28
2020-05-12	196	54	17134873	82.28
2020-05-13	227	52	17134873	82.28
2020-05-14	270	28	17134873	82.28
2020-05-15	200	53	17134873	82.28
2020-05-16	190	27	17134873	82.28
2020-05-17	125	10	17134873	82.28
2020-05-18	146	14	17134873	82.28
2020-05-19	108	21	17134873	82.28
2020-05-20	198	33	17134873	82.28
2020-05-21	253	27	17134873	82.28
2020-05-22	188	13	17134873	82.28
2020-05-23	177	23	17134873	82.28
2020-05-24	172	11	17134873	82.28
2020-05-25	210	8	17134873	82.28
2020-05-26	133	26	17134873	82.28
2020-05-27	190	15	17134873	82.28
2020-05-28	182	32	17134873	82.28
2020-05-29	176	28	17134873	82.28
2020-05-30	132	20	17134873	82.28
2020-05-31	185	5	17134873	82.28
2020-06-01	104	6	17134873	82.28
2020-06-02	103	5	17134873	82.28
2020-06-03	87	10	17134873	82.28
2020-06-04	209	13	17134873	82.28
2020-06-05	210	15	17134873	82.28
2020-06-06	183	6	17134873	82.28
2020-06-07	239	2	17134873	82.28
2020-06-08	165	3	17134873	82.28
2020-06-09	164	15	17134873	82.28
2020-06-10	185	11	17134873	82.28
2020-06-11	164	2	17134873	82.28
2020-06-12	210	9	17134873	82.28
2020-06-13	179	4	17134873	82.28
2020-06-14	143	2	17134873	82.28
2020-06-15	165	6	17134873	82.28
2020-06-16	140	5	17134873	82.28
2020-06-17	117	4	17134873	82.28
2020-06-18	115	4	17134873	82.28
2020-06-19	107	3	17134873	82.28
2020-06-20	76	8	17134873	82.28
2020-06-21	91	1	17134873	82.28
2020-06-22	65	0	17134873	82.28
2020-06-23	64	5	17134873	82.28
2020-06-24	82	2	17134873	82.28
2020-06-25	110	3	17134873	82.28
2020-06-26	91	3	17134873	82.28
2020-06-27	69	2	17134873	82.28
2020-06-28	73	0	17134873	82.28
2020-06-29	78	2	17134873	82.28
2020-06-30	50	6	17134873	82.28
2020-07-01	62	2	17134873	82.28
2020-07-02	78	3	17134873	82.28
2020-07-03	75	2	17134873	82.28
2020-07-04	63	6	17134873	82.28
2020-07-05	73	1	17134873	82.28
2020-07-06	36	1	17134873	82.28
2020-07-07	37	4	17134873	82.28
2020-07-08	52	3	17134873	82.28
2020-07-09	54	2	17134873	82.28
2020-07-10	42	-1	17134873	82.28
2020-07-11	81	1	17134873	82.28
2020-07-12	101	0	17134873	82.28
2020-07-13	71	0	17134873	82.28
2020-07-14	54	-2	17134873	82.28
2020-07-15	109	1	17134873	82.28
2020-07-16	101	1	17134873	82.28
2020-07-17	110	1	17134873	82.28
2020-07-18	127	-2	17134873	82.28
2020-07-19	146	0	17134873	82.28
2020-07-20	187	0	17134873	82.28
2020-07-21	165	0	17134873	82.28
2020-07-22	168	3	17134873	82.28
2020-07-23	165	0	17134873	82.28
2020-07-24	197	0	17134873	82.28
2020-07-25	147	1	17134873	82.28
2020-07-26	294	19	17134873	82.28
2020-07-27	146	-18	17134873	82.28
2020-07-28	223	4	17134873	82.28
2020-07-29	248	2	17134873	82.28
2020-07-30	354	0	17134873	82.28
2020-07-31	341	0	17134873	82.28
2020-08-01	431	1	17134873	82.28
2020-08-02	387	2	17134873	82.28
2020-08-03	378	0	17134873	82.28
2020-08-04	493	1	17134873	82.28
2020-08-05	471	3	17134873	82.28
2020-08-06	715	0	17134873	82.28
2020-08-07	652	1	17134873	82.28
2020-08-08	600	4	17134873	82.28
2020-08-09	643	0	17134873	82.28
2020-08-10	698	0	17134873	82.28
2020-08-11	333	-16	17134873	82.28
2020-08-12	1327	20	17134873	82.28
2020-08-13	688	5	17134873	82.28
2020-08-14	721	2	17134873	82.28
2020-08-15	762	2	17134873	82.28
2020-08-16	579	3	17134873	82.28
2020-08-17	512	0	17134873	82.28
2020-08-18	580	3	17134873	82.28
2020-08-19	658	7	17134873	82.28
2020-08-20	625	11	17134873	82.28
2020-08-21	613	4	17134873	82.28
2020-08-22	595	6	17134873	82.28
2020-08-23	519	0	17134873	82.28
2020-08-24	654	2	17134873	82.28
2020-08-25	459	6	17134873	82.28
2020-08-26	699	8	17134873	82.28
2020-08-27	602	3	17134873	82.28
2020-08-28	573	3	17134873	82.28
2020-08-29	571	5	17134873	82.28
2020-08-30	551	0	17134873	82.28
2020-08-31	553	0	17134873	82.28
2020-09-01	570	8	17134873	82.28
2020-09-02	858	7	17134873	82.28
2020-09-03	696	1	17134873	82.28
2020-09-04	817	2	17134873	82.28
2020-09-05	734	5	17134873	82.28
2020-09-06	950	2	17134873	82.28
2020-09-07	845	1	17134873	82.28
2020-09-08	1090	1	17134873	82.28
2020-09-09	1293	2	17134873	82.28
2020-09-10	931	4	17134873	82.28
2020-09-11	1354	5	17134873	82.28
2020-09-12	1339	1	17134873	82.28
2020-09-13	1167	1	17134873	82.28
2020-09-14	1318	4	17134873	82.28
2020-09-15	1479	4	17134873	82.28
2020-09-16	1752	3	17134873	82.28
2020-09-17	1837	7	17134873	82.28
2020-09-18	2083	8	17134873	82.28
2020-09-19	1916	2	17134873	82.28
2020-09-20	1956	4	17134873	82.28
2020-09-21	2274	3	17134873	82.28
2020-09-22	2353	11	17134873	82.28
2020-09-23	2460	6	17134873	82.28
2020-09-24	2595	17	17134873	82.28
2020-09-25	2859	16	17134873	82.28
2020-09-26	2760	38	17134873	82.28
2020-09-27	3041	8	17134873	82.28
2020-09-28	2950	6	17134873	82.28
2020-09-29	3111	14	17134873	82.28
2020-09-30	3368	14	17134873	82.28
2020-10-01	3295	13	17134873	82.28
2020-10-02	3883	12	17134873	82.28
2020-10-03	4028	21	17134873	82.28
2020-10-04	4032	5	17134873	82.28
2020-10-05	4611	1	17134873	82.28
2020-10-06	4576	29	17134873	82.28
2020-10-07	5052	36	17134873	82.28
2020-10-08	5867	13	17134873	82.28
2020-10-09	6016	14	17134873	82.28
2020-10-10	6546	23	17134873	82.28
2020-10-11	6394	18	17134873	82.28
2020-10-12	6850	12	17134873	82.28
2020-10-13	7453	35	17134873	82.28
2020-10-14	7351	31	17134873	82.28
2020-10-15	7857	29	17134873	82.28
2020-10-16	8022	16	17134873	82.28
2020-10-17	8149	32	17134873	82.28
2020-10-18	8233	14	17134873	82.28
2020-10-19	8014	17	17134873	82.28
2020-10-20	8194	46	17134873	82.28
2020-10-21	8796	60	17134873	82.28
2020-10-22	9310	47	17134873	82.28
2020-10-23	10029	45	17134873	82.28
2020-10-24	8683	55	17134873	82.28
2020-10-25	10237	27	17134873	82.28
2020-10-26	10365	26	17134873	82.28
2020-10-27	10321	70	17134873	82.28
2020-10-28	8156	61	17134873	82.28
2020-10-29	10321	56	17134873	82.28
2020-10-30	11172	87	17134873	82.28
2020-10-31	9839	51	17134873	82.28
2020-11-01	8711	39	17134873	82.28
2020-11-02	8312	29	17134873	82.28
2020-11-03	7777	113	17134873	82.28
2020-11-04	7680	108	17134873	82.28
2020-11-05	6992	88	17134873	82.28
2020-11-06	7280	118	17134873	82.28
2020-11-07	6715	74	17134873	82.28
2020-11-08	5699	44	17134873	82.28
2020-11-09	4697	40	17134873	82.28
2020-11-10	4724	99	17134873	82.28
2020-11-11	5469	75	17134873	82.28
2020-11-12	5680	89	17134873	82.28
2020-11-13	6157	55	17134873	82.28
2020-11-14	5968	86	17134873	82.28
2020-11-15	5460	43	17134873	82.28
2020-11-16	4876	44	17134873	82.28
2020-11-17	4368	86	17134873	82.28
2020-11-18	4695	83	17134873	82.28
2020-11-19	5741	74	17134873	82.28
2020-11-20	6008	52	17134873	82.28
2020-11-21	6171	48	17134873	82.28
2020-11-22	5473	21	17134873	82.28
2020-11-23	5208	54	17134873	82.28
2020-11-24	4002	90	17134873	82.28
2020-11-25	5054	74	17134873	82.28
2020-11-26	4605	75	17134873	82.28
2020-11-27	5883	83	17134873	82.28
2020-11-28	4594	60	17134873	82.28
2020-11-29	5697	23	17134873	82.28
2020-11-30	4594	27	17134873	82.28
2020-12-01	4199	65	17134873	82.28
2020-12-02	5109	66	17134873	82.28
2020-12-03	5744	61	17134873	82.28
2020-12-04	6058	59	17134873	82.28
2020-12-05	6676	39	17134873	82.28
2020-12-06	6912	25	17134873	82.28
2020-12-07	7122	18	17134873	82.28
2020-12-08	6247	71	17134873	82.28
2020-12-09	6646	66	17134873	82.28
2020-12-10	8830	62	17134873	82.28
2020-12-11	8979	66	17134873	82.28
2020-12-12	9178	53	17134873	82.28
2020-12-13	9937	30	17134873	82.28
2020-12-14	8518	34	17134873	82.28
2020-12-15	6716	86	17134873	82.28
2020-12-16	11271	79	17134873	82.28
2020-12-17	12871	75	17134873	82.28
2020-12-18	12024	84	17134873	82.28
2020-12-19	12283	54	17134873	82.28
2020-12-20	13072	32	17134873	82.28
2020-12-21	11218	28	17134873	82.28
2020-12-22	9889	114	17134873	82.28
2020-12-23	10473	105	17134873	82.28
2020-12-24	11591	89	17134873	82.28
2020-12-25	11545	101	17134873	82.28
2020-12-26	9869	47	17134873	82.28
2020-12-27	9102	28	17134873	82.28
2020-12-28	7458	45	17134873	82.28
2020-12-29	7592	170	17134873	82.28
2020-12-30	9533	112	17134873	82.28
2020-12-31	9790	108	17134873	82.28
2021-01-01	8234	99	17134873	82.28
2021-01-02	8633	36	17134873	82.28
2021-01-03	7453	47	17134873	82.28
2021-01-04	6614	63	17134873	82.28
2021-01-05	6506	152	17134873	82.28
2021-01-06	7238	174	17134873	82.28
2021-01-07	9745	86	17134873	82.28
2021-01-08	8258	87	17134873	82.28
2021-01-09	7380	137	17134873	82.28
2021-01-10	6655	55	17134873	82.28
2021-01-11	5468	51	17134873	82.28
2021-01-12	4977	152	17134873	82.28
2021-01-13	6197	122	17134873	82.28
2021-01-14	6566	89	17134873	82.28
2021-01-15	6082	94	17134873	82.28
2021-01-16	5324	97	17134873	82.28
2021-01-17	5643	41	17134873	82.28
2021-01-18	4792	50	17134873	82.28
2021-01-19	4356	107	17134873	82.28
2021-01-20	5603	86	17134873	82.28
2021-01-21	5842	89	17134873	82.28
2021-01-22	5799	89	17134873	82.28
2021-01-23	5466	88	17134873	82.28
2021-01-24	4940	30	17134873	82.28
2021-01-25	4041	40	17134873	82.28
2021-01-26	3962	86	17134873	82.28
2021-01-27	4816	69	17134873	82.28
2021-01-28	4730	84	17134873	82.28
2021-01-29	4418	56	17134873	82.28
2021-01-30	4230	88	17134873	82.28
2021-01-31	3725	39	17134873	82.28
2021-02-01	3225	27	17134873	82.28
2021-02-02	3624	83	17134873	82.28
2021-02-03	4086	63	17134873	82.28
2021-02-04	4258	65	17134873	82.28
2021-02-05	4368	61	17134873	82.28
2021-02-06	4121	61	17134873	82.28
2021-02-07	3963	48	17134873	82.28
2021-02-08	2246	27	17134873	82.28
2021-02-09	1813	86	17134873	82.28
2021-02-10	3244	81	17134873	82.28
2021-02-11	4431	72	17134873	82.28
2021-02-12	4387	65	17134873	82.28
2021-02-13	4229	66	17134873	82.28
2021-02-14	3471	23	17134873	82.28
2021-02-15	2840	27	17134873	82.28
2021-02-16	2739	87	17134873	82.28
2021-02-17	3424	88	17134873	82.28
2021-02-18	4572	73	17134873	82.28
2021-02-19	4787	50	17134873	82.28
2021-02-20	4619	62	17134873	82.28
2021-02-21	4701	17	17134873	82.28
2021-02-22	4202	32	17134873	82.28
2021-02-23	3847	94	17134873	82.28
2021-02-24	4414	63	17134873	82.28
2021-02-25	5044	32	17134873	82.28
2021-02-26	5169	65	17134873	82.28
2021-02-27	4976	42	17134873	82.28
2021-02-28	4689	20	17134873	82.28
2021-03-01	3783	22	17134873	82.28
2021-03-02	4017	65	17134873	82.28
2021-03-03	5040	49	17134873	82.28
2021-03-04	4162	33	17134873	82.28
2021-03-05	4733	33	17134873	82.28
2021-03-06	5395	41	17134873	82.28
2021-03-07	4564	31	17134873	82.28
2021-03-08	3844	28	17134873	82.28
2021-03-09	4379	56	17134873	82.28
2021-03-10	5355	31	17134873	82.28
2021-03-11	5421	50	17134873	82.28
2021-03-12	6123	26	17134873	82.28
2021-03-13	6543	23	17134873	82.28
2021-03-14	6052	24	17134873	82.28
2021-03-15	5526	18	17134873	82.28
2021-03-16	5066	33	17134873	82.28
2021-03-17	6140	47	17134873	82.28
2021-03-18	6338	34	17134873	82.28
2021-03-19	7577	47	17134873	82.28
2021-03-20	7825	16	17134873	82.28
2021-03-21	7163	16	17134873	82.28
