2020-02-26	1	0	2083380	75.8
2020-02-27	0	0	2083380	75.8
2020-02-28	0	0	2083380	75.8
2020-02-29	0	0	2083380	75.8
2020-03-01	0	0	2083380	75.8
2020-03-02	0	0	2083380	75.8
2020-03-03	0	0	2083380	75.8
2020-03-04	0	0	2083380	75.8
2020-03-05	0	0	2083380	75.8
2020-03-06	2	0	2083380	75.8
2020-03-07	0	0	2083380	75.8
2020-03-08	0	0	2083380	75.8
2020-03-09	0	0	2083380	75.8
2020-03-10	4	0	2083380	75.8
2020-03-11	0	0	2083380	75.8
2020-03-12	0	0	2083380	75.8
2020-03-13	7	0	2083380	75.8
2020-03-14	0	0	2083380	75.8
2020-03-15	0	0	2083380	75.8
2020-03-16	4	0	2083380	75.8
2020-03-17	8	0	2083380	75.8
2020-03-18	9	0	2083380	75.8
2020-03-19	13	0	2083380	75.8
2020-03-20	19	0	2083380	75.8
2020-03-21	18	0	2083380	75.8
2020-03-22	30	1	2083380	75.8
2020-03-23	21	1	2083380	75.8
2020-03-24	12	0	2083380	75.8
2020-03-25	29	1	2083380	75.8
2020-03-26	24	0	2083380	75.8
2020-03-27	18	0	2083380	75.8
2020-03-28	22	1	2083380	75.8
2020-03-29	18	2	2083380	75.8
2020-03-30	26	1	2083380	75.8
2020-03-31	44	2	2083380	75.8
2020-04-01	25	2	2083380	75.8
2020-04-02	30	0	2083380	75.8
2020-04-03	46	1	2083380	75.8
2020-04-04	53	5	2083380	75.8
2020-04-05	72	1	2083380	75.8
2020-04-06	15	5	2083380	75.8
2020-04-07	29	3	2083380	75.8
2020-04-08	18	3	2083380	75.8
2020-04-09	46	1	2083380	75.8
2020-04-10	48	2	2083380	75.8
2020-04-11	49	2	2083380	75.8
2020-04-12	68	0	2083380	75.8
2020-04-13	26	4	2083380	75.8
2020-04-14	54	6	2083380	75.8
2020-04-15	66	1	2083380	75.8
2020-04-16	107	1	2083380	75.8
2020-04-17	36	3	2083380	75.8
2020-04-18	53	0	2083380	75.8
2020-04-19	37	2	2083380	75.8
2020-04-20	18	3	2083380	75.8
2020-04-21	6	1	2083380	75.8
2020-04-22	28	1	2083380	75.8
2020-04-23	41	0	2083380	75.8
2020-04-24	26	1	2083380	75.8
2020-04-25	41	2	2083380	75.8
2020-04-26	19	2	2083380	75.8
2020-04-27	13	4	2083380	75.8
2020-04-28	22	6	2083380	75.8
2020-04-29	21	2	2083380	75.8
2020-04-30	23	4	2083380	75.8
2020-05-01	29	4	2083380	75.8
2020-05-02	12	1	2083380	75.8
2020-05-03	5	2	2083380	75.8
2020-05-04	7	1	2083380	75.8
2020-05-05	8	1	2083380	75.8
2020-05-06	13	2	2083380	75.8
2020-05-07	33	1	2083380	75.8
2020-05-08	14	1	2083380	75.8
2020-05-09	36	1	2083380	75.8
2020-05-10	20	0	2083380	75.8
2020-05-11	22	0	2083380	75.8
2020-05-12	10	1	2083380	75.8
2020-05-13	20	3	2083380	75.8
2020-05-14	29	0	2083380	75.8
2020-05-15	17	2	2083380	75.8
2020-05-16	22	1	2083380	75.8
2020-05-17	30	3	2083380	75.8
2020-05-18	25	3	2083380	75.8
2020-05-19	22	2	2083380	75.8
2020-05-20	19	4	2083380	75.8
2020-05-21	40	1	2083380	75.8
2020-05-22	23	1	2083380	75.8
2020-05-23	20	1	2083380	75.8
2020-05-24	37	0	2083380	75.8
2020-05-25	21	0	2083380	75.8
2020-05-26	15	3	2083380	75.8
2020-05-27	25	3	2083380	75.8
2020-05-28	38	2	2083380	75.8
2020-05-29	52	5	2083380	75.8
2020-05-30	35	5	2083380	75.8
2020-05-31	62	2	2083380	75.8
2020-06-01	89	7	2083380	75.8
2020-06-02	76	1	2083380	75.8
2020-06-03	101	4	2083380	75.8
2020-06-04	119	2	2083380	75.8
2020-06-05	179	2	2083380	75.8
2020-06-06	125	2	2083380	75.8
2020-06-07	110	2	2083380	75.8
2020-06-08	127	3	2083380	75.8
2020-06-09	87	1	2083380	75.8
2020-06-10	125	7	2083380	75.8
2020-06-11	174	5	2083380	75.8
2020-06-12	163	2	2083380	75.8
2020-06-13	194	8	2083380	75.8
2020-06-14	162	9	2083380	75.8
2020-06-15	100	5	2083380	75.8
2020-06-16	142	8	2083380	75.8
2020-06-17	183	9	2083380	75.8
2020-06-18	182	6	2083380	75.8
2020-06-19	156	6	2083380	75.8
2020-06-20	185	11	2083380	75.8
2020-06-21	101	5	2083380	75.8
2020-06-22	90	9	2083380	75.8
2020-06-23	115	4	2083380	75.8
2020-06-24	134	8	2083380	75.8
2020-06-25	150	6	2083380	75.8
2020-06-26	163	3	2083380	75.8
2020-06-27	148	9	2083380	75.8
2020-06-28	174	9	2083380	75.8
2020-06-29	129	12	2083380	75.8
2020-06-30	125	4	2083380	75.8
2020-07-01	120	4	2083380	75.8
2020-07-02	171	15	2083380	75.8
2020-07-03	162	7	2083380	75.8
2020-07-04	145	6	2083380	75.8
2020-07-05	114	7	2083380	75.8
2020-07-06	78	5	2083380	75.8
2020-07-07	120	5	2083380	75.8
2020-07-08	162	8	2083380	75.8
2020-07-09	166	3	2083380	75.8
2020-07-10	205	6	2083380	75.8
2020-07-11	198	8	2083380	75.8
2020-07-12	136	6	2083380	75.8
2020-07-13	86	3	2083380	75.8
2020-07-14	135	4	2083380	75.8
2020-07-15	198	4	2083380	75.8
2020-07-16	93	8	2083380	75.8
2020-07-17	163	5	2083380	75.8
2020-07-18	240	8	2083380	75.8
2020-07-19	127	8	2083380	75.8
2020-07-20	96	10	2083380	75.8
2020-07-21	163	0	2083380	75.8
2020-07-22	135	10	2083380	75.8
2020-07-23	122	3	2083380	75.8
2020-07-24	128	6	2083380	75.8
2020-07-25	137	9	2083380	75.8
2020-07-26	152	0	2083380	75.8
2020-07-27	127	6	2083380	75.8
2020-07-28	102	5	2083380	75.8
2020-07-29	188	5	2083380	75.8
2020-07-30	114	4	2083380	75.8
2020-07-31	137	6	2083380	75.8
2020-08-01	137	7	2083380	75.8
2020-08-02	163	4	2083380	75.8
2020-08-03	74	3	2083380	75.8
2020-08-04	74	5	2083380	75.8
2020-08-05	87	6	2083380	75.8
2020-08-06	110	6	2083380	75.8
2020-08-07	155	2	2083380	75.8
2020-08-08	200	4	2083380	75.8
2020-08-09	85	4	2083380	75.8
2020-08-10	103	1	2083380	75.8
2020-08-11	141	1	2083380	75.8
2020-08-12	134	1	2083380	75.8
2020-08-13	140	2	2083380	75.8
2020-08-14	158	3	2083380	75.8
2020-08-15	138	4	2083380	75.8
2020-08-16	86	5	2083380	75.8
2020-08-17	101	3	2083380	75.8
2020-08-18	130	2	2083380	75.8
2020-08-19	106	2	2083380	75.8
2020-08-20	118	3	2083380	75.8
2020-08-21	114	3	2083380	75.8
2020-08-22	150	6	2083380	75.8
2020-08-23	137	1	2083380	75.8
2020-08-24	78	4	2083380	75.8
2020-08-25	126	5	2083380	75.8
2020-08-26	115	5	2083380	75.8
2020-08-27	90	7	2083380	75.8
2020-08-28	159	5	2083380	75.8
2020-08-29	130	6	2083380	75.8
2020-08-30	37	4	2083380	75.8
2020-08-31	11	3	2083380	75.8
2020-09-01	114	1	2083380	75.8
2020-09-02	145	2	2083380	75.8
2020-09-03	162	0	2083380	75.8
2020-09-04	109	3	2083380	75.8
2020-09-05	127	5	2083380	75.8
2020-09-06	92	3	2083380	75.8
2020-09-07	37	6	2083380	75.8
2020-09-08	99	8	2083380	75.8
2020-09-09	67	3	2083380	75.8
2020-09-10	121	3	2083380	75.8
2020-09-11	141	5	2083380	75.8
2020-09-12	139	4	2083380	75.8
2020-09-13	97	2	2083380	75.8
2020-09-14	36	4	2083380	75.8
2020-09-15	98	9	2083380	75.8
2020-09-16	163	7	2083380	75.8
2020-09-17	186	7	2083380	75.8
2020-09-18	143	8	2083380	75.8
2020-09-19	140	6	2083380	75.8
2020-09-20	178	4	2083380	75.8
2020-09-21	45	7	2083380	75.8
2020-09-22	87	5	2083380	75.8
2020-09-23	182	5	2083380	75.8
2020-09-24	151	2	2083380	75.8
2020-09-25	143	9	2083380	75.8
2020-09-26	140	1	2083380	75.8
2020-09-27	146	3	2083380	75.8
2020-09-28	45	4	2083380	75.8
2020-09-29	112	8	2083380	75.8
2020-09-30	191	2	2083380	75.8
2020-10-01	161	4	2083380	75.8
2020-10-02	225	6	2083380	75.8
2020-10-03	239	4	2083380	75.8
2020-10-04	188	3	2083380	75.8
2020-10-05	83	4	2083380	75.8
2020-10-06	223	8	2083380	75.8
2020-10-07	317	4	2083380	75.8
2020-10-08	364	3	2083380	75.8
2020-10-09	386	6	2083380	75.8
2020-10-10	392	4	2083380	75.8
2020-10-11	382	7	2083380	75.8
2020-10-12	176	5	2083380	75.8
2020-10-13	80	3	2083380	75.8
2020-10-14	443	9	2083380	75.8
2020-10-15	534	6	2083380	75.8
2020-10-16	437	6	2083380	75.8
2020-10-17	594	3	2083380	75.8
2020-10-18	427	10	2083380	75.8
2020-10-19	160	12	2083380	75.8
2020-10-20	408	4	2083380	75.8
2020-10-21	640	12	2083380	75.8
2020-10-22	637	12	2083380	75.8
2020-10-23	518	9	2083380	75.8
2020-10-24	403	14	2083380	75.8
2020-10-25	560	22	2083380	75.8
2020-10-26	245	15	2083380	75.8
2020-10-27	628	15	2083380	75.8
2020-10-28	870	14	2083380	75.8
2020-10-29	861	14	2083380	75.8
2020-10-30	930	5	2083380	75.8
2020-10-31	1084	12	2083380	75.8
2020-11-01	864	10	2083380	75.8
2020-11-02	561	21	2083380	75.8
2020-11-03	911	24	2083380	75.8
2020-11-04	1189	22	2083380	75.8
2020-11-05	1275	13	2083380	75.8
2020-11-06	1127	12	2083380	75.8
2020-11-07	1283	14	2083380	75.8
2020-11-08	978	26	2083380	75.8
2020-11-09	515	20	2083380	75.8
2020-11-10	947	30	2083380	75.8
2020-11-11	1318	26	2083380	75.8
2020-11-12	1295	26	2083380	75.8
2020-11-13	1063	25	2083380	75.8
2020-11-14	1164	18	2083380	75.8
2020-11-15	988	24	2083380	75.8
2020-11-16	586	40	2083380	75.8
2020-11-17	977	31	2083380	75.8
2020-11-18	1402	21	2083380	75.8
2020-11-19	1198	26	2083380	75.8
2020-11-20	1236	39	2083380	75.8
2020-11-21	1182	25	2083380	75.8
2020-11-22	1112	24	2083380	75.8
2020-11-23	384	35	2083380	75.8
2020-11-24	1037	15	2083380	75.8
2020-11-25	1287	39	2083380	75.8
2020-11-26	1157	30	2083380	75.8
2020-11-27	1093	28	2083380	75.8
2020-11-28	1022	41	2083380	75.8
2020-11-29	820	32	2083380	75.8
2020-11-30	335	32	2083380	75.8
2020-12-01	1067	29	2083380	75.8
2020-12-02	945	33	2083380	75.8
2020-12-03	1341	22	2083380	75.8
2020-12-04	1099	30	2083380	75.8
2020-12-05	981	24	2083380	75.8
2020-12-06	657	23	2083380	75.8
2020-12-07	364	25	2083380	75.8
2020-12-08	1120	28	2083380	75.8
2020-12-09	502	46	2083380	75.8
2020-12-10	929	28	2083380	75.8
2020-12-11	1161	26	2083380	75.8
2020-12-12	981	19	2083380	75.8
2020-12-13	613	25	2083380	75.8
2020-12-14	213	26	2083380	75.8
2020-12-15	881	22	2083380	75.8
2020-12-16	865	25	2083380	75.8
2020-12-17	654	31	2083380	75.8
2020-12-18	883	29	2083380	75.8
2020-12-19	815	20	2083380	75.8
2020-12-20	356	18	2083380	75.8
2020-12-21	129	22	2083380	75.8
2020-12-22	756	26	2083380	75.8
2020-12-23	625	14	2083380	75.8
2020-12-24	592	21	2083380	75.8
2020-12-25	489	26	2083380	75.8
2020-12-26	529	26	2083380	75.8
2020-12-27	296	18	2083380	75.8
2020-12-28	83	11	2083380	75.8
2020-12-29	497	17	2083380	75.8
2020-12-30	493	15	2083380	75.8
2020-12-31	535	15	2083380	75.8
2021-01-01	414	7	2083380	75.8
2021-01-02	46	12	2083380	75.8
2021-01-03	235	8	2083380	75.8
2021-01-04	105	20	2083380	75.8
2021-01-05	580	9	2083380	75.8
2021-01-06	619	12	2083380	75.8
2021-01-07	166	10	2083380	75.8
2021-01-08	100	11	2083380	75.8
2021-01-09	556	22	2083380	75.8
2021-01-10	344	8	2083380	75.8
2021-01-11	103	13	2083380	75.8
2021-01-12	520	12	2083380	75.8
2021-01-13	473	10	2083380	75.8
2021-01-14	396	15	2083380	75.8
2021-01-15	403	10	2083380	75.8
2021-01-16	360	14	2083380	75.8
2021-01-17	189	6	2083380	75.8
2021-01-18	54	13	2083380	75.8
2021-01-19	400	11	2083380	75.8
2021-01-20	71	13	2083380	75.8
2021-01-21	354	15	2083380	75.8
2021-01-22	307	14	2083380	75.8
2021-01-23	347	11	2083380	75.8
2021-01-24	183	6	2083380	75.8
2021-01-25	63	6	2083380	75.8
2021-01-26	444	21	2083380	75.8
2021-01-27	394	9	2083380	75.8
2021-01-28	336	10	2083380	75.8
2021-01-29	302	10	2083380	75.8
2021-01-30	325	7	2083380	75.8
2021-01-31	175	7	2083380	75.8
2021-02-01	60	11	2083380	75.8
2021-02-02	407	7	2083380	75.8
2021-02-03	350	20	2083380	75.8
2021-02-04	372	7	2083380	75.8
2021-02-05	314	8	2083380	75.8
2021-02-06	403	8	2083380	75.8
2021-02-07	199	8	2083380	75.8
2021-02-08	73	22	2083380	75.8
2021-02-09	476	9	2083380	75.8
2021-02-10	389	4	2083380	75.8
2021-02-11	416	7	2083380	75.8
2021-02-12	366	5	2083380	75.8
2021-02-13	354	5	2083380	75.8
2021-02-14	180	13	2083380	75.8
2021-02-15	49	9	2083380	75.8
2021-02-16	355	5	2083380	75.8
2021-02-17	347	7	2083380	75.8
2021-02-18	371	8	2083380	75.8
2021-02-19	410	19	2083380	75.8
2021-02-20	447	10	2083380	75.8
2021-02-21	254	16	2083380	75.8
2021-02-22	123	13	2083380	75.8
2021-02-23	509	9	2083380	75.8
2021-02-24	715	13	2083380	75.8
2021-02-25	582	13	2083380	75.8
2021-02-26	548	8	2083380	75.8
2021-02-27	720	7	2083380	75.8
2021-02-28	305	11	2083380	75.8
2021-03-01	233	7	2083380	75.8
2021-03-02	726	7	2083380	75.8
2021-03-03	802	5	2083380	75.8
2021-03-04	721	9	2083380	75.8
2021-03-05	841	11	2083380	75.8
2021-03-06	722	9	2083380	75.8
2021-03-07	331	10	2083380	75.8
2021-03-08	316	11	2083380	75.8
2021-03-09	871	22	2083380	75.8
2021-03-10	912	16	2083380	75.8
2021-03-11	947	21	2083380	75.8
2021-03-12	868	15	2083380	75.8
2021-03-13	1030	20	2083380	75.8
2021-03-14	539	19	2083380	75.8
2021-03-15	284	21	2083380	75.8
2021-03-16	999	24	2083380	75.8
2021-03-17	1293	24	2083380	75.8
2021-03-18	1216	15	2083380	75.8
2021-03-19	999	21	2083380	75.8
2021-03-20	1299	24	2083380	75.8
2021-03-21	642	25	2083380	75.8
