2020-02-23	0	0	5421242		82.4
2020-02-24	0	0	5421242		82.4
2020-02-25	0	0	5421242		82.4
2020-02-26	1	0	5421242		82.4
2020-02-27	0	0	5421242		82.4
2020-02-28	5	0	5421242		82.4
2020-02-29	9	0	5421242		82.4
2020-03-01	4	0	5421242		82.4
2020-03-02	6	0	5421242		82.4
2020-03-03	7	0	5421242		82.4
2020-03-04	24	0	5421242		82.4
2020-03-05	31	0	5421242		82.4
2020-03-06	21	0	5421242		82.4
2020-03-07	39	0	5421242		82.4
2020-03-08	29	0	5421242		82.4
2020-03-09	29	0	5421242		82.4
2020-03-10	195	0	5421242		82.4
2020-03-11	198	0	5421242		82.4
2020-03-12	104	0	5421242		82.4
2020-03-13	294	0	5421242		82.4
2020-03-14	94	3	5421242		82.4
2020-03-15	131	0	5421242		82.4
2020-03-16	112	0	5421242		82.4
2020-03-17	130	0	5421242		82.4
2020-03-18	87	3	5421242		82.4
2020-03-19	196	1	5421242		82.4
2020-03-20	168	0	5421242		82.4
2020-03-21	204	0	5421242		82.4
2020-03-22	267	0	5421242		82.4
2020-03-23	236	3	5421242		82.4
2020-03-24	242	2	5421242		82.4
2020-03-25	221	2	5421242		82.4
2020-03-26	285	0	5421242		82.4
2020-03-27	386	5	5421242		82.4
2020-03-28	260	4	5421242		82.4
2020-03-29	269	2	5421242		82.4
2020-03-30	161	7	5421242		82.4
2020-03-31	196	7	5421242		82.4
2020-04-01	222	5	5421242		82.4
2020-04-02	284	6	5421242		82.4
2020-04-03	223	9	5421242		82.4
2020-04-04	180	3	5421242		82.4
2020-04-05	137	9	5421242		82.4
2020-04-06	178	5	5421242		82.4
2020-04-07	221	13	5421242		82.4
2020-04-08	0	12	5421242		82.4
2020-04-09	125	7	5421242		82.4
2020-04-10	103	5	5421242		82.4
2020-04-11	95	6	5421242		82.4
2020-04-12	116	9	5421242		82.4
2020-04-13	78	6	5421242		82.4
2020-04-14	20	5	5421242		82.4
2020-04-15	117	11	5421242		82.4
2020-04-16	156	2	5421242		82.4
2020-04-17	41	9	5421242		82.4
2020-04-18	99	3	5421242		82.4
2020-04-19	42	1	5421242		82.4
2020-04-20	78	16	5421242		82.4
2020-04-21	35	1	5421242		82.4
2020-04-22	147	5	5421242		82.4
2020-04-23	63	7	5421242		82.4
2020-04-24	62	5	5421242		82.4
2020-04-25	36	2	5421242		82.4
2020-04-26	28	0	5421242		82.4
2020-04-27	72	4	5421242		82.4
2020-04-28	61	1	5421242		82.4
2020-04-29	50	1	5421242		82.4
2020-04-30	28	3	5421242		82.4
2020-05-01	45	0	5421242		82.4
2020-05-02	26	1	5421242		82.4
2020-05-03	38	0	5421242		82.4
2020-05-04	57	3	5421242		82.4
2020-05-05	51	1	5421242		82.4
2020-05-06	41	1	5421242		82.4
2020-05-07	38	1	5421242		82.4
2020-05-08	36	1	5421242		82.4
2020-05-09	29	1	5421242		82.4
2020-05-10	6	0	5421242		82.4
2020-05-11	27	5	5421242		82.4
2020-05-12	25	4	5421242		82.4
2020-05-13	18	1	5421242		82.4
2020-05-14	21	3	5421242		82.4
2020-05-15	23	0	5421242		82.4
2020-05-16	18	0	5421242		82.4
2020-05-17	12	0	5421242		82.4
2020-05-18	8	1	5421242		82.4
2020-05-19	10	0	5421242		82.4
2020-05-20	14	1	5421242		82.4
2020-05-21	28	1	5421242		82.4
2020-05-22	23	0	5421242		82.4
2020-05-23	14	0	5421242		82.4
2020-05-24	6	0	5421242		82.4
2020-05-25	12	0	5421242		82.4
2020-05-26	19	0	5421242		82.4
2020-05-27	18	0	5421242		82.4
2020-05-28	10	1	5421242		82.4
2020-05-29	11	0	5421242		82.4
2020-05-30	15	0	5421242		82.4
2020-05-31	3	0	5421242		82.4
2020-06-01	6	0	5421242		82.4
2020-06-02	9	1	5421242		82.4
2020-06-03	22	0	5421242		82.4
2020-06-04	27	1	5421242		82.4
2020-06-05	18	0	5421242		82.4
2020-06-06	9	0	5421242		82.4
2020-06-07	16	0	5421242		82.4
2020-06-08	14	1	5421242		82.4
2020-06-09	15	0	5421242		82.4
2020-06-10	18	0	5421242		82.4
2020-06-11	14	3	5421242		82.4
2020-06-12	12	0	5421242		82.4
2020-06-13	8	0	5421242		82.4
2020-06-14	3	0	5421242		82.4
2020-06-15	16	0	5421242		82.4
2020-06-16	13	0	5421242		82.4
2020-06-17	32	1	5421242		82.4
2020-06-18	16	1	5421242		82.4
2020-06-19	18	0	5421242		82.4
2020-06-20	16	0	5421242		82.4
2020-06-21	3	0	5421242		82.4
2020-06-22	6	4	5421242		82.4
2020-06-23	21	0	5421242		82.4
2020-06-24	16	1	5421242		82.4
2020-06-25	0	0	5421242		82.4
2020-06-26	44	0	5421242		82.4
2020-06-27	14	0	5421242		82.4
2020-06-28	9	0	5421242		82.4
2020-06-29	7	0	5421242		82.4
2020-06-30	17	1	5421242		82.4
2020-07-01	17	1	5421242		82.4
2020-07-02	6	0	5421242		82.4
2020-07-03	19	0	5421242		82.4
2020-07-04	5	0	5421242		82.4
2020-07-05	4	0	5421242		82.4
2020-07-06	6	0	5421242		82.4
2020-07-07	11	0	5421242		82.4
2020-07-08	3	0	5421242		82.4
2020-07-09	15	1	5421242		82.4
2020-07-10	9	0	5421242		82.4
2020-07-11	3	0	5421242		82.4
2020-07-12	4	0	5421242		82.4
2020-07-13	3	1	5421242		82.4
2020-07-14	17	0	5421242		82.4
2020-07-15	10	0	5421242		82.4
2020-07-16	4	1	5421242		82.4
2020-07-17	10	1	5421242		82.4
2020-07-18	3	0	5421242		82.4
2020-07-19	0	0	5421242		82.4
2020-07-20	6	0	5421242		82.4
2020-07-21	19	0	5421242		82.4
2020-07-22	6	0	5421242		82.4
2020-07-23	26	0	5421242		82.4
2020-07-24	7	0	5421242		82.4
2020-07-25	19	0	5421242		82.4
2020-07-26	6	0	5421242		82.4
2020-07-27	15	0	5421242		82.4
2020-07-28	18	0	5421242		82.4
2020-07-29	22	0	5421242		82.4
2020-07-30	36	0	5421242		82.4
2020-07-31	32	0	5421242		82.4
2020-08-01	13	0	5421242		82.4
2020-08-02	15	0	5421242		82.4
2020-08-03	66	1	5421242		82.4
2020-08-04	28	0	5421242		82.4
2020-08-05	47	0	5421242		82.4
2020-08-06	59	0	5421242		82.4
2020-08-07	83	0	5421242		82.4
2020-08-08	48	0	5421242		82.4
2020-08-09	39	0	5421242		82.4
2020-08-10	46	0	5421242		82.4
2020-08-11	67	0	5421242		82.4
2020-08-12	32	0	5421242		82.4
2020-08-13	68	1	5421242		82.4
2020-08-14	57	4	5421242		82.4
2020-08-15	57	0	5421242		82.4
2020-08-16	40	0	5421242		82.4
2020-08-17	55	0	5421242		82.4
2020-08-18	51	1	5421242		82.4
2020-08-19	51	0	5421242		82.4
2020-08-20	35	2	5421242		82.4
2020-08-21	78	0	5421242		82.4
2020-08-22	24	0	5421242		82.4
2020-08-23	24	0	5421242		82.4
2020-08-24	72	0	5421242		82.4
2020-08-25	59	0	5421242		82.4
2020-08-26	50	0	5421242		82.4
2020-08-27	38	0	5421242		82.4
2020-08-28	40	0	5421242		82.4
2020-08-29	29	0	5421242		82.4
2020-08-30	32	0	5421242		82.4
2020-08-31	139	0	5421242		82.4
2020-09-01	89	0	5421242		82.4
2020-09-02	163	0	5421242		82.4
2020-09-03	86	0	5421242		82.4
2020-09-04	111	0	5421242		82.4
2020-09-05	65	0	5421242		82.4
2020-09-06	92	0	5421242		82.4
2020-09-07	133	0	5421242		82.4
2020-09-08	102	0	5421242		82.4
2020-09-09	123	0	5421242		82.4
2020-09-10	121	1	5421242		82.4
2020-09-11	136	0	5421242		82.4
2020-09-12	76	0	5421242		82.4
2020-09-13	75	0	5421242		82.4
2020-09-14	122	0	5421242		82.4
2020-09-15	117	0	5421242		82.4
2020-09-16	105	0	5421242		82.4
2020-09-17	146	1	5421242		82.4
2020-09-18	125	1	5421242		82.4
2020-09-19	89	0	5421242		82.4
2020-09-20	39	0	5421242		82.4
2020-09-21	108	0	5421242		82.4
2020-09-22	148	0	5421242		82.4
2020-09-23	124	0	5421242		82.4
2020-09-24	129	3	5421242		82.4
2020-09-25	139	0	5421242		82.4
2020-09-26	82	0	5421242		82.4
2020-09-27	71	0	5421242		82.4
2020-09-28	90	4	5421242		82.4
2020-09-29	127	0	5421242		82.4
2020-09-30	112	0	5421242		82.4
2020-10-01	122	0	5421242		82.4
2020-10-02	135	1	5421242		82.4
2020-10-03	78	0	5421242		82.4
2020-10-04	95	0	5421242		82.4
2020-10-05	148	0	5421242		82.4
2020-10-06	179	0	5421242		82.4
2020-10-07	229	0	5421242		82.4
2020-10-08	208	0	5421242		82.4
2020-10-09	167	0	5421242		82.4
2020-10-10	78	0	5421242		82.4
2020-10-11	58	0	5421242		82.4
2020-10-12	115	1	5421242		82.4
2020-10-13	154	1	5421242		82.4
2020-10-14	160	0	5421242		82.4
2020-10-15	184	1	5421242		82.4
2020-10-16	135	0	5421242		82.4
2020-10-17	97	0	5421242		82.4
2020-10-18	88	0	5421242		82.4
2020-10-19	146	0	5421242		82.4
2020-10-20	169	0	5421242		82.4
2020-10-21	192	1	5421242		82.4
2020-10-22	270	0	5421242		82.4
2020-10-23	298	0	5421242		82.4
2020-10-24	217	0	5421242		82.4
2020-10-25	160	0	5421242		82.4
2020-10-26	433	0	5421242		82.4
2020-10-27	324	1	5421242		82.4
2020-10-28	403	0	5421242		82.4
2020-10-29	495	1	5421242		82.4
2020-10-30	498	1	5421242		82.4
2020-10-31	269	0	5421242		82.4
2020-11-01	304	0	5421242		82.4
2020-11-02	704	0	5421242		82.4
2020-11-03	617	0	5421242		82.4
2020-11-04	622	0	5421242		82.4
2020-11-05	651	2	5421242		82.4
2020-11-06	606	1	5421242		82.4
2020-11-07	408	0	5421242		82.4
2020-11-08	489	0	5421242		82.4
2020-11-09	593	0	5421242		82.4
2020-11-10	562	0	5421242		82.4
2020-11-11	624	0	5421242		82.4
2020-11-12	717	6	5421242		82.4
2020-11-13	688	3	5421242		82.4
2020-11-14	518	0	5421242		82.4
2020-11-15	0	0	5421242		82.4
2020-11-16	0	0	5421242		82.4
2020-11-17	1680	4	5421242		82.4
2020-11-18	656	2	5421242		82.4
2020-11-19	671	5	5421242		82.4
2020-11-20	573	1	5421242		82.4
2020-11-21	338	0	5421242		82.4
2020-11-22	413	0	5421242		82.4
2020-11-23	418	5	5421242		82.4
2020-11-24	534	3	5421242		82.4
2020-11-25	551	2	5421242		82.4
2020-11-26	480	0	5421242		82.4
2020-11-27	445	12	5421242		82.4
2020-11-28	353	0	5421242		82.4
2020-11-29	282	0	5421242		82.4
2020-11-30	322	4	5421242		82.4
2020-12-01	441	2	5421242		82.4
2020-12-02	378	17	5421242		82.4
2020-12-03	402	2	5421242		82.4
2020-12-04	430	1	5421242		82.4
2020-12-05	272	0	5421242		82.4
2020-12-06	250	0	5421242		82.4
2020-12-07	380	5	5421242		82.4
2020-12-08	460	2	5421242		82.4
2020-12-09	362	0	5421242		82.4
2020-12-10	498	21	5421242		82.4
2020-12-11	416	5	5421242		82.4
2020-12-12	364	0	5421242		82.4
2020-12-13	200	0	5421242		82.4
2020-12-14	331	6	5421242		82.4
2020-12-15	518	2	5421242		82.4
2020-12-16	460	7	5421242		82.4
2020-12-17	464	2	5421242		82.4
2020-12-18	431	0	5421242		82.4
2020-12-19	375	0	5421242		82.4
2020-12-20	323	0	5421242		82.4
2020-12-21	431	1	5421242		82.4
2020-12-22	596	0	5421242		82.4
2020-12-23	523	16	5421242		82.4
2020-12-24	476	0	5421242		82.4
2020-12-25	317	0	5421242		82.4
2020-12-26	430	0	5421242		82.4
2020-12-27	381	0	5421242		82.4
2020-12-28	526	8	5421242		82.4
2020-12-29	693	4	5421242		82.4
2020-12-30	732	3	5421242		82.4
2020-12-31	557	0	5421242		82.4
2021-01-01	236	0	5421242		82.4
2021-01-02	463	0	5421242		82.4
2021-01-03	450	0	5421242		82.4
2021-01-04	529	13	5421242		82.4
2021-01-05	935	3	5421242		82.4
2021-01-06	787	13	5421242		82.4
2021-01-07	825	2	5421242		82.4
2021-01-08	684	5	5421242		82.4
2021-01-09	443	0	5421242		82.4
2021-01-10	555	0	5421242		82.4
2021-01-11	429	6	5421242		82.4
2021-01-12	712	4	5421242		82.4
2021-01-13	667	27	5421242		82.4
2021-01-14	454	2	5421242		82.4
2021-01-15	466	6	5421242		82.4
2021-01-16	243	0	5421242		82.4
2021-01-17	206	0	5421242		82.4
2021-01-18	383	4	5421242		82.4
2021-01-19	422	4	5421242		82.4
2021-01-20	431	18	5421242		82.4
2021-01-21	372	1	5421242		82.4
2021-01-22	306	0	5421242		82.4
2021-01-23	238	0	5421242		82.4
2021-01-24	279	0	5421242		82.4
2021-01-25	233	4	5421242		82.4
2021-01-26	279	2	5421242		82.4
2021-01-27	367	6	5421242		82.4
2021-01-28	315	1	5421242		82.4
2021-01-29	299	7	5421242		82.4
2021-01-30	218	0	5421242		82.4
2021-01-31	173	0	5421242		82.4
2021-02-01	296	3	5421242		82.4
2021-02-02	291	1	5421242		82.4
2021-02-03	286	6	5421242		82.4
2021-02-04	373	8	5421242		82.4
2021-02-05	271	0	5421242		82.4
2021-02-06	170	0	5421242		82.4
2021-02-07	119	0	5421242		82.4
2021-02-08	346	0	5421242		82.4
2021-02-09	220	1	5421242		82.4
2021-02-10	209	9	5421242		82.4
2021-02-11	264	0	5421242		82.4
2021-02-12	425	0	5421242		82.4
2021-02-13	156	0	5421242		82.4
2021-02-14	109	0	5421242		82.4
2021-02-15	353	1	5421242		82.4
2021-02-16	286	0	5421242		82.4
2021-02-17	358	14	5421242		82.4
2021-02-18	326	0	5421242		82.4
2021-02-19	283	0	5421242		82.4
2021-02-20	208	0	5421242		82.4
2021-02-21	217	0	5421242		82.4
2021-02-22	226	1	5421242		82.4
2021-02-23	390	0	5421242		82.4
2021-02-24	341	12	5421242		82.4
2021-02-25	551	0	5421242		82.4
2021-02-26	524	2	5421242		82.4
2021-02-27	262	0	5421242		82.4
2021-02-28	180	0	5421242		82.4
2021-03-01	729	1	5421242		82.4
2021-03-02	499	0	5421242		82.4
2021-03-03	689	9	5421242		82.4
2021-03-04	570	0	5421242		82.4
2021-03-05	690	0	5421242		82.4
2021-03-06	363	0	5421242		82.4
2021-03-07	396	0	5421242		82.4
2021-03-08	828	0	5421242		82.4
2021-03-09	714	0	5421242		82.4
2021-03-10	685	0	5421242		82.4
2021-03-11	872	7	5421242		82.4
2021-03-12	905	0	5421242		82.4
2021-03-13	854	0	5421242		82.4
2021-03-14	640	0	5421242		82.4
2021-03-15	865	1	5421242		82.4
2021-03-16	1150	1	5421242		82.4
2021-03-17	1064	7	5421242		82.4
2021-03-18	1034	0	5421242		82.4
2021-03-19	989	0	5421242		82.4
2021-03-20	820	0	5421242		82.4
2021-03-21	577	0	5421242		82.4
