2020-02-24	2	0	5106622	77.86
2020-02-25	0	0	5106622	77.86
2020-02-26	2	0	5106622	77.86
2020-02-27	0	0	5106622	77.86
2020-02-28	0	0	5106622	77.86
2020-02-29	2	0	5106622	77.86
2020-03-01	0	0	5106622	77.86
2020-03-02	0	0	5106622	77.86
2020-03-03	6	0	5106622	77.86
2020-03-04	3	0	5106622	77.86
2020-03-05	1	0	5106622	77.86
2020-03-06	0	0	5106622	77.86
2020-03-07	0	0	5106622	77.86
2020-03-08	0	0	5106622	77.86
2020-03-09	0	0	5106622	77.86
2020-03-10	2	0	5106622	77.86
2020-03-11	0	0	5106622	77.86
2020-03-12	0	0	5106622	77.86
2020-03-13	1	0	5106622	77.86
2020-03-14	0	0	5106622	77.86
2020-03-15	3	0	5106622	77.86
2020-03-16	0	0	5106622	77.86
2020-03-17	2	0	5106622	77.86
2020-03-18	15	0	5106622	77.86
2020-03-19	9	0	5106622	77.86
2020-03-20	0	0	5106622	77.86
2020-03-21	4	0	5106622	77.86
2020-03-22	3	0	5106622	77.86
2020-03-23	11	0	5106622	77.86
2020-03-24	18	0	5106622	77.86
2020-03-25	15	0	5106622	77.86
2020-03-26	10	0	5106622	77.86
2020-03-27	22	0	5106622	77.86
2020-03-28	21	0	5106622	77.86
2020-03-29	15	0	5106622	77.86
2020-03-30	12	0	5106622	77.86
2020-03-31	13	1	5106622	77.86
2020-04-01	18	0	5106622	77.86
2020-04-02	21	0	5106622	77.86
2020-04-03	21	0	5106622	77.86
2020-04-04	25	1	5106622	77.86
2020-04-05	21	0	5106622	77.86
2020-04-06	33	0	5106622	77.86
2020-04-07	40	0	5106622	77.86
2020-04-08	48	0	5106622	77.86
2020-04-09	38	1	5106622	77.86
2020-04-10	27	0	5106622	77.86
2020-04-11	62	0	5106622	77.86
2020-04-12	53	1	5106622	77.86
2020-04-13	128	0	5106622	77.86
2020-04-14	86	0	5106622	77.86
2020-04-15	97	0	5106622	77.86
2020-04-16	109	0	5106622	77.86
2020-04-17	50	2	5106622	77.86
2020-04-18	111	0	5106622	77.86
2020-04-19	86	1	5106622	77.86
2020-04-20	144	0	5106622	77.86
2020-04-21	98	1	5106622	77.86
2020-04-22	106	0	5106622	77.86
2020-04-23	102	1	5106622	77.86
2020-04-24	74	1	5106622	77.86
2020-04-25	115	0	5106622	77.86
2020-04-26	93	0	5106622	77.86
2020-04-27	51	0	5106622	77.86
2020-04-28	82	0	5106622	77.86
2020-04-29	143	0	5106622	77.86
2020-04-30	74	1	5106622	77.86
2020-05-01	99	0	5106622	77.86
2020-05-02	36	1	5106622	77.86
2020-05-03	85	0	5106622	77.86
2020-05-04	69	0	5106622	77.86
2020-05-05	98	1	5106622	77.86
2020-05-06	168	0	5106622	77.86
2020-05-07	55	2	5106622	77.86
2020-05-08	154	1	5106622	77.86
2020-05-09	112	1	5106622	77.86
2020-05-10	175	0	5106622	77.86
2020-05-11	174	0	5106622	77.86
2020-05-12	148	0	5106622	77.86
2020-05-13	298	0	5106622	77.86
2020-05-14	322	1	5106622	77.86
2020-05-15	284	2	5106622	77.86
2020-05-16	404	1	5106622	77.86
2020-05-17	157	1	5106622	77.86
2020-05-18	193	3	5106622	77.86
2020-05-19	292	2	5106622	77.86
2020-05-20	372	3	5106622	77.86
2020-05-21	327	1	5106622	77.86
2020-05-22	424	3	5106622	77.86
2020-05-23	463	2	5106622	77.86
2020-05-24	513	1	5106622	77.86
2020-05-25	0	0	5106622	77.86
2020-05-26	348	0	5106622	77.86
2020-05-27	255	2	5106622	77.86
2020-05-28	636	1	5106622	77.86
2020-05-29	811	0	5106622	77.86
2020-05-30	603	2	5106622	77.86
2020-05-31	1014	7	5106622	77.86
2020-06-01	786	1	5106622	77.86
2020-06-02	576	9	5106622	77.86
2020-06-03	738	8	5106622	77.86
2020-06-04	779	0	5106622	77.86
2020-06-05	770	5	5106622	77.86
2020-06-06	930	0	5106622	77.86
2020-06-07	866	3	5106622	77.86
2020-06-08	604	6	5106622	77.86
2020-06-09	712	2	5106622	77.86
2020-06-10	689	1	5106622	77.86
2020-06-11	1067	5	5106622	77.86
2020-06-12	1117	7	5106622	77.86
2020-06-13	1006	3	5106622	77.86
2020-06-14	1404	5	5106622	77.86
2020-06-15	1043	4	5106622	77.86
2020-06-16	745	6	5106622	77.86
2020-06-17	810	2	5106622	77.86
2020-06-18	739	3	5106622	77.86
2020-06-19	852	6	5106622	77.86
2020-06-20	896	3	5106622	77.86
2020-06-21	905	3	5106622	77.86
2020-06-22	1605	6	5106622	77.86
2020-06-23	1318	3	5106622	77.86
2020-06-24	1142	2	5106622	77.86
2020-06-25	1366	2	5106622	77.86
2020-06-26	1132	9	5106622	77.86
2020-06-27	919	6	5106622	77.86
2020-06-28	1197	4	5106622	77.86
2020-06-29	910	6	5106622	77.86
2020-06-30	1010	7	5106622	77.86
2020-07-01	1124	9	5106622	77.86
2020-07-02	1361	3	5106622	77.86
2020-07-03	1374	5	5106622	77.86
2020-07-04	1177	10	5106622	77.86
2020-07-05	1072	10	5106622	77.86
2020-07-06	1557	5	5106622	77.86
2020-07-07	1262	6	5106622	77.86
2020-07-08	1210	9	5106622	77.86
2020-07-09	1518	3	5106622	77.86
2020-07-10	1889	8	5106622	77.86
2020-07-11	1083	4	5106622	77.86
2020-07-12	1318	9	5106622	77.86
2020-07-13	2164	2	5106622	77.86
2020-07-14	1389	14	5106622	77.86
2020-07-15	1679	8	5106622	77.86
2020-07-16	1327	9	5106622	77.86
2020-07-17	1619	8	5106622	77.86
2020-07-18	1311	10	5106622	77.86
2020-07-19	1157	10	5106622	77.86
2020-07-20	1739	8	5106622	77.86
2020-07-21	1487	11	5106622	77.86
2020-07-22	1660	12	5106622	77.86
2020-07-23	1099	6	5106622	77.86
2020-07-24	1145	4	5106622	77.86
2020-07-25	1067	12	5106622	77.86
2020-07-26	1147	13	5106622	77.86
2020-07-27	1053	9	5106622	77.86
2020-07-28	846	9	5106622	77.86
2020-07-29	665	10	5106622	77.86
2020-07-30	590	9	5106622	77.86
2020-07-31	0	0	5106622	77.86
2020-08-01	0	0	5106622	77.86
2020-08-02	0	0	5106622	77.86
2020-08-03	0	0	5106622	77.86
2020-08-04	0	0	5106622	77.86
2020-08-05	1127	67	5106622	77.86
2020-08-06	427	4	5106622	77.86
2020-08-07	354	10	5106622	77.86
2020-08-08	290	7	5106622	77.86
2020-08-09	223	4	5106622	77.86
2020-08-10	207	8	5106622	77.86
2020-08-11	263	12	5106622	77.86
2020-08-12	249	6	5106622	77.86
2020-08-13	232	12	5106622	77.86
2020-08-14	212	6	5106622	77.86
2020-08-15	181	5	5106622	77.86
2020-08-16	162	10	5106622	77.86
2020-08-17	140	16	5106622	77.86
2020-08-18	192	9	5106622	77.86
2020-08-19	188	6	5106622	77.86
2020-08-20	163	6	5106622	77.86
2020-08-21	0	0	5106622	77.86
2020-08-22	0	0	5106622	77.86
2020-08-23	0	0	5106622	77.86
2020-08-24	740	28	5106622	77.86
2020-08-25	143	5	5106622	77.86
2020-08-26	166	4	5106622	77.86
2020-08-27	187	4	5106622	77.86
2020-08-28	0	0	5106622	77.86
2020-08-29	0	0	5106622	77.86
2020-08-30	539	27	5106622	77.86
2020-08-31	178	8	5106622	77.86
2020-09-01	206	4	5106622	77.86
2020-09-02	0	0	5106622	77.86
2020-09-03	452	16	5106622	77.86
2020-09-04	0	0	5106622	77.86
2020-09-05	0	0	5106622	77.86
2020-09-06	692	23	5106622	77.86
2020-09-07	256	6	5106622	77.86
2020-09-08	262	8	5106622	77.86
2020-09-09	349	9	5106622	77.86
2020-09-10	398	11	5106622	77.86
2020-09-11	0	0	5106622	77.86
2020-09-12	0	0	5106622	77.86
2020-09-13	1409	18	5106622	77.86
2020-09-14	476	10	5106622	77.86
2020-09-15	438	7	5106622	77.86
2020-09-16	536	8	5106622	77.86
2020-09-17	557	13	5106622	77.86
2020-09-18	0	0	5106622	77.86
2020-09-19	0	0	5106622	77.86
2020-09-20	1722	28	5106622	77.86
2020-09-21	576	7	5106622	77.86
2020-09-22	660	12	5106622	77.86
2020-09-23	628	10	5106622	77.86
2020-09-24	568	10	5106622	77.86
2020-09-25	0	0	5106622	77.86
2020-09-26	0	0	5106622	77.86
2020-09-27	1543	24	5106622	77.86
2020-09-28	607	15	5106622	77.86
2020-09-29	528	11	5106622	77.86
2020-09-30	0	0	5106622	77.86
2020-10-01	0	0	5106622	77.86
2020-10-02	0	0	5106622	77.86
2020-10-03	0	0	5106622	77.86
2020-10-04	2685	42	5106622	77.86
2020-10-05	544	8	5106622	77.86
2020-10-06	834	5	5106622	77.86
2020-10-07	817	10	5106622	77.86
2020-10-08	664	9	5106622	77.86
2020-10-09	0	0	5106622	77.86
2020-10-10	0	0	5106622	77.86
2020-10-11	1761	29	5106622	77.86
2020-10-12	685	8	5106622	77.86
2020-10-13	638	7	5106622	77.86
2020-10-14	563	8	5106622	77.86
2020-10-15	520	10	5106622	77.86
2020-10-16	0	0	5106622	77.86
2020-10-17	0	0	5106622	77.86
2020-10-18	1657	30	5106622	77.86
2020-10-19	641	13	5106622	77.86
2020-10-20	439	8	5106622	77.86
2020-10-21	451	15	5106622	77.86
2020-10-22	353	10	5106622	77.86
2020-10-23	0	0	5106622	77.86
2020-10-24	0	0	5106622	77.86
2020-10-25	1095	27	5106622	77.86
2020-10-26	422	16	5106622	77.86
2020-10-27	466	13	5106622	77.86
2020-10-28	614	5	5106622	77.86
2020-10-29	0	0	5106622	77.86
2020-10-30	0	0	5106622	77.86
2020-10-31	0	0	5106622	77.86
2020-11-01	1300	38	5106622	77.86
2020-11-02	418	10	5106622	77.86
2020-11-03	376	8	5106622	77.86
2020-11-04	319	11	5106622	77.86
2020-11-05	320	11	5106622	77.86
2020-11-06	0	0	5106622	77.86
2020-11-07	0	0	5106622	77.86
2020-11-08	973	15	5106622	77.86
2020-11-09	363	9	5106622	77.86
2020-11-10	381	6	5106622	77.86
2020-11-11	302	5	5106622	77.86
2020-11-12	256	5	5106622	77.86
2020-11-13	0	0	5106622	77.86
2020-11-14	0	0	5106622	77.86
2020-11-15	947	12	5106622	77.86
2020-11-16	329	12	5106622	77.86
2020-11-17	0	0	5106622	77.86
2020-11-18	411	10	5106622	77.86
2020-11-19	231	5	5106622	77.86
2020-11-20	0	0	5106622	77.86
2020-11-21	0	0	5106622	77.86
2020-11-22	721	15	5106622	77.86
2020-11-23	275	6	5106622	77.86
2020-11-24	223	5	5106622	77.86
2020-11-25	0	0	5106622	77.86
2020-11-26	0	0	5106622	77.86
2020-11-27	0	0	5106622	77.86
2020-11-28	0	0	5106622	77.86
2020-11-29	905	27	5106622	77.86
2020-11-30	215	5	5106622	77.86
2020-12-01	209	7	5106622	77.86
2020-12-02	237	0	5106622	77.86
2020-12-03	184	5	5106622	77.86
2020-12-04	0	0	5106622	77.86
2020-12-05	0	0	5106622	77.86
2020-12-06	557	9	5106622	77.86
2020-12-07	229	8	5106622	77.86
2020-12-08	210	2	5106622	77.86
2020-12-09	165	7	5106622	77.86
2020-12-10	179	2	5106622	77.86
2020-12-11	0	0	5106622	77.86
2020-12-12	0	0	5106622	77.86
2020-12-13	571	8	5106622	77.86
2020-12-14	264	1	5106622	77.86
2020-12-15	215	3	5106622	77.86
2020-12-16	116	5	5106622	77.86
2020-12-17	184	3	5106622	77.86
2020-12-18	0	0	5106622	77.86
2020-12-19	0	0	5106622	77.86
2020-12-20	648	5	5106622	77.86
2020-12-21	264	1	5106622	77.86
2020-12-22	212	1	5106622	77.86
2020-12-23	93	1	5106622	77.86
2020-12-24	54	0	5106622	77.86
2020-12-25	0	0	5106622	77.86
2020-12-26	0	0	5106622	77.86
2020-12-27	182	4	5106622	77.86
2020-12-28	91	0	5106622	77.86
2020-12-29	70	2	5106622	77.86
2020-12-30	86	0	5106622	77.86
2020-12-31	148	2	5106622	77.86
2021-01-01	0	0	5106622	77.86
2021-01-02	0	0	5106622	77.86
2021-01-03	537	2	5106622	77.86
2021-01-04	180	1	5106622	77.86
2021-01-05	190	0	5106622	77.86
2021-01-06	114	2	5106622	77.86
2021-01-07	182	1	5106622	77.86
2021-01-08	0	0	5106622	77.86
2021-01-09	0	0	5106622	77.86
2021-01-10	538	3	5106622	77.86
2021-01-11	172	0	5106622	77.86
2021-01-12	164	0	5106622	77.86
2021-01-13	142	0	5106622	77.86
2021-01-14	178	1	5106622	77.86
2021-01-15	0	0	5106622	77.86
2021-01-16	0	0	5106622	77.86
2021-01-17	526	3	5106622	77.86
2021-01-18	221	2	5106622	77.86
2021-01-19	135	2	5106622	77.86
2021-01-20	171	0	5106622	77.86
2021-01-21	169	1	5106622	77.86
2021-01-22	0	0	5106622	77.86
2021-01-23	0	0	5106622	77.86
2021-01-24	558	4	5106622	77.86
2021-01-25	209	1	5106622	77.86
2021-01-26	154	2	5106622	77.86
2021-01-27	167	1	5106622	77.86
2021-01-28	154	2	5106622	77.86
2021-01-29	0	0	5106622	77.86
2021-01-30	0	0	5106622	77.86
2021-01-31	598	2	5106622	77.86
2021-02-01	198	3	5106622	77.86
2021-02-02	161	0	5106622	77.86
2021-02-03	171	0	5106622	77.86
2021-02-04	185	0	5106622	77.86
2021-02-05	0	0	5106622	77.86
2021-02-06	0	0	5106622	77.86
2021-02-07	633	2	5106622	77.86
2021-02-08	316	1	5106622	77.86
2021-02-09	197	1	5106622	77.86
2021-02-10	190	1	5106622	77.86
2021-02-11	245	2	5106622	77.86
2021-02-12	0	0	5106622	77.86
2021-02-13	0	0	5106622	77.86
2021-02-14	684	3	5106622	77.86
2021-02-15	286	1	5106622	77.86
2021-02-16	337	1	5106622	77.86
2021-02-17	277	5	5106622	77.86
2021-02-18	288	0	5106622	77.86
2021-02-19	0	0	5106622	77.86
2021-02-20	0	0	5106622	77.86
2021-02-21	868	3	5106622	77.86
2021-02-22	330	3	5106622	77.86
2021-02-23	297	2	5106622	77.86
2021-02-24	311	1	5106622	77.86
2021-02-25	288	4	5106622	77.86
2021-02-26	0	0	5106622	77.86
2021-02-27	0	0	5106622	77.86
2021-02-28	908	8	5106622	77.86
2021-03-01	312	7	5106622	77.86
2021-03-02	361	3	5106622	77.86
2021-03-03	358	3	5106622	77.86
2021-03-04	369	0	5106622	77.86
2021-03-05	0	0	5106622	77.86
2021-03-06	0	0	5106622	77.86
2021-03-07	1059	8	5106622	77.86
2021-03-08	449	3	5106622	77.86
2021-03-09	427	3	5106622	77.86
2021-03-10	426	3	5106622	77.86
2021-03-11	0	0	5106622	77.86
2021-03-12	0	0	5106622	77.86
2021-03-13	0	0	5106622	77.86
2021-03-14	1610	8	5106622	77.86
2021-03-15	556	1	5106622	77.86
2021-03-16	587	5	5106622	77.86
2021-03-17	548	3	5106622	77.86
2021-03-18	577	3	5106622	77.86
2021-03-19	0	0	5106622	77.86
2021-03-20	0	0	5106622	77.86
2021-03-21	1665	2	5106622	77.86
