2020-02-25	2	0	220892331	67.27
2020-02-26	0	0	220892331	67.27
2020-02-27	0	0	220892331	67.27
2020-02-28	2	0	220892331	67.27
2020-02-29	0	0	220892331	67.27
2020-03-01	0	0	220892331	67.27
2020-03-02	1	0	220892331	67.27
2020-03-03	0	0	220892331	67.27
2020-03-04	0	0	220892331	67.27
2020-03-05	1	0	220892331	67.27
2020-03-06	0	0	220892331	67.27
2020-03-07	0	0	220892331	67.27
2020-03-08	0	0	220892331	67.27
2020-03-09	10	0	220892331	67.27
2020-03-10	3	0	220892331	67.27
2020-03-11	1	0	220892331	67.27
2020-03-12	8	0	220892331	67.27
2020-03-13	3	0	220892331	67.27
2020-03-14	22	0	220892331	67.27
2020-03-15	83	0	220892331	67.27
2020-03-16	100	0	220892331	67.27
2020-03-17	63	0	220892331	67.27
2020-03-18	155	2	220892331	67.27
2020-03-19	47	1	220892331	67.27
2020-03-20	229	0	220892331	67.27
2020-03-21	46	2	220892331	67.27
2020-03-22	99	1	220892331	67.27
2020-03-23	97	1	220892331	67.27
2020-03-24	91	1	220892331	67.27
2020-03-25	138	1	220892331	67.27
2020-03-26	172	2	220892331	67.27
2020-03-27	122	1	220892331	67.27
2020-03-28	102	2	220892331	67.27
2020-03-29	120	7	220892331	67.27
2020-03-30	221	5	220892331	67.27
2020-03-31	180	1	220892331	67.27
2020-04-01	303	7	220892331	67.27
2020-04-02	265	6	220892331	67.27
2020-04-03	132	1	220892331	67.27
2020-04-04	339	6	220892331	67.27
2020-04-05	609	6	220892331	67.27
2020-04-06	269	4	220892331	67.27
2020-04-07	228	4	220892331	67.27
2020-04-08	226	4	220892331	67.27
2020-04-09	206	1	220892331	67.27
2020-04-10	316	20	220892331	67.27
2020-04-11	219	5	220892331	67.27
2020-04-12	266	2	220892331	67.27
2020-04-13	341	3	220892331	67.27
2020-04-14	546	15	220892331	67.27
2020-04-15	536	17	220892331	67.27
2020-04-16	106	7	220892331	67.27
2020-04-17	613	8	220892331	67.27
2020-04-18	710	25	220892331	67.27
2020-04-19	70	8	220892331	67.27
2020-04-20	1147	25	220892331	67.27
2020-04-21	511	11	220892331	67.27
2020-04-22	1079	25	220892331	67.27
2020-04-23	785	16	220892331	67.27
2020-04-24	783	16	220892331	67.27
2020-04-25	605	12	220892331	67.27
2020-04-26	587	11	220892331	67.27
2020-04-27	697	20	220892331	67.27
2020-04-28	913	31	220892331	67.27
2020-04-29	1292	42	220892331	67.27
2020-04-30	1297	32	220892331	67.27
2020-05-01	989	23	220892331	67.27
2020-05-02	981	17	220892331	67.27
2020-05-03	857	19	220892331	67.27
2020-05-04	1108	38	220892331	67.27
2020-05-05	2024	50	220892331	67.27
2020-05-06	571	21	220892331	67.27
2020-05-07	1791	14	220892331	67.27
2020-05-08	2301	37	220892331	67.27
2020-05-09	1598	23	220892331	67.27
2020-05-10	1747	47	220892331	67.27
2020-05-11	2255	31	220892331	67.27
2020-05-12	962	24	220892331	67.27
2020-05-13	490	9	220892331	67.27
2020-05-14	3011	64	220892331	67.27
2020-05-15	0	0	220892331	67.27
2020-05-16	1352	39	220892331	67.27
2020-05-17	1974	30	220892331	67.27
2020-05-18	1841	36	220892331	67.27
2020-05-19	1932	46	220892331	67.27
2020-05-20	2193	32	220892331	67.27
2020-05-21	2603	50	220892331	67.27
2020-05-22	1743	34	220892331	67.27
2020-05-23	2164	32	220892331	67.27
2020-05-24	1748	34	220892331	67.27
2020-05-25	1356	30	220892331	67.27
2020-05-26	1446	28	220892331	67.27
2020-05-27	2076	35	220892331	67.27
2020-05-28	2801	57	220892331	67.27
2020-05-29	2429	78	220892331	67.27
2020-05-30	3039	88	220892331	67.27
2020-05-31	2964	60	220892331	67.27
2020-06-01	3938	78	220892331	67.27
2020-06-02	4065	67	220892331	67.27
2020-06-03	4801	82	220892331	67.27
2020-06-04	3985	68	220892331	67.27
2020-06-05	4734	97	220892331	67.27
2020-06-06	4960	67	220892331	67.27
2020-06-07	4728	65	220892331	67.27
2020-06-08	4646	105	220892331	67.27
2020-06-09	5385	83	220892331	67.27
2020-06-10	5834	101	220892331	67.27
2020-06-11	6397	107	220892331	67.27
2020-06-12	0	0	220892331	67.27
2020-06-13	6472	88	220892331	67.27
2020-06-14	12073	178	220892331	67.27
2020-06-15	4443	110	220892331	67.27
2020-06-16	5839	136	220892331	67.27
2020-06-17	5358	118	220892331	67.27
2020-06-18	4944	136	220892331	67.27
2020-06-19	6604	153	220892331	67.27
2020-06-20	4951	119	220892331	67.27
2020-06-21	4471	89	220892331	67.27
2020-06-22	3946	105	220892331	67.27
2020-06-23	3892	60	220892331	67.27
2020-06-24	4044	148	220892331	67.27
2020-06-25	2775	59	220892331	67.27
2020-06-26	3138	73	220892331	67.27
2020-06-27	4072	83	220892331	67.27
2020-06-28	3557	49	220892331	67.27
2020-06-29	2825	137	220892331	67.27
2020-06-30	4133	91	220892331	67.27
2020-07-01	4339	78	220892331	67.27
2020-07-02	4087	78	220892331	67.27
2020-07-03	0	0	220892331	67.27
2020-07-04	3387	68	220892331	67.27
2020-07-05	6535	143	220892331	67.27
2020-07-06	2691	77	220892331	67.27
2020-07-07	2980	83	220892331	67.27
2020-07-08	3359	61	220892331	67.27
2020-07-09	2751	75	220892331	67.27
2020-07-10	2752	65	220892331	67.27
2020-07-11	2521	74	220892331	67.27
2020-07-12	2753	69	220892331	67.27
2020-07-13	1979	54	220892331	67.27
2020-07-14	2165	66	220892331	67.27
2020-07-15	2145	40	220892331	67.27
2020-07-16	0	0	220892331	67.27
2020-07-17	4003	96	220892331	67.27
2020-07-18	1579	46	220892331	67.27
2020-07-19	1587	31	220892331	67.27
2020-07-20	1013	40	220892331	67.27
2020-07-21	1332	38	220892331	67.27
2020-07-22	1763	32	220892331	67.27
2020-07-23	1209	54	220892331	67.27
2020-07-24	1487	24	220892331	67.27
2020-07-25	1226	35	220892331	67.27
2020-07-26	0	0	220892331	67.27
2020-07-27	1176	20	220892331	67.27
2020-07-28	936	23	220892331	67.27
2020-07-29	1063	27	220892331	67.27
2020-07-30	1114	32	220892331	67.27
2020-07-31	903	27	220892331	67.27
2020-08-01	0	0	220892331	67.27
2020-08-02	1394	25	220892331	67.27
2020-08-03	762	23	220892331	67.27
2020-08-04	0	0	220892331	67.27
2020-08-05	675	15	220892331	67.27
2020-08-06	727	21	220892331	67.27
2020-08-07	782	17	220892331	67.27
2020-08-08	842	16	220892331	67.27
2020-08-09	634	14	220892331	67.27
2020-08-10	539	15	220892331	67.27
2020-08-11	531	15	220892331	67.27
2020-08-12	730	17	220892331	67.27
2020-08-13	753	10	220892331	67.27
2020-08-14	626	14	220892331	67.27
2020-08-15	747	9	220892331	67.27
2020-08-16	1168	13	220892331	67.27
2020-08-17	0	0	220892331	67.27
2020-08-18	617	15	220892331	67.27
2020-08-19	613	11	220892331	67.27
2020-08-20	513	8	220892331	67.27
2020-08-21	630	10	220892331	67.27
2020-08-22	586	12	220892331	67.27
2020-08-23	1087	13	220892331	67.27
2020-08-24	0	0	220892331	67.27
2020-08-25	450	11	220892331	67.27
2020-08-26	482	12	220892331	67.27
2020-08-27	445	7	220892331	67.27
2020-08-28	415	9	220892331	67.27
2020-08-29	319	1	220892331	67.27
2020-08-30	264	4	220892331	67.27
2020-08-31	213	6	220892331	67.27
2020-09-01	300	4	220892331	67.27
2020-09-02	865	30	220892331	67.27
2020-09-03	498	7	220892331	67.27
2020-09-04	513	5	220892331	67.27
2020-09-05	0	0	220892331	67.27
2020-09-06	878	5	220892331	67.27
2020-09-07	330	5	220892331	67.27
2020-09-08	426	9	220892331	67.27
2020-09-09	371	6	220892331	67.27
2020-09-10	341	5	220892331	67.27
2020-09-11	584	3	220892331	67.27
2020-09-12	526	6	220892331	67.27
2020-09-13	539	4	220892331	67.27
2020-09-14	404	6	220892331	67.27
2020-09-15	665	4	220892331	67.27
2020-09-16	545	6	220892331	67.27
2020-09-17	752	9	220892331	67.27
2020-09-18	645	7	220892331	67.27
2020-09-19	640	1	220892331	67.27
2020-09-20	633	4	220892331	67.27
2020-09-21	582	4	220892331	67.27
2020-09-22	532	8	220892331	67.27
2020-09-23	799	5	220892331	67.27
2020-09-24	798	7	220892331	67.27
2020-09-25	566	7	220892331	67.27
2020-09-26	694	6	220892331	67.27
2020-09-27	566	9	220892331	67.27
2020-09-28	675	8	220892331	67.27
2020-09-29	747	5	220892331	67.27
2020-09-30	543	5	220892331	67.27
2020-10-01	625	15	220892331	67.27
2020-10-02	553	8	220892331	67.27
2020-10-03	632	6	220892331	67.27
2020-10-04	0	0	220892331	67.27
2020-10-05	1111	10	220892331	67.27
2020-10-06	624	12	220892331	67.27
2020-10-07	583	9	220892331	67.27
2020-10-08	661	8	220892331	67.27
2020-10-09	671	6	220892331	67.27
2020-10-10	666	12	220892331	67.27
2020-10-11	385	10	220892331	67.27
2020-10-12	531	8	220892331	67.27
2020-10-13	615	13	220892331	67.27
2020-10-14	755	13	220892331	67.27
2020-10-15	659	7	220892331	67.27
2020-10-16	575	17	220892331	67.27
2020-10-17	567	16	220892331	67.27
2020-10-18	433	5	220892331	67.27
2020-10-19	582	14	220892331	67.27
2020-10-20	710	19	220892331	67.27
2020-10-21	736	10	220892331	67.27
2020-10-22	736	13	220892331	67.27
2020-10-23	847	12	220892331	67.27
2020-10-24	832	9	220892331	67.27
2020-10-25	707	3	220892331	67.27
2020-10-26	773	6	220892331	67.27
2020-10-27	825	14	220892331	67.27
2020-10-28	908	16	220892331	67.27
2020-10-29	1078	20	220892331	67.27
2020-10-30	807	11	220892331	67.27
2020-10-31	977	17	220892331	67.27
2020-11-01	1123	12	220892331	67.27
2020-11-02	1167	14	220892331	67.27
2020-11-03	1313	18	220892331	67.27
2020-11-04	1302	26	220892331	67.27
2020-11-05	1376	30	220892331	67.27
2020-11-06	1502	20	220892331	67.27
2020-11-07	1436	25	220892331	67.27
2020-11-08	1650	9	220892331	67.27
2020-11-09	1637	23	220892331	67.27
2020-11-10	1708	21	220892331	67.27
2020-11-11	1808	34	220892331	67.27
2020-11-12	2304	37	220892331	67.27
2020-11-13	2165	17	220892331	67.27
2020-11-14	2443	32	220892331	67.27
2020-11-15	2128	19	220892331	67.27
2020-11-16	2050	33	220892331	67.27
2020-11-17	2298	37	220892331	67.27
2020-11-18	2547	18	220892331	67.27
2020-11-19	2738	313	220892331	67.27
2020-11-20	2843	42	220892331	67.27
2020-11-21	2665	59	220892331	67.27
2020-11-22	2756	34	220892331	67.27
2020-11-23	2954	48	220892331	67.27
2020-11-24	3009	59	220892331	67.27
2020-11-25	3306	40	220892331	67.27
2020-11-26	3113	54	220892331	67.27
2020-11-27	3045	45	220892331	67.27
2020-11-28	2829	43	220892331	67.27
2020-11-29	2839	40	220892331	67.27
2020-11-30	2458	66	220892331	67.27
2020-12-01	2829	75	220892331	67.27
2020-12-02	3499	39	220892331	67.27
2020-12-03	3262	55	220892331	67.27
2020-12-04	3119	43	220892331	67.27
2020-12-05	3308	58	220892331	67.27
2020-12-06	3795	37	220892331	67.27
2020-12-07	2885	89	220892331	67.27
2020-12-08	2963	60	220892331	67.27
2020-12-09	3138	56	220892331	67.27
2020-12-10	3047	50	220892331	67.27
2020-12-11	2729	71	220892331	67.27
2020-12-12	3369	72	220892331	67.27
2020-12-13	2362	36	220892331	67.27
2020-12-14	2459	73	220892331	67.27
2020-12-15	2731	105	220892331	67.27
2020-12-16	2545	70	220892331	67.27
2020-12-17	2972	84	220892331	67.27
2020-12-18	3179	86	220892331	67.27
2020-12-19	2615	80	220892331	67.27
2020-12-20	1680	62	220892331	67.27
2020-12-21	1704	82	220892331	67.27
2020-12-22	2142	83	220892331	67.27
2020-12-23	2256	111	220892331	67.27
2020-12-24	2152	85	220892331	67.27
2020-12-25	2260	63	220892331	67.27
2020-12-26	1853	58	220892331	67.27
2020-12-27	1974	55	220892331	67.27
2020-12-28	1776	63	220892331	67.27
2020-12-29	2155	55	220892331	67.27
2020-12-30	2475	58	220892331	67.27
2020-12-31	2463	71	220892331	67.27
2021-01-01	2184	82	220892331	67.27
2021-01-02	2272	53	220892331	67.27
2021-01-03	1895	39	220892331	67.27
2021-01-04	1947	59	220892331	67.27
2021-01-05	2118	52	220892331	67.27
2021-01-06	2481	50	220892331	67.27
2021-01-07	2435	47	220892331	67.27
2021-01-08	2007	40	220892331	67.27
2021-01-09	2899	46	220892331	67.27
2021-01-10	1877	32	220892331	67.27
2021-01-11	2408	41	220892331	67.27
2021-01-12	2123	55	220892331	67.27
2021-01-13	3097	46	220892331	67.27
2021-01-14	2417	45	220892331	67.27
2021-01-15	2432	45	220892331	67.27
2021-01-16	2521	43	220892331	67.27
2021-01-17	1920	46	220892331	67.27
2021-01-18	1800	58	220892331	67.27
2021-01-19	1772	48	220892331	67.27
2021-01-20	2363	54	220892331	67.27
2021-01-21	1745	47	220892331	67.27
2021-01-22	1927	43	220892331	67.27
2021-01-23	1594	48	220892331	67.27
2021-01-24	1629	23	220892331	67.27
2021-01-25	1873	58	220892331	67.27
2021-01-26	1563	74	220892331	67.27
2021-01-27	1910	64	220892331	67.27
2021-01-28	1644	46	220892331	67.27
2021-01-29	2183	63	220892331	67.27
2021-01-30	1599	34	220892331	67.27
2021-01-31	1615	26	220892331	67.27
2021-02-01	1220	63	220892331	67.27
2021-02-02	1384	56	220892331	67.27
2021-02-03	1508	31	220892331	67.27
2021-02-04	1302	53	220892331	67.27
2021-02-05	1286	28	220892331	67.27
2021-02-06	1346	53	220892331	67.27
2021-02-07	1037	59	220892331	67.27
2021-02-08	1008	40	220892331	67.27
2021-02-09	1072	62	220892331	67.27
2021-02-10	1502	57	220892331	67.27
2021-02-11	1270	33	220892331	67.27
2021-02-12	1262	58	220892331	67.27
2021-02-13	1404	31	220892331	67.27
2021-02-14	1048	26	220892331	67.27
2021-02-15	0	0	220892331	67.27
2021-02-16	1912	103	220892331	67.27
2021-02-17	1272	52	220892331	67.27
2021-02-18	1245	39	220892331	67.27
2021-02-19	1340	36	220892331	67.27
2021-02-20	1328	38	220892331	67.27
2021-02-21	1160	16	220892331	67.27
2021-02-22	1050	41	220892331	67.27
2021-02-23	1196	50	220892331	67.27
2021-02-24	1361	64	220892331	67.27
2021-02-25	1541	32	220892331	67.27
2021-02-26	1315	33	220892331	67.27
2021-02-27	1176	23	220892331	67.27
2021-02-28	1392	36	220892331	67.27
2021-03-01	1163	42	220892331	67.27
2021-03-02	1388	75	220892331	67.27
2021-03-03	1519	63	220892331	67.27
2021-03-04	1579	52	220892331	67.27
2021-03-05	1714	38	220892331	67.27
2021-03-06	1780	39	220892331	67.27
2021-03-07	1592	22	220892331	67.27
2021-03-08	1353	54	220892331	67.27
2021-03-09	1786	43	220892331	67.27
2021-03-10	2258	53	220892331	67.27
2021-03-11	2701	53	220892331	67.27
2021-03-12	2338	46	220892331	67.27
2021-03-13	2664	32	220892331	67.27
2021-03-14	2253	29	220892331	67.27
2021-03-15	2511	58	220892331	67.27
2021-03-16	2351	61	220892331	67.27
2021-03-17	3495	61	220892331	67.27
2021-03-18	3449	40	220892331	67.27
2021-03-19	3876	42	220892331	67.27
2021-03-20	3667	44	220892331	67.27
2021-03-21	3669	20	220892331	67.27