2020-03-05	4	0	5101416	74.05
2020-03-06	3	0	5101416	74.05
2020-03-07	9	0	5101416	74.05
2020-03-08	0	0	5101416	74.05
2020-03-09	3	0	5101416	74.05
2020-03-10	7	0	5101416	74.05
2020-03-11	4	0	5101416	74.05
2020-03-12	0	0	5101416	74.05
2020-03-13	1	0	5101416	74.05
2020-03-14	4	0	5101416	74.05
2020-03-15	3	0	5101416	74.05
2020-03-16	0	0	5101416	74.05
2020-03-17	1	0	5101416	74.05
2020-03-18	2	0	5101416	74.05
2020-03-19	3	0	5101416	74.05
2020-03-20	3	0	5101416	74.05
2020-03-21	1	0	5101416	74.05
2020-03-22	4	0	5101416	74.05
2020-03-23	7	0	5101416	74.05
2020-03-24	0	0	5101416	74.05
2020-03-25	0	0	5101416	74.05
2020-03-26	25	1	5101416	74.05
2020-03-27	7	0	5101416	74.05
2020-03-28	7	0	5101416	74.05
2020-03-29	11	0	5101416	74.05
2020-03-30	7	0	5101416	74.05
2020-03-31	3	0	5101416	74.05
2020-04-01	15	0	5101416	74.05
2020-04-02	27	0	5101416	74.05
2020-04-03	33	0	5101416	74.05
2020-04-04	23	0	5101416	74.05
2020-04-05	20	0	5101416	74.05
2020-04-06	17	0	5101416	74.05
2020-04-07	7	0	5101416	74.05
2020-04-08	2	0	5101416	74.05
2020-04-09	0	0	5101416	74.05
2020-04-10	4	1	5101416	74.05
2020-04-11	1	0	5101416	74.05
2020-04-12	3	0	5101416	74.05
2020-04-13	2	0	5101416	74.05
2020-04-14	11	0	5101416	74.05
2020-04-15	7	0	5101416	74.05
2020-04-16	3	0	5101416	74.05
2020-04-17	13	0	5101416	74.05
2020-04-18	6	0	5101416	74.05
2020-04-19	6	0	5101416	74.05
2020-04-20	10	0	5101416	74.05
2020-04-21	0	0	5101416	74.05
2020-04-22	6	0	5101416	74.05
2020-04-23	1	0	5101416	74.05
2020-04-24	4	0	5101416	74.05
2020-04-25	2	0	5101416	74.05
2020-04-26	0	0	5101416	74.05
2020-04-27	0	0	5101416	74.05
2020-04-28	1	0	5101416	74.05
2020-04-29	1	0	5101416	74.05
2020-04-30	0	0	5101416	74.05
2020-05-01	9	0	5101416	74.05
2020-05-02	0	0	5101416	74.05
2020-05-03	0	0	5101416	74.05
2020-05-04	9	0	5101416	74.05
2020-05-05	9	0	5101416	74.05
2020-05-06	3	0	5101416	74.05
2020-05-07	1	0	5101416	74.05
2020-05-08	0	0	5101416	74.05
2020-05-09	0	0	5101416	74.05
2020-05-10	0	0	5101416	74.05
2020-05-11	0	0	5101416	74.05
2020-05-12	0	0	5101416	74.05
2020-05-13	0	0	5101416	74.05
2020-05-14	0	0	5101416	74.05
2020-05-15	0	0	5101416	74.05
2020-05-16	1	0	5101416	74.05
2020-05-17	5	0	5101416	74.05
2020-05-18	7	0	5101416	74.05
2020-05-19	3	0	5101416	74.05
2020-05-20	7	0	5101416	74.05
2020-05-21	25	0	5101416	74.05
2020-05-22	0	0	5101416	74.05
2020-05-23	0	1	5101416	74.05
2020-05-24	0	0	5101416	74.05
2020-05-25	0	0	5101416	74.05
2020-05-26	6	0	5101416	74.05
2020-05-27	5	0	5101416	74.05
2020-05-28	12	0	5101416	74.05
2020-05-29	0	0	5101416	74.05
2020-05-30	1	0	5101416	74.05
2020-05-31	1	0	5101416	74.05
2020-06-01	1	0	5101416	74.05
2020-06-02	2	0	5101416	74.05
2020-06-03	6	0	5101416	74.05
2020-06-04	7	0	5101416	74.05
2020-06-05	0	0	5101416	74.05
2020-06-06	0	0	5101416	74.05
2020-06-07	8	0	5101416	74.05
2020-06-08	1	0	5101416	74.05
2020-06-09	8	0	5101416	74.05
2020-06-10	4	0	5101416	74.05
2020-06-11	2	0	5101416	74.05
2020-06-12	2	0	5101416	74.05
2020-06-13	0	0	5101416	74.05
2020-06-14	3	0	5101416	74.05
2020-06-15	13	0	5101416	74.05
2020-06-16	9	0	5101416	74.05
2020-06-17	41	0	5101416	74.05
2020-06-18	45	0	5101416	74.05
2020-06-19	75	0	5101416	74.05
2020-06-20	109	0	5101416	74.05
2020-06-21	49	0	5101416	74.05
2020-06-22	168	0	5101416	74.05
2020-06-23	168	0	5101416	74.05
2020-06-24	159	0	5101416	74.05
2020-06-25	54	0	5101416	74.05
2020-06-26	175	0	5101416	74.05
2020-06-27	258	1	5101416	74.05
2020-06-28	175	0	5101416	74.05
2020-06-29	195	1	5101416	74.05
2020-06-30	243	3	5101416	74.05
2020-07-01	330	0	5101416	74.05
2020-07-02	322	1	5101416	74.05
2020-07-03	254	2	5101416	74.05
2020-07-04	501	2	5101416	74.05
2020-07-05	442	3	5101416	74.05
2020-07-06	64	1	5101416	74.05
2020-07-07	306	1	5101416	74.05
2020-07-08	382	2	5101416	74.05
2020-07-09	191	4	5101416	74.05
2020-07-10	331	3	5101416	74.05
2020-07-11	380	6	5101416	74.05
2020-07-12	299	3	5101416	74.05
2020-07-13	336	3	5101416	74.05
2020-07-14	198	5	5101416	74.05
2020-07-15	300	0	5101416	74.05
2020-07-16	348	7	5101416	74.05
2020-07-17	352	2	5101416	74.05
2020-07-18	440	6	5101416	74.05
2020-07-19	345	3	5101416	74.05
2020-07-20	367	1	5101416	74.05
2020-07-21	312	1	5101416	74.05
2020-07-22	170	2	5101416	74.05
2020-07-23	346	1	5101416	74.05
2020-07-24	349	3	5101416	74.05
2020-07-25	213	5	5101416	74.05
2020-07-26	163	1	5101416	74.05
2020-07-27	152	2	5101416	74.05
2020-07-28	317	1	5101416	74.05
2020-07-29	346	1	5101416	74.05
2020-07-30	264	1	5101416	74.05
2020-07-31	289	1	5101416	74.05
2020-08-01	323	1	5101416	74.05
2020-08-02	137	1	5101416	74.05
2020-08-03	244	0	5101416	74.05
2020-08-04	229	2	5101416	74.05
2020-08-05	295	3	5101416	74.05
2020-08-06	333	3	5101416	74.05
2020-08-07	324	2	5101416	74.05
2020-08-08	206	2	5101416	74.05
2020-08-09	280	1	5101416	74.05
2020-08-10	302	3	5101416	74.05
2020-08-11	365	4	5101416	74.05
2020-08-12	309	1	5101416	74.05
2020-08-13	307	1	5101416	74.05
2020-08-14	343	0	5101416	74.05
2020-08-15	319	2	5101416	74.05
2020-08-16	381	2	5101416	74.05
2020-08-17	310	3	5101416	74.05
2020-08-18	462	0	5101416	74.05
2020-08-19	300	6	5101416	74.05
2020-08-20	383	1	5101416	74.05
2020-08-21	324	2	5101416	74.05
2020-08-22	163	3	5101416	74.05
2020-08-23	326	3	5101416	74.05
2020-08-24	411	5	5101416	74.05
2020-08-25	465	0	5101416	74.05
2020-08-26	477	4	5101416	74.05
2020-08-27	522	4	5101416	74.05
2020-08-28	574	4	5101416	74.05
2020-08-29	417	2	5101416	74.05
2020-08-30	536	5	5101416	74.05
2020-08-31	525	0	5101416	74.05
2020-09-01	552	7	5101416	74.05
2020-09-02	594	3	5101416	74.05
2020-09-03	596	5	5101416	74.05
2020-09-04	671	3	5101416	74.05
2020-09-05	433	7	5101416	74.05
2020-09-06	552	4	5101416	74.05
2020-09-07	652	3	5101416	74.05
2020-09-08	584	6	5101416	74.05
2020-09-09	556	2	5101416	74.05
2020-09-10	745	6	5101416	74.05
2020-09-11	592	6	5101416	74.05
2020-09-12	650	6	5101416	74.05
2020-09-13	668	11	5101416	74.05
2020-09-14	788	5	5101416	74.05
2020-09-15	888	3	5101416	74.05
2020-09-16	756	14	5101416	74.05
2020-09-17	837	1	5101416	74.05
2020-09-18	558	6	5101416	74.05
2020-09-19	602	3	5101416	74.05
2020-09-20	683	9	5101416	74.05
2020-09-21	465	3	5101416	74.05
2020-09-22	429	4	5101416	74.05
2020-09-23	503	3	5101416	74.05
2020-09-24	508	2	5101416	74.05
2020-09-25	372	4	5101416	74.05
2020-09-26	290	7	5101416	74.05
2020-09-27	450	6	5101416	74.05
2020-09-28	418	8	5101416	74.05
2020-09-29	420	7	5101416	74.05
2020-09-30	358	5	5101416	74.05
2020-10-01	423	7	5101416	74.05
2020-10-02	444	3	5101416	74.05
2020-10-03	312	8	5101416	74.05
2020-10-04	420	1	5101416	74.05
2020-10-05	459	9	5101416	74.05
2020-10-06	475	10	5101416	74.05
2020-10-07	408	6	5101416	74.05
2020-10-08	416	4	5101416	74.05
2020-10-09	408	8	5101416	74.05
2020-10-10	281	11	5101416	74.05
2020-10-11	354	3	5101416	74.05
2020-10-12	385	6	5101416	74.05
2020-10-13	516	4	5101416	74.05
2020-10-14	458	2	5101416	74.05
2020-10-15	442	8	5101416	74.05
2020-10-16	334	1	5101416	74.05
2020-10-17	312	0	5101416	74.05
2020-10-18	389	6	5101416	74.05
2020-10-19	481	5	5101416	74.05
2020-10-20	513	8	5101416	74.05
2020-10-21	499	6	5101416	74.05
2020-10-22	506	8	5101416	74.05
2020-10-23	445	4	5101416	74.05
2020-10-24	410	4	5101416	74.05
2020-10-25	453	5	5101416	74.05
2020-10-26	510	6	5101416	74.05
2020-10-27	576	4	5101416	74.05
2020-10-28	420	7	5101416	74.05
2020-10-29	623	8	5101416	74.05
2020-10-30	504	8	5101416	74.05
2020-10-31	445	2	5101416	74.05
2020-11-01	540	6	5101416	74.05
2020-11-02	715	4	5101416	74.05
2020-11-03	633	8	5101416	74.05
2020-11-04	682	3	5101416	74.05
2020-11-05	582	4	5101416	74.05
2020-11-06	554	3	5101416	74.05
2020-11-07	431	1	5101416	74.05
2020-11-08	501	3	5101416	74.05
2020-11-09	680	6	5101416	74.05
2020-11-10	584	12	5101416	74.05
2020-11-11	643	5	5101416	74.05
2020-11-12	719	4	5101416	74.05
2020-11-13	730	6	5101416	74.05
2020-11-14	653	10	5101416	74.05
2020-11-15	864	7	5101416	74.05
2020-11-16	836	7	5101416	74.05
2020-11-17	1068	8	5101416	74.05
2020-11-18	1251	9	5101416	74.05
2020-11-19	1110	9	5101416	74.05
2020-11-20	1472	8	5101416	74.05
2020-11-21	1486	14	5101416	74.05
2020-11-22	1390	16	5101416	74.05
2020-11-23	1552	9	5101416	74.05
2020-11-24	1811	11	5101416	74.05
2020-11-25	1720	9	5101416	74.05
2020-11-26	1766	15	5101416	74.05
2020-11-27	1936	9	5101416	74.05
2020-11-28	1461	15	5101416	74.05
2020-11-29	1695	13	5101416	74.05
2020-11-30	2062	15	5101416	74.05
2020-12-01	2357	15	5101416	74.05
2020-12-02	2188	16	5101416	74.05
2020-12-03	2516	17	5101416	74.05
2020-12-04	1968	17	5101416	74.05
2020-12-05	1422	15	5101416	74.05
2020-12-06	1940	16	5101416	74.05
2020-12-07	1720	20	5101416	74.05
2020-12-08	1351	19	5101416	74.05
2020-12-09	1883	23	5101416	74.05
2020-12-10	1887	20	5101416	74.05
2020-12-11	1743	21	5101416	74.05
2020-12-12	1477	30	5101416	74.05
2020-12-13	1639	17	5101416	74.05
2020-12-14	1364	22	5101416	74.05
2020-12-15	2307	23	5101416	74.05
2020-12-16	2197	25	5101416	74.05
2020-12-17	2149	30	5101416	74.05
2020-12-18	1857	19	5101416	74.05
2020-12-19	1604	20	5101416	74.05
2020-12-20	1427	24	5101416	74.05
2020-12-21	1302	28	5101416	74.05
2020-12-22	1561	29	5101416	74.05
2020-12-23	1870	28	5101416	74.05
2020-12-24	1704	17	5101416	74.05
2020-12-25	1518	17	5101416	74.05
2020-12-26	1306	21	5101416	74.05
2020-12-27	1189	28	5101416	74.05
2020-12-28	1217	23	5101416	74.05
2020-12-29	1149	19	5101416	74.05
2020-12-30	1277	20	5101416	74.05
2020-12-31	1268	29	5101416	74.05
2021-01-01	1219	18	5101416	74.05
2021-01-02	1064	28	5101416	74.05
2021-01-03	932	24	5101416	74.05
2021-01-04	1009	20	5101416	74.05
2021-01-05	941	15	5101416	74.05
2021-01-06	1088	14	5101416	74.05
2021-01-07	995	17	5101416	74.05
2021-01-08	822	23	5101416	74.05
2021-01-09	627	24	5101416	74.05
2021-01-10	699	21	5101416	74.05
2021-01-11	771	10	5101416	74.05
2021-01-12	797	16	5101416	74.05
2021-01-13	801	28	5101416	74.05
2021-01-14	736	7	5101416	74.05
2021-01-15	637	22	5101416	74.05
2021-01-16	427	13	5101416	74.05
2021-01-17	462	18	5101416	74.05
2021-01-18	524	8	5101416	74.05
2021-01-19	538	15	5101416	74.05
2021-01-20	497	10	5101416	74.05
2021-01-21	473	6	5101416	74.05
2021-01-22	494	12	5101416	74.05
2021-01-23	449	14	5101416	74.05
2021-01-24	408	8	5101416	74.05
2021-01-25	470	5	5101416	74.05
2021-01-26	509	7	5101416	74.05
2021-01-27	603	5	5101416	74.05
2021-01-28	597	4	5101416	74.05
2021-01-29	575	11	5101416	74.05
2021-01-30	391	8	5101416	74.05
2021-01-31	403	2	5101416	74.05
2021-02-01	481	7	5101416	74.05
2021-02-02	513	9	5101416	74.05
2021-02-03	470	8	5101416	74.05
2021-02-04	661	8	5101416	74.05
2021-02-05	472	2	5101416	74.05
2021-02-06	470	3	5101416	74.05
2021-02-07	572	11	5101416	74.05
2021-02-08	612	7	5101416	74.05
2021-02-09	762	9	5101416	74.05
2021-02-10	761	12	5101416	74.05
2021-02-11	799	1	5101416	74.05
2021-02-12	665	8	5101416	74.05
2021-02-13	600	12	5101416	74.05
2021-02-14	804	3	5101416	74.05
2021-02-15	840	3	5101416	74.05
2021-02-16	1043	6	5101416	74.05
2021-02-17	1040	6	5101416	74.05
2021-02-18	627	8	5101416	74.05
2021-02-19	563	5	5101416	74.05
2021-02-20	598	10	5101416	74.05
2021-02-21	1320	5	5101416	74.05
2021-02-22	1334	10	5101416	74.05
2021-02-23	1408	8	5101416	74.05
2021-02-24	1391	5	5101416	74.05
2021-02-25	1525	9	5101416	74.05
2021-02-26	1555	11	5101416	74.05
2021-02-27	1061	6	5101416	74.05
2021-02-28	1703	17	5101416	74.05
2021-03-01	1724	16	5101416	74.05
2021-03-02	1973	5	5101416	74.05
2021-03-03	2017	15	5101416	74.05
2021-03-04	1877	13	5101416	74.05
2021-03-05	1826	19	5101416	74.05
2021-03-06	1519	17	5101416	74.05
2021-03-07	2264	13	5101416	74.05
2021-03-08	1742	17	5101416	74.05
2021-03-09	1828	13	5101416	74.05
2021-03-10	1996	23	5101416	74.05
2021-03-11	1291	18	5101416	74.05
2021-03-12	1983	17	5101416	74.05
2021-03-13	1784	27	5101416	74.05
2021-03-14	1868	13	5101416	74.05
2021-03-15	2298	25	5101416	74.05
2021-03-16	2189	21	5101416	74.05
2021-03-17	2193	29	5101416	74.05
2021-03-18	2077	15	5101416	74.05
2021-03-19	1851	21	5101416	74.05
2021-03-20	1479	27	5101416	74.05
2021-03-21	2247	21	5101416	74.05
