2020-03-09	0	0	4314768	78.51
2020-03-10	1	0	4314768	78.51
2020-03-11	7	1	4314768	78.51
2020-03-12	3	0	4314768	78.51
2020-03-13	16	0	4314768	78.51
2020-03-14	9	0	4314768	78.51
2020-03-15	7	0	4314768	78.51
2020-03-16	12	0	4314768	78.51
2020-03-17	14	0	4314768	78.51
2020-03-18	17	0	4314768	78.51
2020-03-19	23	0	4314768	78.51
2020-03-20	28	0	4314768	78.51
2020-03-21	63	0	4314768	78.51
2020-03-22	113	2	4314768	78.51
2020-03-23	32	3	4314768	78.51
2020-03-24	0	0	4314768	78.51
2020-03-25	98	2	4314768	78.51
2020-03-26	115	0	4314768	78.51
2020-03-27	116	1	4314768	78.51
2020-03-28	112	5	4314768	78.51
2020-03-29	115	3	4314768	78.51
2020-03-30	88	7	4314768	78.51
2020-03-31	192	6	4314768	78.51
2020-04-01	0	0	4314768	78.51
2020-04-02	136	2	4314768	78.51
2020-04-03	158	5	4314768	78.51
2020-04-04	198	4	4314768	78.51
2020-04-05	128	5	4314768	78.51
2020-04-06	187	8	4314768	78.51
2020-04-07	112	1	4314768	78.51
2020-04-08	149	4	4314768	78.51
2020-04-09	279	4	4314768	78.51
2020-04-10	224	3	4314768	78.51
2020-04-11	222	8	4314768	78.51
2020-04-12	260	5	4314768	78.51
2020-04-13	166	8	4314768	78.51
2020-04-14	72	7	4314768	78.51
2020-04-15	102	1	4314768	78.51
2020-04-16	177	8	4314768	78.51
2020-04-17	265	6	4314768	78.51
2020-04-18	194	7	4314768	78.51
2020-04-19	63	4	4314768	78.51
2020-04-20	194	6	4314768	78.51
2020-04-21	191	10	4314768	78.51
2020-04-22	163	5	4314768	78.51
2020-04-23	345	5	4314768	78.51
2020-04-24	172	8	4314768	78.51
2020-04-25	200	5	4314768	78.51
2020-04-26	241	6	4314768	78.51
2020-04-27	242	2	4314768	78.51
2020-04-28	0	0	4314768	78.51
2020-04-29	357	11	4314768	78.51
2020-04-30	154	10	4314768	78.51
2020-05-01	188	4	4314768	78.51
2020-05-02	370	5	4314768	78.51
2020-05-03	0	0	4314768	78.51
2020-05-04	107	3	4314768	78.51
2020-05-05	326	10	4314768	78.51
2020-05-06	208	8	4314768	78.51
2020-05-07	137	7	4314768	78.51
2020-05-08	202	6	4314768	78.51
2020-05-09	212	6	4314768	78.51
2020-05-10	166	7	4314768	78.51
2020-05-11	168	5	4314768	78.51
2020-05-12	167	3	4314768	78.51
2020-05-13	161	4	4314768	78.51
2020-05-14	174	4	4314768	78.51
2020-05-15	150	6	4314768	78.51
2020-05-16	181	3	4314768	78.51
2020-05-17	157	6	4314768	78.51
2020-05-18	120	4	4314768	78.51
2020-05-19	141	2	4314768	78.51
2020-05-20	110	6	4314768	78.51
2020-05-21	139	4	4314768	78.51
2020-05-22	151	4	4314768	78.51
2020-05-23	310	4	4314768	78.51
2020-05-24	349	7	4314768	78.51
2020-05-25	257	4	4314768	78.51
2020-05-26	264	3	4314768	78.51
2020-05-27	281	2	4314768	78.51
2020-05-28	403	5	4314768	78.51
2020-05-29	400	6	4314768	78.51
2020-05-30	487	4	4314768	78.51
2020-05-31	445	6	4314768	78.51
2020-06-01	374	8	4314768	78.51
2020-06-02	258	8	4314768	78.51
2020-06-03	514	5	4314768	78.51
2020-06-04	435	6	4314768	78.51
2020-06-05	419	7	4314768	78.51
2020-06-06	541	16	4314768	78.51
2020-06-07	421	7	4314768	78.51
2020-06-08	429	5	4314768	78.51
2020-06-09	379	5	4314768	78.51
2020-06-10	656	10	4314768	78.51
2020-06-11	697	5	4314768	78.51
2020-06-12	625	3	4314768	78.51
2020-06-13	848	8	4314768	78.51
2020-06-14	1359	8	4314768	78.51
2020-06-15	4	11	4314768	78.51
2020-06-16	540	9	4314768	78.51
2020-06-17	635	13	4314768	78.51
2020-06-18	754	5	4314768	78.51
2020-06-19	923	10	4314768	78.51
2020-06-20	948	8	4314768	78.51
2020-06-21	808	8	4314768	78.51
2020-06-22	722	20	4314768	78.51
2020-06-23	562	15	4314768	78.51
2020-06-24	716	11	4314768	78.51
2020-06-25	1007	17	4314768	78.51
2020-06-26	868	11	4314768	78.51
2020-06-27	753	17	4314768	78.51
2020-06-28	1028	12	4314768	78.51
2020-06-29	1099	16	4314768	78.51
2020-06-30	765	11	4314768	78.51
2020-07-01	913	14	4314768	78.51
2020-07-02	774	22	4314768	78.51
2020-07-03	758	31	4314768	78.51
2020-07-04	988	22	4314768	78.51
2020-07-05	1166	27	4314768	78.51
2020-07-06	1185	23	4314768	78.51
2020-07-07	957	29	4314768	78.51
2020-07-08	960	20	4314768	78.51
2020-07-09	965	20	4314768	78.51
2020-07-10	1041	24	4314768	78.51
2020-07-11	1075	30	4314768	78.51
2020-07-12	1301	16	4314768	78.51
2020-07-13	1540	23	4314768	78.51
2020-07-14	923	28	4314768	78.51
2020-07-15	1147	22	4314768	78.51
2020-07-16	1130	18	4314768	78.51
2020-07-17	1035	38	4314768	78.51
2020-07-18	853	33	4314768	78.51
2020-07-19	1207	25	4314768	78.51
2020-07-20	958	31	4314768	78.51
2020-07-21	727	32	4314768	78.51
2020-07-22	753	21	4314768	78.51
2020-07-23	911	29	4314768	78.51
2020-07-24	1176	41	4314768	78.51
2020-07-25	871	25	4314768	78.51
2020-07-26	1432	19	4314768	78.51
2020-07-27	1146	28	4314768	78.51
2020-07-28	781	27	4314768	78.51
2020-07-29	1046	25	4314768	78.51
2020-07-30	922	23	4314768	78.51
2020-07-31	1065	24	4314768	78.51
2020-08-01	1127	28	4314768	78.51
2020-08-02	1070	22	4314768	78.51
2020-08-03	1003	26	4314768	78.51
2020-08-04	968	25	4314768	78.51
2020-08-05	807	31	4314768	78.51
2020-08-06	1187	21	4314768	78.51
2020-08-07	1142	17	4314768	78.51
2020-08-08	1091	18	4314768	78.51
2020-08-09	841	30	4314768	78.51
2020-08-10	902	25	4314768	78.51
2020-08-11	1070	16	4314768	78.51
2020-08-12	913	23	4314768	78.51
2020-08-13	1069	19	4314768	78.51
2020-08-14	956	12	4314768	78.51
2020-08-15	1263	12	4314768	78.51
2020-08-16	1275	21	4314768	78.51
2020-08-17	603	21	4314768	78.51
2020-08-18	247	21	4314768	78.51
2020-08-19	964	18	4314768	78.51
2020-08-20	101	17	4314768	78.51
2020-08-21	537	15	4314768	78.51
2020-08-22	1088	19	4314768	78.51
2020-08-23	1420	14	4314768	78.51
2020-08-24	585	14	4314768	78.51
2020-08-25	896	13	4314768	78.51
2020-08-26	701	13	4314768	78.51
2020-08-27	900	16	4314768	78.51
2020-08-28	642	18	4314768	78.51
2020-08-29	713	17	4314768	78.51
2020-08-30	728	12	4314768	78.51
2020-08-31	917	7	4314768	78.51
2020-09-01	570	16	4314768	78.51
2020-09-02	532	12	4314768	78.51
2020-09-03	830	16	4314768	78.51
2020-09-04	682	17	4314768	78.51
2020-09-05	709	12	4314768	78.51
2020-09-06	738	11	4314768	78.51
2020-09-07	535	13	4314768	78.51
2020-09-08	829	8	4314768	78.51
2020-09-09	635	9	4314768	78.51
2020-09-10	673	11	4314768	78.51
2020-09-11	615	13	4314768	78.51
2020-09-12	711	15	4314768	78.51
2020-09-13	704	11	4314768	78.51
2020-09-14	459	7	4314768	78.51
2020-09-15	628	14	4314768	78.51
2020-09-16	634	11	4314768	78.51
2020-09-17	672	15	4314768	78.51
2020-09-18	741	16	4314768	78.51
2020-09-19	722	18	4314768	78.51
2020-09-20	602	10	4314768	78.51
2020-09-21	607	15	4314768	78.51
2020-09-22	474	13	4314768	78.51
2020-09-23	706	6	4314768	78.51
2020-09-24	736	6	4314768	78.51
2020-09-25	705	14	4314768	78.51
2020-09-26	677	12	4314768	78.51
2020-09-27	447	17	4314768	78.51
2020-09-28	722	8	4314768	78.51
2020-09-29	576	16	4314768	78.51
2020-09-30	742	8	4314768	78.51
2020-10-01	747	15	4314768	78.51
2020-10-02	620	19	4314768	78.51
2020-10-03	691	8	4314768	78.51
2020-10-04	633	9	4314768	78.51
2020-10-05	633	7	4314768	78.51
2020-10-06	683	10	4314768	78.51
2020-10-07	698	8	4314768	78.51
2020-10-08	754	15	4314768	78.51
2020-10-09	787	11	4314768	78.51
2020-10-10	825	8	4314768	78.51
2020-10-11	647	9	4314768	78.51
2020-10-12	489	11	4314768	78.51
2020-10-13	494	9	4314768	78.51
2020-10-14	832	8	4314768	78.51
2020-10-15	755	10	4314768	78.51
2020-10-16	615	17	4314768	78.51
2020-10-17	609	11	4314768	78.51
2020-10-18	638	7	4314768	78.51
2020-10-19	436	10	4314768	78.51
2020-10-20	558	11	4314768	78.51
2020-10-21	696	12	4314768	78.51
2020-10-22	792	15	4314768	78.51
2020-10-23	639	10	4314768	78.51
2020-10-24	649	6	4314768	78.51
2020-10-25	685	5	4314768	78.51
2020-10-26	551	5	4314768	78.51
2020-10-27	671	12	4314768	78.51
2020-10-28	825	13	4314768	78.51
2020-10-29	798	15	4314768	78.51
2020-10-30	822	10	4314768	78.51
2020-10-31	731	12	4314768	78.51
2020-11-01	738	6	4314768	78.51
2020-11-02	579	14	4314768	78.51
2020-11-03	677	11	4314768	78.51
2020-11-04	432	13	4314768	78.51
2020-11-05	543	12	4314768	78.51
2020-11-06	1193	14	4314768	78.51
2020-11-07	746	11	4314768	78.51
2020-11-08	1021	17	4314768	78.51
2020-11-09	804	10	4314768	78.51
2020-11-10	971	9	4314768	78.51
2020-11-11	1163	6	4314768	78.51
2020-11-12	887	7	4314768	78.51
2020-11-13	1125	26	4314768	78.51
2020-11-14	832	11	4314768	78.51
2020-11-15	1344	6	4314768	78.51
2020-11-16	1014	8	4314768	78.51
2020-11-17	1054	12	4314768	78.51
2020-11-18	1112	14	4314768	78.51
2020-11-19	1256	15	4314768	78.51
2020-11-20	1200	10	4314768	78.51
2020-11-21	1288	14	4314768	78.51
2020-11-22	1206	11	4314768	78.51
2020-11-23	875	16	4314768	78.51
2020-11-24	1272	13	4314768	78.51
2020-11-25	1602	16	4314768	78.51
2020-11-26	1755	16	4314768	78.51
2020-11-27	1457	12	4314768	78.51
2020-11-28	1709	9	4314768	78.51
2020-11-29	1276	21	4314768	78.51
2020-11-30	1077	19	4314768	78.51
2020-12-01	1505	19	4314768	78.51
2020-12-02	2028	16	4314768	78.51
2020-12-03	1880	27	4314768	78.51
2020-12-04	2388	13	4314768	78.51
2020-12-05	2300	19	4314768	78.51
2020-12-06	1812	20	4314768	78.51
2020-12-07	1511	19	4314768	78.51
2020-12-08	1936	29	4314768	78.51
2020-12-09	1811	23	4314768	78.51
2020-12-10	2447	23	4314768	78.51
2020-12-11	2355	22	4314768	78.51
2020-12-12	2806	22	4314768	78.51
2020-12-13	2422	25	4314768	78.51
2020-12-14	1612	26	4314768	78.51
2020-12-15	2368	29	4314768	78.51
2020-12-16	2960	28	4314768	78.51
2020-12-17	3348	42	4314768	78.51
2020-12-18	3015	23	4314768	78.51
2020-12-19	3274	23	4314768	78.51
2020-12-20	2755	39	4314768	78.51
2020-12-21	1699	31	4314768	78.51
2020-12-22	3164	35	4314768	78.51
2020-12-23	3059	32	4314768	78.51
2020-12-24	3413	51	4314768	78.51
2020-12-25	2986	41	4314768	78.51
2020-12-26	2064	43	4314768	78.51
2020-12-27	2633	41	4314768	78.51
2020-12-28	2348	52	4314768	78.51
2020-12-29	4574	41	4314768	78.51
2020-12-30	4465	42	4314768	78.51
2020-12-31	4046	47	4314768	78.51
2021-01-01	2943	42	4314768	78.51
2021-01-02	2031	39	4314768	78.51
2021-01-03	1972	37	4314768	78.51
2021-01-04	2494	57	4314768	78.51
2021-01-05	3540	41	4314768	78.51
2021-01-06	5186	45	4314768	78.51
2021-01-07	4135	38	4314768	78.51
2021-01-08	3946	42	4314768	78.51
2021-01-09	3735	43	4314768	78.51
2021-01-10	2424	49	4314768	78.51
2021-01-11	2157	45	4314768	78.51
2021-01-12	3740	61	4314768	78.51
2021-01-13	3315	33	4314768	78.51
2021-01-14	2877	57	4314768	78.51
2021-01-15	2307	38	4314768	78.51
2021-01-16	2677	49	4314768	78.51
2021-01-17	1750	49	4314768	78.51
2021-01-18	1342	41	4314768	78.51
2021-01-19	2173	36	4314768	78.51
2021-01-20	2243	48	4314768	78.51
2021-01-21	1975	32	4314768	78.51
2021-01-22	2041	36	4314768	78.51
2021-01-23	2058	54	4314768	78.51
2021-01-24	1393	29	4314768	78.51
2021-01-25	914	35	4314768	78.51
2021-01-26	1676	39	4314768	78.51
2021-01-27	1566	39	4314768	78.51
2021-01-28	1408	20	4314768	78.51
2021-01-29	1445	25	4314768	78.51
2021-01-30	1200	23	4314768	78.51
2021-01-31	926	26	4314768	78.51
2021-02-01	724	26	4314768	78.51
2021-02-02	1098	43	4314768	78.51
2021-02-03	1181	27	4314768	78.51
2021-02-04	1107	25	4314768	78.51
2021-02-05	998	35	4314768	78.51
2021-02-06	977	29	4314768	78.51
2021-02-07	627	25	4314768	78.51
2021-02-08	563	26	4314768	78.51
2021-02-09	822	25	4314768	78.51
2021-02-10	891	19	4314768	78.51
2021-02-11	708	22	4314768	78.51
2021-02-12	910	23	4314768	78.51
2021-02-13	707	26	4314768	78.51
2021-02-14	487	15	4314768	78.51
2021-02-15	500	6	4314768	78.51
2021-02-16	572	13	4314768	78.51
2021-02-17	504	17	4314768	78.51
2021-02-18	708	22	4314768	78.51
2021-02-19	876	17	4314768	78.51
2021-02-20	698	16	4314768	78.51
2021-02-21	484	15	4314768	78.51
2021-02-22	566	14	4314768	78.51
2021-02-23	718	16	4314768	78.51
2021-02-24	896	17	4314768	78.51
2021-02-25	682	21	4314768	78.51
2021-02-26	398	10	4314768	78.51
2021-02-27	664	11	4314768	78.51
2021-02-28	470	14	4314768	78.51
2021-03-01	505	13	4314768	78.51
2021-03-02	599	13	4314768	78.51
2021-03-03	722	13	4314768	78.51
2021-03-04	540	11	4314768	78.51
2021-03-05	462	12	4314768	78.51
2021-03-06	734	3	4314768	78.51
2021-03-07	357	13	4314768	78.51
2021-03-08	402	11	4314768	78.51
2021-03-09	523	10	4314768	78.51
2021-03-10	542	13	4314768	78.51
2021-03-11	474	15	4314768	78.51
2021-03-12	451	9	4314768	78.51
2021-03-13	415	6	4314768	78.51
2021-03-14	278	7	4314768	78.51
2021-03-15	236	11	4314768	78.51
2021-03-16	425	4	4314768	78.51
2021-03-17	440	9	4314768	78.51
2021-03-18	485	7	4314768	78.51
2021-03-19	715	10	4314768	78.51
2021-03-20	445	7	4314768	78.51
2021-03-21	326	2	4314768	78.51