2020-03-06	1	0	32971846	76.74
2020-03-07	0	0	32971846	76.74
2020-03-08	5	0	32971846	76.74
2020-03-09	1	0	32971846	76.74
2020-03-10	4	0	32971846	76.74
2020-03-11	0	0	32971846	76.74
2020-03-12	4	0	32971846	76.74
2020-03-13	13	0	32971846	76.74
2020-03-14	10	0	32971846	76.74
2020-03-15	5	0	32971846	76.74
2020-03-16	43	0	32971846	76.74
2020-03-17	31	0	32971846	76.74
2020-03-18	28	0	32971846	76.74
2020-03-19	89	0	32971846	76.74
2020-03-20	0	3	32971846	76.74
2020-03-21	84	2	32971846	76.74
2020-03-22	45	0	32971846	76.74
2020-03-23	32	0	32971846	76.74
2020-03-24	21	2	32971846	76.74
2020-03-25	64	2	32971846	76.74
2020-03-26	100	0	32971846	76.74
2020-03-27	55	2	32971846	76.74
2020-03-28	36	5	32971846	76.74
2020-03-29	181	2	32971846	76.74
2020-03-30	98	6	32971846	76.74
2020-03-31	115	6	32971846	76.74
2020-04-01	258	8	32971846	76.74
2020-04-02	91	17	32971846	76.74
2020-04-03	181	6	32971846	76.74
2020-04-04	151	12	32971846	76.74
2020-04-05	535	10	32971846	76.74
2020-04-06	280	9	32971846	76.74
2020-04-07	393	15	32971846	76.74
2020-04-08	1388	14	32971846	76.74
2020-04-09	914	17	32971846	76.74
2020-04-10	641	31	32971846	76.74
2020-04-11	951	12	32971846	76.74
2020-04-12	671	12	32971846	76.74
2020-04-13	2265	23	32971846	76.74
2020-04-14	519	14	32971846	76.74
2020-04-15	1172	24	32971846	76.74
2020-04-16	1016	20	32971846	76.74
2020-04-17	998	26	32971846	76.74
2020-04-18	931	48	32971846	76.74
2020-04-19	1208	52	32971846	76.74
2020-04-20	697	45	32971846	76.74
2020-04-21	1512	39	32971846	76.74
2020-04-22	1413	46	32971846	76.74
2020-04-23	1664	42	32971846	76.74
2020-04-24	734	62	32971846	76.74
2020-04-25	3683	66	32971846	76.74
2020-04-26	2186	28	32971846	76.74
2020-04-27	1182	54	32971846	76.74
2020-04-28	2491	72	32971846	76.74
2020-04-29	2741	89	32971846	76.74
2020-04-30	3045	108	32971846	76.74
2020-05-01	3483	73	32971846	76.74
2020-05-02	2075	76	32971846	76.74
2020-05-03	3394	86	32971846	76.74
2020-05-04	1444	58	32971846	76.74
2020-05-05	3817	100	32971846	76.74
2020-05-06	3628	89	32971846	76.74
2020-05-07	3709	94	32971846	76.74
2020-05-08	3321	87	32971846	76.74
2020-05-09	3168	100	32971846	76.74
2020-05-10	2292	75	32971846	76.74
2020-05-11	1515	72	32971846	76.74
2020-05-12	3237	96	32971846	76.74
2020-05-13	4247	112	32971846	76.74
2020-05-14	4298	98	32971846	76.74
2020-05-15	3891	125	32971846	76.74
2020-05-16	4046	131	32971846	76.74
2020-05-17	3732	125	32971846	76.74
2020-05-18	2660	141	32971846	76.74
2020-05-19	4550	125	32971846	76.74
2020-05-20	4537	110	32971846	76.74
2020-05-21	4749	124	32971846	76.74
2020-05-22	2929	96	32971846	76.74
2020-05-23	4056	129	32971846	76.74
2020-05-24	4205	83	32971846	76.74
2020-05-25	4020	173	32971846	76.74
2020-05-26	5772	159	32971846	76.74
2020-05-27	6154	195	32971846	76.74
2020-05-28	5874	116	32971846	76.74
2020-05-29	6506	131	32971846	76.74
2020-05-30	7386	141	32971846	76.74
2020-05-31	8805	135	32971846	76.74
2020-06-01	5563	128	32971846	76.74
2020-06-02	8126	133	32971846	76.74
2020-06-03	749	127	32971846	76.74
2020-06-04	4284	137	32971846	76.74
2020-06-05	4202	131	32971846	76.74
2020-06-06	4358	139	32971846	76.74
2020-06-07	4757	164	32971846	76.74
2020-06-08	3181	106	32971846	76.74
2020-06-09	4040	167	32971846	76.74
2020-06-10	5087	165	32971846	76.74
2020-06-11	5965	185	32971846	76.74
2020-06-12	0	0	32971846	76.74
2020-06-13	5961	220	32971846	76.74
2020-06-14	8987	380	32971846	76.74
2020-06-15	3256	172	32971846	76.74
2020-06-16	4164	196	32971846	76.74
2020-06-17	3752	201	32971846	76.74
2020-06-18	3480	204	32971846	76.74
2020-06-19	3537	199	32971846	76.74
2020-06-20	3413	201	32971846	76.74
2020-06-21	3598	184	32971846	76.74
2020-06-22	2511	178	32971846	76.74
2020-06-23	3363	181	32971846	76.74
2020-06-24	3879	182	32971846	76.74
2020-06-25	3913	175	32971846	76.74
2020-06-26	3762	178	32971846	76.74
2020-06-27	3625	196	32971846	76.74
2020-06-28	3430	182	32971846	76.74
2020-06-29	2946	187	32971846	76.74
2020-06-30	2848	173	32971846	76.74
2020-07-01	3264	183	32971846	76.74
2020-07-02	3527	185	32971846	76.74
2020-07-03	3595	181	32971846	76.74
2020-07-04	3481	186	32971846	76.74
2020-07-05	3638	177	32971846	76.74
2020-07-06	2985	183	32971846	76.74
2020-07-07	3575	180	32971846	76.74
2020-07-08	3633	181	32971846	76.74
2020-07-09	3537	181	32971846	76.74
2020-07-10	3198	186	32971846	76.74
2020-07-11	3064	182	32971846	76.74
2020-07-12	3616	188	32971846	76.74
2020-07-13	3797	184	32971846	76.74
2020-07-14	3744	175	32971846	76.74
2020-07-15	3884	188	32971846	76.74
2020-07-16	3835	198	32971846	76.74
2020-07-17	3951	184	32971846	76.74
2020-07-18	3963	199	32971846	76.74
2020-07-19	4090	189	32971846	76.74
2020-07-20	4091	197	32971846	76.74
2020-07-21	4406	195	32971846	76.74
2020-07-22	4463	188	32971846	76.74
2020-07-23	4546	3887	32971846	76.74
2020-07-24	4865	189	32971846	76.74
2020-07-25	0	0	32971846	76.74
2020-07-26	0	0	32971846	76.74
2020-07-27	13756	575	32971846	76.74
2020-07-28	5288	194	32971846	76.74
2020-07-29	5678	204	32971846	76.74
2020-07-30	0	0	32971846	76.74
2020-07-31	6809	205	32971846	76.74
2020-08-01	0	0	32971846	76.74
2020-08-02	21358	593	32971846	76.74
2020-08-03	4250	197	32971846	76.74
2020-08-04	6790	196	32971846	76.74
2020-08-05	7734	221	32971846	76.74
2020-08-06	7785	196	32971846	76.74
2020-08-07	8466	225	32971846	76.74
2020-08-08	0	0	32971846	76.74
2020-08-09	14149	423	32971846	76.74
2020-08-10	5109	204	32971846	76.74
2020-08-11	6547	225	32971846	76.74
2020-08-12	0	0	32971846	76.74
2020-08-13	8875	212	32971846	76.74
2020-08-14	17741	4143	32971846	76.74
2020-08-15	0	0	32971846	76.74
2020-08-16	9507	219	32971846	76.74
2020-08-17	10143	206	32971846	76.74
2020-08-18	5547	200	32971846	76.74
2020-08-19	7828	177	32971846	76.74
2020-08-20	9099	176	32971846	76.74
2020-08-21	8639	200	32971846	76.74
2020-08-22	9008	211	32971846	76.74
2020-08-23	9169	208	32971846	76.74
2020-08-24	9090	210	32971846	76.74
2020-08-25	6112	150	32971846	76.74
2020-08-26	6944	188	32971846	76.74
2020-08-27	5996	123	32971846	76.74
2020-08-28	8619	153	32971846	76.74
2020-08-29	7964	194	32971846	76.74
2020-08-30	9474	136	32971846	76.74
2020-08-31	7731	181	32971846	76.74
2020-09-01	4871	156	32971846	76.74
2020-09-02	5092	124	32971846	76.74
2020-09-03	0	0	32971846	76.74
2020-09-04	13016	337	32971846	76.74
2020-09-05	6703	149	32971846	76.74
2020-09-06	6854	133	32971846	76.74
2020-09-07	6275	151	32971846	76.74
2020-09-08	1598	138	32971846	76.74
2020-09-09	4615	147	32971846	76.74
2020-09-10	6586	113	32971846	76.74
2020-09-11	7291	108	32971846	76.74
2020-09-12	6603	126	32971846	76.74
2020-09-13	6162	56	32971846	76.74
2020-09-14	6787	184	32971846	76.74
2020-09-15	4241	102	32971846	76.74
2020-09-16	4160	115	32971846	76.74
2020-09-17	6380	124	32971846	76.74
2020-09-18	5698	95	32971846	76.74
2020-09-19	6314	137	32971846	76.74
2020-09-20	6453	86	32971846	76.74
2020-09-21	6030	0	32971846	76.74
2020-09-22	0	0	32971846	76.74
2020-09-23	7651	199	32971846	76.74
2020-09-24	6149	302	32971846	76.74
2020-09-25	11889	167	32971846	76.74
2020-09-26	0	0	32971846	76.74
2020-09-27	5558	105	32971846	76.74
2020-09-28	5160	120	32971846	76.74
2020-09-29	3412	62	32971846	76.74
2020-09-30	3054	72	32971846	76.74
2020-10-01	3061	67	32971846	76.74
2020-10-02	3468	72	32971846	76.74
2020-10-03	3267	74	32971846	76.74
2020-10-04	0	0	32971846	76.74
2020-10-05	6605	133	32971846	76.74
2020-10-06	1830	92	32971846	76.74
2020-10-07	2930	80	32971846	76.74
2020-10-08	2733	95	32971846	76.74
2020-10-09	2952	89	32971846	76.74
2020-10-10	7474	125	32971846	76.74
2020-10-11	3283	82	32971846	76.74
2020-10-12	1800	52	32971846	76.74
2020-10-13	2803	62	32971846	76.74
2020-10-14	0	0	32971846	76.74
2020-10-15	5766	158	32971846	76.74
2020-10-16	0	0	32971846	76.74
2020-10-17	2677	71	32971846	76.74
2020-10-18	3132	54	32971846	76.74
2020-10-19	3126	57	32971846	76.74
2020-10-20	2201	61	32971846	76.74
2020-10-21	3242	55	32971846	76.74
2020-10-22	5758	109	32971846	76.74
2020-10-23	0	0	32971846	76.74
2020-10-24	3240	49	32971846	76.74
2020-10-25	5599	116	32971846	76.74
2020-10-26	0	0	32971846	76.74
2020-10-27	1859	48	32971846	76.74
2020-10-28	1923	60	32971846	76.74
2020-10-29	2431	58	32971846	76.74
2020-10-30	2666	47	32971846	76.74
2020-10-31	2586	49	32971846	76.74
2020-11-01	2323	65	32971846	76.74
2020-11-02	0	0	32971846	76.74
2020-11-03	0	0	32971846	76.74
2020-11-04	9284	195	32971846	76.74
2020-11-05	2935	59	32971846	76.74
2020-11-06	0	0	32971846	76.74
2020-11-07	2781	53	32971846	76.74
2020-11-08	2507	38	32971846	76.74
2020-11-09	2323	58	32971846	76.74
2020-11-10	1194	64	32971846	76.74
2020-11-11	1904	49	32971846	76.74
2020-11-12	2575	39	32971846	76.74
2020-11-13	2231	36	32971846	76.74
2020-11-14	2413	39	32971846	76.74
2020-11-15	2249	71	32971846	76.74
2020-11-16	2112	54	32971846	76.74
2020-11-17	1257	40	32971846	76.74
2020-11-18	1663	46	32971846	76.74
2020-11-19	0	0	32971846	76.74
2020-11-20	3986	129	32971846	76.74
2020-11-21	4164	103	32971846	76.74
2020-11-22	0	0	32971846	76.74
2020-11-23	1589	46	32971846	76.74
2020-11-24	887	46	32971846	76.74
2020-11-25	1882	44	32971846	76.74
2020-11-26	0	0	32971846	76.74
2020-11-27	3908	100	32971846	76.74
2020-11-28	4021	94	32971846	76.74
2020-11-29	2162	44	32971846	76.74
2020-11-30	0	0	32971846	76.74
2020-12-01	1075	43	32971846	76.74
2020-12-02	0	0	32971846	76.74
2020-12-03	3470	110	32971846	76.74
2020-12-04	0	0	32971846	76.74
2020-12-05	3785	119	32971846	76.74
2020-12-06	1828	36	32971846	76.74
2020-12-07	1224	43	32971846	76.74
2020-12-08	0	0	32971846	76.74
2020-12-09	2709	127	32971846	76.74
2020-12-10	2490	98	32971846	76.74
2020-12-11	0	0	32971846	76.74
2020-12-12	1832	45	32971846	76.74
2020-12-13	0	0	32971846	76.74
2020-12-14	4030	133	32971846	76.74
2020-12-15	1157	77	32971846	76.74
2020-12-16	0	0	32971846	76.74
2020-12-17	3327	104	32971846	76.74
2020-12-18	0	0	32971846	76.74
2020-12-19	0	0	32971846	76.74
2020-12-20	6442	176	32971846	76.74
2020-12-21	1618	69	32971846	76.74
2020-12-22	958	70	32971846	76.74
2020-12-23	1678	45	32971846	76.74
2020-12-24	0	0	32971846	76.74
2020-12-25	3829	99	32971846	76.74
2020-12-26	1564	51	32971846	76.74
2020-12-27	0	0	32971846	76.74
2020-12-28	2111	106	32971846	76.74
2020-12-29	1251	51	32971846	76.74
2020-12-30	1588	49	32971846	76.74
2020-12-31	4641	106	32971846	76.74
2021-01-01	0	0	32971846	76.74
2021-01-02	0	0	32971846	76.74
2021-01-03	2962	93	32971846	76.74
2021-01-04	1376	57	32971846	76.74
2021-01-05	0	0	32971846	76.74
2021-01-06	2543	95	32971846	76.74
2021-01-07	0	0	32971846	76.74
2021-01-08	4162	124	32971846	76.74
2021-01-09	0	0	32971846	76.74
2021-01-10	0	0	32971846	76.74
2021-01-11	9004	231	32971846	76.74
2021-01-12	2166	55	32971846	76.74
2021-01-13	2881	64	32971846	76.74
2021-01-14	0	0	32971846	76.74
2021-01-15	15792	255	32971846	76.74
2021-01-16	0	0	32971846	76.74
2021-01-17	4544	116	32971846	76.74
2021-01-18	0	0	32971846	76.74
2021-01-19	0	0	32971846	76.74
2021-01-20	12647	274	32971846	76.74
2021-01-21	0	0	32971846	76.74
2021-01-22	9693	230	32971846	76.74
2021-01-23	0	0	32971846	76.74
2021-01-24	11031	334	32971846	76.74
2021-01-25	0	0	32971846	76.74
2021-01-26	13301	499	32971846	76.74
2021-01-27	0	0	32971846	76.74
2021-01-28	6731	165	32971846	76.74
2021-01-29	5715	212	32971846	76.74
2021-01-30	13337	373	32971846	76.74
2021-01-31	5217	169	32971846	76.74
2021-02-01	0	0	32971846	76.74
2021-02-02	4477	155	32971846	76.74
2021-02-03	15621	357	32971846	76.74
2021-02-04	0	0	32971846	76.74
2021-02-05	6715	215	32971846	76.74
2021-02-06	7993	180	32971846	76.74
2021-02-07	13653	375	32971846	76.74
2021-02-08	0	0	32971846	76.74
2021-02-09	10080	318	32971846	76.74
2021-02-10	0	0	32971846	76.74
2021-02-11	6724	419	32971846	76.74
2021-02-12	8807	0	32971846	76.74
2021-02-13	8439	210	32971846	76.74
2021-02-14	14550	448	32971846	76.74
2021-02-15	3203	177	32971846	76.74
2021-02-16	0	0	32971846	76.74
2021-02-17	6228	176	32971846	76.74
2021-02-18	7408	252	32971846	76.74
2021-02-19	9667	181	32971846	76.74
2021-02-20	7719	201	32971846	76.74
2021-02-21	13786	407	32971846	76.74
2021-02-22	0	0	32971846	76.74
2021-02-23	3448	166	32971846	76.74
2021-02-24	6740	224	32971846	76.74
2021-02-25	7302	196	32971846	76.74
2021-02-26	15564	411	32971846	76.74
2021-02-27	7500	205	32971846	76.74
2021-02-28	0	0	32971846	76.74
2021-03-01	5942	195	32971846	76.74
2021-03-02	8492	400	32971846	76.74
2021-03-03	0	0	32971846	76.74
2021-03-04	6672	195	32971846	76.74
2021-03-05	4878	217	32971846	76.74
2021-03-06	8447	185	32971846	76.74
2021-03-07	6670	190	32971846	76.74
2021-03-08	6212	173	32971846	76.74
2021-03-09	8847	309	32971846	76.74
2021-03-10	0	0	32971846	76.74
2021-03-11	7434	160	32971846	76.74
2021-03-12	7114	161	32971846	76.74
2021-03-13	8039	180	32971846	76.74
2021-03-14	5353	177	32971846	76.74
2021-03-15	4443	162	32971846	76.74
2021-03-16	6568	174	32971846	76.74
2021-03-17	16624	346	32971846	76.74
2021-03-18	0	0	32971846	76.74
2021-03-19	16047	374	32971846	76.74
2021-03-20	0	0	32971846	76.74
2021-03-21	14681	301	32971846	76.74
