2020-03-04	1	0	37846605	78.73
2020-03-05	0	0	37846605	78.73
2020-03-06	4	0	37846605	78.73
2020-03-07	0	0	37846605	78.73
2020-03-08	6	0	37846605	78.73
2020-03-09	5	0	37846605	78.73
2020-03-10	6	0	37846605	78.73
2020-03-11	9	0	37846605	78.73
2020-03-12	18	1	37846605	78.73
2020-03-13	19	1	37846605	78.73
2020-03-14	35	1	37846605	78.73
2020-03-15	16	0	37846605	78.73
2020-03-16	58	1	37846605	78.73
2020-03-17	61	1	37846605	78.73
2020-03-18	13	0	37846605	78.73
2020-03-19	104	0	37846605	78.73
2020-03-20	70	0	37846605	78.73
2020-03-21	111	0	37846605	78.73
2020-03-22	98	2	37846605	78.73
2020-03-23	115	1	37846605	78.73
2020-03-24	152	2	37846605	78.73
2020-03-25	150	4	37846605	78.73
2020-03-26	170	2	37846605	78.73
2020-03-27	168	0	37846605	78.73
2020-03-28	249	2	37846605	78.73
2020-03-29	224	4	37846605	78.73
2020-03-30	193	9	37846605	78.73
2020-03-31	256	2	37846605	78.73
2020-04-01	243	10	37846605	78.73
2020-04-02	392	14	37846605	78.73
2020-04-03	437	14	37846605	78.73
2020-04-04	244	8	37846605	78.73
2020-04-05	475	15	37846605	78.73
2020-04-06	311	13	37846605	78.73
2020-04-07	435	22	37846605	78.73
2020-04-08	357	30	37846605	78.73
2020-04-09	370	15	37846605	78.73
2020-04-10	380	7	37846605	78.73
2020-04-11	401	27	37846605	78.73
2020-04-12	318	24	37846605	78.73
2020-04-13	260	13	37846605	78.73
2020-04-14	268	18	37846605	78.73
2020-04-15	380	23	37846605	78.73
2020-04-16	336	28	37846605	78.73
2020-04-17	461	18	37846605	78.73
2020-04-18	363	15	37846605	78.73
2020-04-19	545	13	37846605	78.73
2020-04-20	306	20	37846605	78.73
2020-04-21	263	21	37846605	78.73
2020-04-22	313	25	37846605	78.73
2020-04-23	342	28	37846605	78.73
2020-04-24	381	40	37846605	78.73
2020-04-25	381	30	37846605	78.73
2020-04-26	344	11	37846605	78.73
2020-04-27	285	27	37846605	78.73
2020-04-28	316	34	37846605	78.73
2020-04-29	422	28	37846605	78.73
2020-04-30	237	20	37846605	78.73
2020-05-01	228	7	37846605	78.73
2020-05-02	270	13	37846605	78.73
2020-05-03	318	14	37846605	78.73
2020-05-04	313	20	37846605	78.73
2020-05-05	425	18	37846605	78.73
2020-05-06	309	17	37846605	78.73
2020-05-07	307	22	37846605	78.73
2020-05-08	319	21	37846605	78.73
2020-05-09	285	9	37846605	78.73
2020-05-10	345	15	37846605	78.73
2020-05-11	330	11	37846605	78.73
2020-05-12	595	28	37846605	78.73
2020-05-13	283	22	37846605	78.73
2020-05-14	411	22	37846605	78.73
2020-05-15	401	24	37846605	78.73
2020-05-16	241	8	37846605	78.73
2020-05-17	272	10	37846605	78.73
2020-05-18	356	11	37846605	78.73
2020-05-19	383	12	37846605	78.73
2020-05-20	471	14	37846605	78.73
2020-05-21	404	10	37846605	78.73
2020-05-22	476	10	37846605	78.73
2020-05-23	312	11	37846605	78.73
2020-05-24	395	3	37846605	78.73
2020-05-25	305	11	37846605	78.73
2020-05-26	443	17	37846605	78.73
2020-05-27	399	4	37846605	78.73
2020-05-28	352	10	37846605	78.73
2020-05-29	330	13	37846605	78.73
2020-05-30	416	10	37846605	78.73
2020-05-31	215	3	37846605	78.73
2020-06-01	379	10	37846605	78.73
2020-06-02	230	18	37846605	78.73
2020-06-03	292	23	37846605	78.73
2020-06-04	361	2	37846605	78.73
2020-06-05	362	20	37846605	78.73
2020-06-06	576	16	37846605	78.73
2020-06-07	575	4	37846605	78.73
2020-06-08	599	9	37846605	78.73
2020-06-09	400	17	37846605	78.73
2020-06-10	282	23	37846605	78.73
2020-06-11	359	9	37846605	78.73
2020-06-12	376	7	37846605	78.73
2020-06-13	440	15	37846605	78.73
2020-06-14	375	10	37846605	78.73
2020-06-15	396	9	37846605	78.73
2020-06-16	407	16	37846605	78.73
2020-06-17	506	14	37846605	78.73
2020-06-18	314	30	37846605	78.73
2020-06-19	301	18	37846605	78.73
2020-06-20	304	12	37846605	78.73
2020-06-21	311	10	37846605	78.73
2020-06-22	296	3	37846605	78.73
2020-06-23	300	16	37846605	78.73
2020-06-24	294	21	37846605	78.73
2020-06-25	298	16	37846605	78.73
2020-06-26	276	17	37846605	78.73
2020-06-27	319	6	37846605	78.73
2020-06-28	193	3	37846605	78.73
2020-06-29	247	6	37846605	78.73
2020-06-30	239	19	37846605	78.73
2020-07-01	382	14	37846605	78.73
2020-07-02	371	15	37846605	78.73
2020-07-03	259	15	37846605	78.73
2020-07-04	314	5	37846605	78.73
2020-07-05	231	5	37846605	78.73
2020-07-06	205	4	37846605	78.73
2020-07-07	257	7	37846605	78.73
2020-07-08	277	14	37846605	78.73
2020-07-09	262	9	37846605	78.73
2020-07-10	265	11	37846605	78.73
2020-07-11	305	6	37846605	78.73
2020-07-12	370	3	37846605	78.73
2020-07-13	299	5	37846605	78.73
2020-07-14	267	12	37846605	78.73
2020-07-15	264	6	37846605	78.73
2020-07-16	333	11	37846605	78.73
2020-07-17	353	7	37846605	78.73
2020-07-18	339	6	37846605	78.73
2020-07-19	358	6	37846605	78.73
2020-07-20	279	3	37846605	78.73
2020-07-21	399	9	37846605	78.73
2020-07-22	380	6	37846605	78.73
2020-07-23	418	9	37846605	78.73
2020-07-24	458	4	37846605	78.73
2020-07-25	584	9	37846605	78.73
2020-07-26	443	7	37846605	78.73
2020-07-27	337	5	37846605	78.73
2020-07-28	502	6	37846605	78.73
2020-07-29	512	12	37846605	78.73
2020-07-30	615	15	37846605	78.73
2020-07-31	657	7	37846605	78.73
2020-08-01	658	5	37846605	78.73
2020-08-02	548	10	37846605	78.73
2020-08-03	575	1	37846605	78.73
2020-08-04	680	6	37846605	78.73
2020-08-05	640	18	37846605	78.73
2020-08-06	726	18	37846605	78.73
2020-08-07	809	13	37846605	78.73
2020-08-08	843	13	37846605	78.73
2020-08-09	624	7	37846605	78.73
2020-08-10	619	2	37846605	78.73
2020-08-11	551	12	37846605	78.73
2020-08-12	715	9	37846605	78.73
2020-08-13	811	14	37846605	78.73
2020-08-14	832	14	37846605	78.73
2020-08-15	771	11	37846605	78.73
2020-08-16	594	8	37846605	78.73
2020-08-17	595	8	37846605	78.73
2020-08-18	597	11	37846605	78.73
2020-08-19	735	17	37846605	78.73
2020-08-20	767	12	37846605	78.73
2020-08-21	903	13	37846605	78.73
2020-08-22	900	13	37846605	78.73
2020-08-23	581	4	37846605	78.73
2020-08-24	548	5	37846605	78.73
2020-08-25	763	17	37846605	78.73
2020-08-26	729	17	37846605	78.73
2020-08-27	887	16	37846605	78.73
2020-08-28	791	8	37846605	78.73
2020-08-29	759	14	37846605	78.73
2020-08-30	631	1	37846605	78.73
2020-08-31	502	6	37846605	78.73
2020-09-01	550	19	37846605	78.73
2020-09-02	595	20	37846605	78.73
2020-09-03	612	14	37846605	78.73
2020-09-04	691	8	37846605	78.73
2020-09-05	567	13	37846605	78.73
2020-09-06	437	7	37846605	78.73
2020-09-07	302	4	37846605	78.73
2020-09-08	400	12	37846605	78.73
2020-09-09	421	11	37846605	78.73
2020-09-10	506	12	37846605	78.73
2020-09-11	594	10	37846605	78.73
2020-09-12	603	13	37846605	78.73
2020-09-13	502	6	37846605	78.73
2020-09-14	377	15	37846605	78.73
2020-09-15	605	24	37846605	78.73
2020-09-16	600	10	37846605	78.73
2020-09-17	837	16	37846605	78.73
2020-09-18	757	17	37846605	78.73
2020-09-19	1002	12	37846605	78.73
2020-09-20	910	11	37846605	78.73
2020-09-21	748	5	37846605	78.73
2020-09-22	711	18	37846605	78.73
2020-09-23	974	28	37846605	78.73
2020-09-24	1136	25	37846605	78.73
2020-09-25	1587	23	37846605	78.73
2020-09-26	1584	32	37846605	78.73
2020-09-27	1350	8	37846605	78.73
2020-09-28	1306	15	37846605	78.73
2020-09-29	1326	36	37846605	78.73
2020-09-30	1552	30	37846605	78.73
2020-10-01	1967	30	37846605	78.73
2020-10-02	2292	27	37846605	78.73
2020-10-03	2367	34	37846605	78.73
2020-10-04	1934	26	37846605	78.73
2020-10-05	2006	29	37846605	78.73
2020-10-06	2236	58	37846605	78.73
2020-10-07	3003	75	37846605	78.73
2020-10-08	4280	75	37846605	78.73
2020-10-09	4739	52	37846605	78.73
2020-10-10	5300	53	37846605	78.73
2020-10-11	4178	32	37846605	78.73
2020-10-12	4394	35	37846605	78.73
2020-10-13	5068	62	37846605	78.73
2020-10-14	6526	116	37846605	78.73
2020-10-15	8099	91	37846605	78.73
2020-10-16	7705	132	37846605	78.73
2020-10-17	9622	84	37846605	78.73
2020-10-18	8536	49	37846605	78.73
2020-10-19	7482	41	37846605	78.73
2020-10-20	9291	107	37846605	78.73
2020-10-21	10040	130	37846605	78.73
2020-10-22	12107	168	37846605	78.73
2020-10-23	13632	153	37846605	78.73
2020-10-24	13628	179	37846605	78.73
2020-10-25	11742	87	37846605	78.73
2020-10-26	10241	45	37846605	78.73
2020-10-27	16300	132	37846605	78.73
2020-10-28	18820	234	37846605	78.73
2020-10-29	20156	300	37846605	78.73
2020-10-30	21629	202	37846605	78.73
2020-10-31	21897	280	37846605	78.73
2020-11-01	17171	152	37846605	78.73
2020-11-02	15578	92	37846605	78.73
2020-11-03	19364	227	37846605	78.73
2020-11-04	24692	373	37846605	78.73
2020-11-05	27143	367	37846605	78.73
2020-11-06	27086	445	37846605	78.73
2020-11-07	27875	349	37846605	78.73
2020-11-08	24785	236	37846605	78.73
2020-11-09	21713	173	37846605	78.73
2020-11-10	25454	330	37846605	78.73
2020-11-11	25221	430	37846605	78.73
2020-11-12	22683	275	37846605	78.73
2020-11-13	24051	419	37846605	78.73
2020-11-14	25571	546	37846605	78.73
2020-11-15	21854	303	37846605	78.73
2020-11-16	20816	143	37846605	78.73
2020-11-17	19152	357	37846605	78.73
2020-11-18	19883	603	37846605	78.73
2020-11-19	23975	637	37846605	78.73
2020-11-20	22464	626	37846605	78.73
2020-11-21	24213	574	37846605	78.73
2020-11-22	17856	330	37846605	78.73
2020-11-23	15002	156	37846605	78.73
2020-11-24	32733	540	37846605	78.73
2020-11-25	15356	674	37846605	78.73
2020-11-26	16690	580	37846605	78.73
2020-11-27	17304	579	37846605	78.73
2020-11-28	15177	599	37846605	78.73
2020-11-29	11482	283	37846605	78.73
2020-11-30	5736	121	37846605	78.73
2020-12-01	9113	449	37846605	78.73
2020-12-02	13823	609	37846605	78.73
2020-12-03	14863	620	37846605	78.73
2020-12-04	13236	531	37846605	78.73
2020-12-05	12427	502	37846605	78.73
2020-12-06	9176	228	37846605	78.73
2020-12-07	4421	92	37846605	78.73
2020-12-08	8310	411	37846605	78.73
2020-12-09	12166	568	37846605	78.73
2020-12-10	13750	470	37846605	78.73
2020-12-11	13105	544	37846605	78.73
2020-12-12	11499	502	37846605	78.73
2020-12-13	8976	188	37846605	78.73
2020-12-14	4896	96	37846605	78.73
2020-12-15	6874	349	37846605	78.73
2020-12-16	12455	605	37846605	78.73
2020-12-17	11953	431	37846605	78.73
2020-12-18	11010	426	37846605	78.73
2020-12-19	11246	483	37846605	78.73
2020-12-20	8590	143	37846605	78.73
2020-12-21	4633	77	37846605	78.73
2020-12-22	7192	309	37846605	78.73
2020-12-23	12358	472	37846605	78.73
2020-12-24	13115	497	37846605	78.73
2020-12-25	9081	240	37846605	78.73
2020-12-26	4878	69	37846605	78.73
2020-12-27	3842	57	37846605	78.73
2020-12-28	3211	29	37846605	78.73
2020-12-29	7624	307	37846605	78.73
2020-12-30	12780	565	37846605	78.73
2020-12-31	13464	535	37846605	78.73
2021-01-01	10896	402	37846605	78.73
2021-01-02	7006	102	37846605	78.73
2021-01-03	5782	61	37846605	78.73
2021-01-04	4385	42	37846605	78.73
2021-01-05	7596	341	37846605	78.73
2021-01-06	14220	553	37846605	78.73
2021-01-07	12119	186	37846605	78.73
2021-01-08	8763	333	37846605	78.73
2021-01-09	10744	437	37846605	78.73
2021-01-10	9133	178	37846605	78.73
2021-01-11	4863	75	37846605	78.73
2021-01-12	5394	329	37846605	78.73
2021-01-13	9126	481	37846605	78.73
2021-01-14	9457	382	37846605	78.73
2021-01-15	7958	388	37846605	78.73
2021-01-16	7292	369	37846605	78.73
2021-01-17	5970	142	37846605	78.73
2021-01-18	3332	52	37846605	78.73
2021-01-19	4890	291	37846605	78.73
2021-01-20	6943	443	37846605	78.73
2021-01-21	7008	420	37846605	78.73
2021-01-22	6693	347	37846605	78.73
2021-01-23	6431	345	37846605	78.73
2021-01-24	4566	110	37846605	78.73
2021-01-25	2674	38	37846605	78.73
2021-01-26	4603	264	37846605	78.73
2021-01-27	6790	389	37846605	78.73
2021-01-28	7153	389	37846605	78.73
2021-01-29	6145	337	37846605	78.73
2021-01-30	5864	302	37846605	78.73
2021-01-31	4711	98	37846605	78.73
2021-02-01	2504	42	37846605	78.73
2021-02-02	4326	254	37846605	78.73
2021-02-03	6801	421	37846605	78.73
2021-02-04	6495	447	37846605	78.73
2021-02-05	6053	368	37846605	78.73
2021-02-06	5966	282	37846605	78.73
2021-02-07	4725	93	37846605	78.73
2021-02-08	2431	45	37846605	78.73
2021-02-09	3999	228	37846605	78.73
2021-02-10	6960	361	37846605	78.73
2021-02-11	7013	456	37846605	78.73
2021-02-12	6378	247	37846605	78.73
2021-02-13	6585	285	37846605	78.73
2021-02-14	5334	98	37846605	78.73
2021-02-15	2542	25	37846605	78.73
2021-02-16	5176	196	37846605	78.73
2021-02-17	8699	280	37846605	78.73
2021-02-18	9074	274	37846605	78.73
2021-02-19	8772	241	37846605	78.73
2021-02-20	8509	254	37846605	78.73
2021-02-21	7040	94	37846605	78.73
2021-02-22	3891	17	37846605	78.73
2021-02-23	6304	248	37846605	78.73
2021-02-24	12147	372	37846605	78.73
2021-02-25	12143	286	37846605	78.73
2021-02-26	11536	259	37846605	78.73
2021-02-27	12097	303	37846605	78.73
2021-02-28	10101	113	37846605	78.73
2021-03-01	4786	24	37846605	78.73
2021-03-02	7936	215	37846605	78.73
2021-03-03	15698	352	37846605	78.73
2021-03-04	15253	289	37846605	78.73
2021-03-05	15831	263	37846605	78.73
2021-03-06	14855	247	37846605	78.73
2021-03-07	13569	126	37846605	78.73
2021-03-08	6169	32	37846605	78.73
2021-03-09	9953	282	37846605	78.73
2021-03-10	17277	398	37846605	78.73
2021-03-11	21111	376	37846605	78.73
2021-03-12	18873	351	37846605	78.73
2021-03-13	21063	344	37846605	78.73
2021-03-14	17272	110	37846605	78.73
2021-03-15	10895	28	37846605	78.73
2021-03-16	14394	372	37846605	78.73
2021-03-17	25053	454	37846605	78.73
2021-03-18	27274	356	37846605	78.73
2021-03-19	25996	419	37846605	78.73
2021-03-20	26456	352	37846605	78.73
2021-03-21	21850	141	37846605	78.73
