2020-03-01	0	0	10196707	82.05
2020-03-02	2	0	10196707	82.05
2020-03-03	0	0	10196707	82.05
2020-03-04	3	0	10196707	82.05
2020-03-05	3	0	10196707	82.05
2020-03-06	5	0	10196707	82.05
2020-03-07	7	0	10196707	82.05
2020-03-08	10	0	10196707	82.05
2020-03-09	0	0	10196707	82.05
2020-03-10	11	0	10196707	82.05
2020-03-11	18	0	10196707	82.05
2020-03-12	0	0	10196707	82.05
2020-03-13	53	0	10196707	82.05
2020-03-14	57	0	10196707	82.05
2020-03-15	76	0	10196707	82.05
2020-03-16	86	0	10196707	82.05
2020-03-17	117	1	10196707	82.05
2020-03-18	0	1	10196707	82.05
2020-03-19	337	1	10196707	82.05
2020-03-20	235	3	10196707	82.05
2020-03-21	260	6	10196707	82.05
2020-03-22	320	2	10196707	82.05
2020-03-23	460	9	10196707	82.05
2020-03-24	302	10	10196707	82.05
2020-03-25	633	10	10196707	82.05
2020-03-26	549	17	10196707	82.05
2020-03-27	724	16	10196707	82.05
2020-03-28	902	24	10196707	82.05
2020-03-29	792	19	10196707	82.05
2020-03-30	446	21	10196707	82.05
2020-03-31	1035	20	10196707	82.05
2020-04-01	808	27	10196707	82.05
2020-04-02	783	22	10196707	82.05
2020-04-03	852	37	10196707	82.05
2020-04-04	638	20	10196707	82.05
2020-04-05	754	29	10196707	82.05
2020-04-06	452	16	10196707	82.05
2020-04-07	712	34	10196707	82.05
2020-04-08	699	35	10196707	82.05
2020-04-09	815	29	10196707	82.05
2020-04-10	1516	26	10196707	82.05
2020-04-11	515	35	10196707	82.05
2020-04-12	598	34	10196707	82.05
2020-04-13	349	31	10196707	82.05
2020-04-14	514	32	10196707	82.05
2020-04-15	643	32	10196707	82.05
2020-04-16	750	30	10196707	82.05
2020-04-17	181	28	10196707	82.05
2020-04-18	663	30	10196707	82.05
2020-04-19	521	27	10196707	82.05
2020-04-20	657	21	10196707	82.05
2020-04-21	516	27	10196707	82.05
2020-04-22	603	23	10196707	82.05
2020-04-23	371	35	10196707	82.05
2020-04-24	444	34	10196707	82.05
2020-04-25	595	26	10196707	82.05
2020-04-26	472	23	10196707	82.05
2020-04-27	163	25	10196707	82.05
2020-04-28	295	20	10196707	82.05
2020-04-29	183	25	10196707	82.05
2020-04-30	540	16	10196707	82.05
2020-05-01	306	18	10196707	82.05
2020-05-02	-161	16	10196707	82.05
2020-05-03	92	20	10196707	82.05
2020-05-04	242	20	10196707	82.05
2020-05-05	178	11	10196707	82.05
2020-05-06	480	15	10196707	82.05
2020-05-07	533	16	10196707	82.05
2020-05-08	553	9	10196707	82.05
2020-05-09	138	12	10196707	82.05
2020-05-10	175	9	10196707	82.05
2020-05-11	98	9	10196707	82.05
2020-05-12	234	19	10196707	82.05
2020-05-13	219	12	10196707	82.05
2020-05-14	187	9	10196707	82.05
2020-05-15	264	6	10196707	82.05
2020-05-16	227	13	10196707	82.05
2020-05-17	226	15	10196707	82.05
2020-05-18	173	13	10196707	82.05
2020-05-19	223	16	10196707	82.05
2020-05-20	228	16	10196707	82.05
2020-05-21	252	14	10196707	82.05
2020-05-22	288	12	10196707	82.05
2020-05-23	271	13	10196707	82.05
2020-05-24	152	14	10196707	82.05
2020-05-25	165	14	10196707	82.05
2020-05-26	219	12	10196707	82.05
2020-05-27	285	14	10196707	82.05
2020-05-28	304	13	10196707	82.05
2020-05-29	350	14	10196707	82.05
2020-05-30	257	13	10196707	82.05
2020-05-31	297	14	10196707	82.05
2020-06-01	200	14	10196707	82.05
2020-06-02	195	12	10196707	82.05
2020-06-03	366	11	10196707	82.05
2020-06-04	331	8	10196707	82.05
2020-06-05	377	10	10196707	82.05
2020-06-06	382	9	10196707	82.05
2020-06-07	342	5	10196707	82.05
2020-06-08	192	6	10196707	82.05
2020-06-09	421	7	10196707	82.05
2020-06-10	294	5	10196707	82.05
2020-06-11	310	7	10196707	82.05
2020-06-12	270	1	10196707	82.05
2020-06-13	283	7	10196707	82.05
2020-06-14	227	5	10196707	82.05
2020-06-15	346	3	10196707	82.05
2020-06-16	300	2	10196707	82.05
2020-06-17	336	1	10196707	82.05
2020-06-18	417	1	10196707	82.05
2020-06-19	375	3	10196707	82.05
2020-06-20	377	1	10196707	82.05
2020-06-21	292	2	10196707	82.05
2020-06-22	259	4	10196707	82.05
2020-06-23	345	6	10196707	82.05
2020-06-24	367	3	10196707	82.05
2020-06-25	311	6	10196707	82.05
2020-06-26	451	6	10196707	82.05
2020-06-27	323	6	10196707	82.05
2020-06-28	457	3	10196707	82.05
2020-06-29	266	4	10196707	82.05
2020-06-30	229	8	10196707	82.05
2020-07-01	313	3	10196707	82.05
2020-07-02	328	8	10196707	82.05
2020-07-03	374	11	10196707	82.05
2020-07-04	413	7	10196707	82.05
2020-07-05	328	9	10196707	82.05
2020-07-06	232	6	10196707	82.05
2020-07-07	287	9	10196707	82.05
2020-07-08	443	2	10196707	82.05
2020-07-09	418	13	10196707	82.05
2020-07-10	402	2	10196707	82.05
2020-07-11	542	8	10196707	82.05
2020-07-12	291	6	10196707	82.05
2020-07-13	306	2	10196707	82.05
2020-07-14	233	6	10196707	82.05
2020-07-15	375	8	10196707	82.05
2020-07-16	339	3	10196707	82.05
2020-07-17	312	3	10196707	82.05
2020-07-18	313	2	10196707	82.05
2020-07-19	246	5	10196707	82.05
2020-07-20	135	2	10196707	82.05
2020-07-21	127	6	10196707	82.05
2020-07-22	252	5	10196707	82.05
2020-07-23	229	3	10196707	82.05
2020-07-24	313	7	10196707	82.05
2020-07-25	263	4	10196707	82.05
2020-07-26	209	1	10196707	82.05
2020-07-27	135	2	10196707	82.05
2020-07-28	111	3	10196707	82.05
2020-07-29	203	3	10196707	82.05
2020-07-30	255	2	10196707	82.05
2020-07-31	204	8	10196707	82.05
2020-08-01	238	2	10196707	82.05
2020-08-02	153	1	10196707	82.05
2020-08-03	106	0	10196707	82.05
2020-08-04	112	1	10196707	82.05
2020-08-05	167	1	10196707	82.05
2020-08-06	213	3	10196707	82.05
2020-08-07	290	3	10196707	82.05
2020-08-08	186	4	10196707	82.05
2020-08-09	131	6	10196707	82.05
2020-08-10	157	3	10196707	82.05
2020-08-11	120	2	10196707	82.05
2020-08-12	278	3	10196707	82.05
2020-08-13	325	6	10196707	82.05
2020-08-14	235	2	10196707	82.05
2020-08-15	198	3	10196707	82.05
2020-08-16	121	3	10196707	82.05
2020-08-17	132	1	10196707	82.05
2020-08-18	214	5	10196707	82.05
2020-08-19	253	2	10196707	82.05
2020-08-20	291	2	10196707	82.05
2020-08-21	219	4	10196707	82.05
2020-08-22	241	2	10196707	82.05
2020-08-23	145	2	10196707	82.05
2020-08-24	123	5	10196707	82.05
2020-08-25	192	4	10196707	82.05
2020-08-26	362	2	10196707	82.05
2020-08-27	399	2	10196707	82.05
2020-08-28	401	6	10196707	82.05
2020-08-29	374	3	10196707	82.05
2020-08-30	320	1	10196707	82.05
2020-08-31	244	3	10196707	82.05
2020-09-01	231	2	10196707	82.05
2020-09-02	390	3	10196707	82.05
2020-09-03	418	2	10196707	82.05
2020-09-04	406	4	10196707	82.05
2020-09-05	486	5	10196707	82.05
2020-09-06	315	2	10196707	82.05
2020-09-07	249	3	10196707	82.05
2020-09-08	388	3	10196707	82.05
2020-09-09	646	3	10196707	82.05
2020-09-10	585	3	10196707	82.05
2020-09-11	687	3	10196707	82.05
2020-09-12	497	5	10196707	82.05
2020-09-13	673	7	10196707	82.05
2020-09-14	613	4	10196707	82.05
2020-09-15	425	4	10196707	82.05
2020-09-16	605	3	10196707	82.05
2020-09-17	770	10	10196707	82.05
2020-09-18	780	6	10196707	82.05
2020-09-19	849	5	10196707	82.05
2020-09-20	552	13	10196707	82.05
2020-09-21	623	8	10196707	82.05
2020-09-22	463	5	10196707	82.05
2020-09-23	802	3	10196707	82.05
2020-09-24	691	3	10196707	82.05
2020-09-25	899	5	10196707	82.05
2020-09-26	884	8	10196707	82.05
2020-09-27	665	9	10196707	82.05
2020-09-28	425	4	10196707	82.05
2020-09-29	688	6	10196707	82.05
2020-09-30	825	8	10196707	82.05
2020-10-01	854	6	10196707	82.05
2020-10-02	888	6	10196707	82.05
2020-10-03	963	12	10196707	82.05
2020-10-04	904	10	10196707	82.05
2020-10-05	734	13	10196707	82.05
2020-10-06	427	14	10196707	82.05
2020-10-07	944	8	10196707	82.05
2020-10-08	1278	10	10196707	82.05
2020-10-09	1394	12	10196707	82.05
2020-10-10	1646	5	10196707	82.05
2020-10-11	1090	13	10196707	82.05
2020-10-12	1249	14	10196707	82.05
2020-10-13	1208	16	10196707	82.05
2020-10-14	2072	7	10196707	82.05
2020-10-15	2101	11	10196707	82.05
2020-10-16	2608	21	10196707	82.05
2020-10-17	2153	13	10196707	82.05
2020-10-18	1856	19	10196707	82.05
2020-10-19	1949	17	10196707	82.05
2020-10-20	1876	15	10196707	82.05
2020-10-21	2535	16	10196707	82.05
2020-10-22	3270	16	10196707	82.05
2020-10-23	2899	31	10196707	82.05
2020-10-24	3669	21	10196707	82.05
2020-10-25	2577	19	10196707	82.05
2020-10-26	2447	27	10196707	82.05
2020-10-27	3299	28	10196707	82.05
2020-10-28	3960	24	10196707	82.05
2020-10-29	4224	33	10196707	82.05
2020-10-30	4656	40	10196707	82.05
2020-10-31	4007	39	10196707	82.05
2020-11-01	3062	37	10196707	82.05
2020-11-02	2506	46	10196707	82.05
2020-11-03	2596	45	10196707	82.05
2020-11-04	7497	59	10196707	82.05
2020-11-05	4410	46	10196707	82.05
2020-11-06	5550	52	10196707	82.05
2020-11-07	6640	56	10196707	82.05
2020-11-08	5784	48	10196707	82.05
2020-11-09	4096	63	10196707	82.05
2020-11-10	3817	62	10196707	82.05
2020-11-11	4935	82	10196707	82.05
2020-11-12	5839	78	10196707	82.05
2020-11-13	6653	69	10196707	82.05
2020-11-14	6602	55	10196707	82.05
2020-11-15	6035	76	10196707	82.05
2020-11-16	8371	91	10196707	82.05
2020-11-17	4452	81	10196707	82.05
2020-11-18	5891	79	10196707	82.05
2020-11-19	6994	69	10196707	82.05
2020-11-20	6489	61	10196707	82.05
2020-11-21	6472	62	10196707	82.05
2020-11-22	4788	73	10196707	82.05
2020-11-23	4044	74	10196707	82.05
2020-11-24	3919	85	10196707	82.05
2020-11-25	5290	71	10196707	82.05
2020-11-26	6383	82	10196707	82.05
2020-11-27	5444	67	10196707	82.05
2020-11-28	4868	87	10196707	82.05
2020-11-29	4093	64	10196707	82.05
2020-11-30	3262	78	10196707	82.05
2020-12-01	2401	72	10196707	82.05
2020-12-02	3384	68	10196707	82.05
2020-12-03	3772	79	10196707	82.05
2020-12-04	4935	79	10196707	82.05
2020-12-05	6087	73	10196707	82.05
2020-12-06	3834	87	10196707	82.05
2020-12-07	2597	78	10196707	82.05
2020-12-08	2905	81	10196707	82.05
2020-12-09	4097	70	10196707	82.05
2020-12-10	3134	86	10196707	82.05
2020-12-11	5080	95	10196707	82.05
2020-12-12	4413	88	10196707	82.05
2020-12-13	4044	98	10196707	82.05
2020-12-14	2194	90	10196707	82.05
2020-12-15	2638	84	10196707	82.05
2020-12-16	4720	82	10196707	82.05
2020-12-17	4320	87	10196707	82.05
2020-12-18	4336	75	10196707	82.05
2020-12-19	3835	86	10196707	82.05
2020-12-20	3334	71	10196707	82.05
2020-12-21	2099	57	10196707	82.05
2020-12-22	2436	63	10196707	82.05
2020-12-23	4602	89	10196707	82.05
2020-12-24	4378	70	10196707	82.05
2020-12-25	4146	65	10196707	82.05
2020-12-26	1214	78	10196707	82.05
2020-12-27	1577	63	10196707	82.05
2020-12-28	2093	58	10196707	82.05
2020-12-29	3336	74	10196707	82.05
2020-12-30	6049	79	10196707	82.05
2020-12-31	7627	76	10196707	82.05
2021-01-01	6951	66	10196707	82.05
2021-01-02	3241	73	10196707	82.05
2021-01-03	3384	73	10196707	82.05
2021-01-04	4369	78	10196707	82.05
2021-01-05	4956	90	10196707	82.05
2021-01-06	10027	91	10196707	82.05
2021-01-07	9927	95	10196707	82.05
2021-01-08	10176	118	10196707	82.05
2021-01-09	9478	111	10196707	82.05
2021-01-10	7502	102	10196707	82.05
2021-01-11	5604	122	10196707	82.05
2021-01-12	7259	155	10196707	82.05
2021-01-13	10556	156	10196707	82.05
2021-01-14	10698	148	10196707	82.05
2021-01-15	10663	159	10196707	82.05
2021-01-16	10947	166	10196707	82.05
2021-01-17	10385	152	10196707	82.05
2021-01-18	6702	167	10196707	82.05
2021-01-19	10455	218	10196707	82.05
2021-01-20	14647	219	10196707	82.05
2021-01-21	13544	221	10196707	82.05
2021-01-22	13987	234	10196707	82.05
2021-01-23	15333	274	10196707	82.05
2021-01-24	11721	275	10196707	82.05
2021-01-25	6923	252	10196707	82.05
2021-01-26	10765	291	10196707	82.05
2021-01-27	15073	293	10196707	82.05
2021-01-28	16432	303	10196707	82.05
2021-01-29	13200	278	10196707	82.05
2021-01-30	12435	293	10196707	82.05
2021-01-31	9498	303	10196707	82.05
2021-02-01	5805	275	10196707	82.05
2021-02-02	5540	260	10196707	82.05
2021-02-03	9083	240	10196707	82.05
2021-02-04	7914	225	10196707	82.05
2021-02-05	6916	258	10196707	82.05
2021-02-06	6132	214	10196707	82.05
2021-02-07	3508	204	10196707	82.05
2021-02-08	2505	196	10196707	82.05
2021-02-09	2583	203	10196707	82.05
2021-02-10	4387	161	10196707	82.05
2021-02-11	3480	167	10196707	82.05
2021-02-12	2854	149	10196707	82.05
2021-02-13	2856	149	10196707	82.05
2021-02-14	1677	138	10196707	82.05
2021-02-15	1303	90	10196707	82.05
2021-02-16	1502	111	10196707	82.05
2021-02-17	2324	127	10196707	82.05
2021-02-18	1944	105	10196707	82.05
2021-02-19	1940	67	10196707	82.05
2021-02-20	1570	76	10196707	82.05
2021-02-21	1186	65	10196707	82.05
2021-02-22	549	61	10196707	82.05
2021-02-23	1032	63	10196707	82.05
2021-02-24	1480	50	10196707	82.05
2021-02-25	1160	49	10196707	82.05
2021-02-26	1027	58	10196707	82.05
2021-02-27	1071	33	10196707	82.05
2021-02-28	718	41	10196707	82.05
2021-03-01	394	34	10196707	82.05
2021-03-02	691	38	10196707	82.05
2021-03-03	979	41	10196707	82.05
2021-03-04	830	28	10196707	82.05
2021-03-05	949	28	10196707	82.05
2021-03-06	1007	26	10196707	82.05
2021-03-07	682	28	10196707	82.05
2021-03-08	365	25	10196707	82.05
2021-03-09	847	30	10196707	82.05
2021-03-10	642	22	10196707	82.05
2021-03-11	627	18	10196707	82.05
2021-03-12	577	15	10196707	82.05
2021-03-13	564	19	10196707	82.05
2021-03-14	541	15	10196707	82.05
2021-03-15	256	10	10196707	82.05
2021-03-16	384	13	10196707	82.05
2021-03-17	673	15	10196707	82.05
2021-03-18	485	21	10196707	82.05
2021-03-19	568	11	10196707	82.05
2021-03-20	457	8	10196707	82.05
2021-03-21	450	6	10196707	82.05
