2020-02-26  1       0       19237682    76.05              
2020-02-27  0       0       19237682    76.05   
2020-02-28  2       0       19237682    76.05   
2020-02-29  0       0       19237682    76.05   
2020-03-01  0       0       19237682    76.05   
2020-03-02  0       0       19237682    76.05   
2020-03-03  0       0       19237682    76.05   
2020-03-04  1       0       19237682    76.05   
2020-03-05  2       0       19237682    76.05   
2020-03-06  3       0       19237682    76.05   
2020-03-07  0       0       19237682    76.05   
2020-03-08  6       0       19237682    76.05   
2020-03-09  0       0       19237682    76.05   
2020-03-10  10      0       19237682    76.05   
2020-03-11  20      0       19237682    76.05   
2020-03-12  4       0       19237682    76.05   
2020-03-13  40      0       19237682    76.05   
2020-03-14  34      0       19237682    76.05   
2020-03-15  8       0       19237682    76.05   
2020-03-16  27      0       19237682    76.05   
2020-03-17  26      0       19237682    76.05   
2020-03-18  76      0       19237682    76.05   
2020-03-19  17      0       19237682    76.05   
2020-03-20  31      0       19237682    76.05   
2020-03-21  59      0       19237682    76.05   
2020-03-22  66      3       19237682    76.05   
2020-03-23  143     4       19237682    76.05   
2020-03-24  218     4       19237682    76.05   
2020-03-25  112     6       19237682    76.05   
2020-03-26  123     6       19237682    76.05   
2020-03-27  263     3       19237682    76.05   
2020-03-28  160     11      19237682    76.05   
2020-03-29  363     6       19237682    76.05   
2020-03-30  294     22      19237682    76.05   
2020-03-31  136     17      19237682    76.05   
2020-04-01  215     10      19237682    76.05   
2020-04-02  278     23      19237682    76.05   
2020-04-03  445     18      19237682    76.05   
2020-04-04  430     13      19237682    76.05   
2020-04-05  251     5       19237682    76.05   
2020-04-06  193     25      19237682    76.05   
2020-04-07  360     21      19237682    76.05   
2020-04-08  344     23      19237682    76.05   
2020-04-09  441     28      19237682    76.05   
2020-04-10  265     22      19237682    76.05   
2020-04-11  523     21      19237682    76.05   
2020-04-12  310     25      19237682    76.05   
2020-04-13  333     15      19237682    76.05   
2020-04-14  246     20      19237682    76.05   
2020-04-15  337     21      19237682    76.05   
2020-04-16  491     20      19237682    76.05   
2020-04-17  360     19      19237682    76.05   
2020-04-18  351     10      19237682    76.05   
2020-04-19  328     30      19237682    76.05   
2020-04-20  190     27      19237682    76.05   
2020-04-21  306     20      19237682    76.05   
2020-04-22  468     26      19237682    76.05   
2020-04-23  386     21      19237682    76.05   
2020-04-24  321     22      19237682    76.05   
2020-04-25  218     34      19237682    76.05   
2020-04-26  401     18      19237682    76.05   
2020-04-27  303     22      19237682    76.05   
2020-04-28  277     22      19237682    76.05   
2020-04-29  362     30      19237682    76.05   
2020-04-30  262     24      19237682    76.05   
2020-05-01  327     27      19237682    76.05   
2020-05-02  165     27      19237682    76.05   
2020-05-03  431     19      19237682    76.05   
2020-05-04  349     28      19237682    76.05   
2020-05-05  325     23      19237682    76.05   
2020-05-06  270     23      19237682    76.05   
2020-05-07  392     24      19237682    76.05   
2020-05-08  312     35      19237682    76.05   
2020-05-09  320     16      19237682    76.05   
2020-05-10  231     22      19237682    76.05   
2020-05-11  226     21      19237682    76.05   
2020-05-12  190     20      19237682    76.05   
2020-05-13  224     34      19237682    76.05   
2020-05-14  245     17      19237682    76.05   
2020-05-15  190     17      19237682    76.05   
2020-05-16  267     24      19237682    76.05   
2020-05-17  167     13      19237682    76.05   
2020-05-18  165     13      19237682    76.05   
2020-05-19  155     17      19237682    76.05   
2020-05-20  196     10      19237682    76.05   
2020-05-21  198     9       19237682    76.05   
2020-05-22  127     10      19237682    76.05   
2020-05-23  145     10      19237682    76.05   
2020-05-24  213     9       19237682    76.05   
2020-05-25  213     20      19237682    76.05   
2020-05-26  146     11      19237682    76.05   
2020-05-27  165     11      19237682    76.05   
2020-05-28  197     8       19237682    76.05   
2020-05-29  191     13      19237682    76.05   
2020-05-30  151     11      19237682    76.05   
2020-05-31  124     7       19237682    76.05   
2020-06-01  141     10      19237682    76.05   
2020-06-02  119     12      19237682    76.05   
2020-06-03  152     8       19237682    76.05   
2020-06-04  238     9       19237682    76.05   
2020-06-05  196     11      19237682    76.05   
2020-06-06  187     6       19237682    76.05   
2020-06-07  189     11      19237682    76.05   
2020-06-08  125     6       19237682    76.05   
2020-06-09  145     15      19237682    76.05   
2020-06-10  196     6       19237682    76.05   
2020-06-11  237     9       19237682    76.05   
2020-06-12  222     11      19237682    76.05   
2020-06-13  275     14      19237682    76.05   
2020-06-14  320     16      19237682    76.05   
2020-06-15  166     17      19237682    76.05   
2020-06-16  250     10      19237682    76.05   
2020-06-17  345     14      19237682    76.05   
2020-06-18  320     22      19237682    76.05   
2020-06-19  320     11      19237682    76.05   
2020-06-20  330     16      19237682    76.05   
2020-06-21  315     12      19237682    76.05   
2020-06-22  246     11      19237682    76.05   
2020-06-23  214     16      19237682    76.05   
2020-06-24  321     16      19237682    76.05   
2020-06-25  460     10      19237682    76.05   
2020-06-26  411     14      19237682    76.05   
2020-06-27  325     10      19237682    76.05   
2020-06-28  291     23      19237682    76.05   
2020-06-29  269     22      19237682    76.05   
2020-06-30  388     17      19237682    76.05   
2020-07-01  326     16      19237682    76.05   
2020-07-02  450     20      19237682    76.05     
2020-07-03  420     21      19237682    76.05   
2020-07-04  416     23      19237682    76.05   
2020-07-05  391     19      19237682    76.05   
2020-07-06  250     18      19237682    76.05   
2020-07-07  397     31      19237682    76.05   
2020-07-08  555     18      19237682    76.05   
2020-07-09  614     17      19237682    76.05   
2020-07-10  592     13      19237682    76.05   
2020-07-11  698     24      19237682    76.05   
2020-07-12  456     13      19237682    76.05   
2020-07-13  413     17      19237682    76.05   
2020-07-14  637     30      19237682    76.05   
2020-07-15  641     21      19237682    76.05   
2020-07-16  777     19      19237682    76.05   
2020-07-17  799     17      19237682    76.05   
2020-07-18  889     21      19237682    76.05   
2020-07-19  767     17      19237682    76.05   
2020-07-20  681     12      19237682    76.05   
2020-07-21  994     36      19237682    76.05   
2020-07-22  1030    27      19237682    76.05   
2020-07-23  1112    25      19237682    76.05   
2020-07-24  1119    24      19237682    76.05   
2020-07-25  1284    15      19237682    76.05   
2020-07-26  1120    22      19237682    76.05   
2020-07-27  1104    19      19237682    76.05   
2020-07-28  1151    33      19237682    76.05   
2020-07-29  1182    30      19237682    76.05   
2020-07-30  1356    35      19237682    76.05   
2020-07-31  1295    39      19237682    76.05   
2020-08-01  1225    36      19237682    76.05   
2020-08-02  1075    34      19237682    76.05   
2020-08-03  823     19      19237682    76.05   
2020-08-04  1232    48      19237682    76.05   
2020-08-05  1309    41      19237682    76.05   
2020-08-06  1345    45      19237682    76.05   
2020-08-07  1378    50      19237682    76.05   
2020-08-08  1350    43      19237682    76.05   
2020-08-09  1145    41      19237682    76.05   
2020-08-10  779     29      19237682    76.05   
2020-08-11  1215    35      19237682    76.05   
2020-08-12  1415    43      19237682    76.05   
2020-08-13  1454    53      19237682    76.05   
2020-08-14  1415    44      19237682    76.05   
2020-08-15  1328    50      19237682    76.05   
2020-08-16  1087    37      19237682    76.05   
2020-08-17  733     38      19237682    76.05   
2020-08-18  1014    45      19237682    76.05   
2020-08-19  1409    32      19237682    76.05   
2020-08-20  1346    48      19237682    76.05   
2020-08-21  1392    42      19237682    76.05   
2020-08-22  1189    37      19237682    76.05   
2020-08-23  961     39      19237682    76.05   
2020-08-24  825     37      19237682    76.05   
2020-08-25  1060    58      19237682    76.05   
2020-08-26  1256    54      19237682    76.05   
2020-08-27  1504    38      19237682    76.05   
2020-08-28  1318    48      19237682    76.05   
2020-08-29  1365    32      19237682    76.05   
2020-08-30  952     39      19237682    76.05   
2020-08-31  755     43      19237682    76.05   
2020-09-01  1053    60      19237682    76.05   
2020-09-02  1298    40      19237682    76.05   
2020-09-03  1365    44      19237682    76.05   
2020-09-04  1339    47      19237682    76.05   
2020-09-05  1269    38      19237682    76.05   
2020-09-06  1150    43      19237682    76.05   
2020-09-07  883     33      19237682    76.05   
2020-09-08  1136    41      19237682    76.05   
2020-09-09  1271    51      19237682    76.05   
2020-09-10  1380    47      19237682    76.05   
2020-09-11  1391    35      19237682    76.05   
2020-09-12  1311    27      19237682    76.05   
2020-09-13  1109    36      19237682    76.05   
2020-09-14  692     22      19237682    76.05   
2020-09-15  1111    51      19237682    76.05   
2020-09-16  1713    49      19237682    76.05   
2020-09-17  1679    27      19237682    76.05   
2020-09-18  1527    48      19237682    76.05   
2020-09-19  1333    42      19237682    76.05   
2020-09-20  1231    33      19237682    76.05   
2020-09-21  808     23      19237682    76.05   
2020-09-22  1059    45      19237682    76.05   
2020-09-23  1767    47      19237682    76.05   
2020-09-24  1639    41      19237682    76.05   
2020-09-25  1629    42      19237682    76.05   
2020-09-26  1552    54      19237682    76.05   
2020-09-27  1438    31      19237682    76.05   
2020-09-28  1271    30      19237682    76.05   
2020-09-29  1470    44      19237682    76.05   
2020-09-30  2158    33      19237682    76.05   
2020-10-01  2086    37      19237682    76.05   
2020-10-02  2343    53      19237682    76.05   
2020-10-03  2064    32      19237682    76.05   
2020-10-04  1835    56      19237682    76.05   
2020-10-05  1591    45      19237682    76.05   
2020-10-06  2121    73      19237682    76.05   
2020-10-07  2958    82      19237682    76.05   
2020-10-08  3130    44      19237682    76.05   
2020-10-09  3186    52      19237682    76.05   
2020-10-10  3517    59      19237682    76.05   
2020-10-11  2880    53      19237682    76.05   
2020-10-12  2069    56      19237682    76.05   
2020-10-13  3109    68      19237682    76.05   
2020-10-14  4016    66      19237682    76.05   
2020-10-15  4013    73      19237682    76.05   
2020-10-16  4026    75      19237682    76.05   
2020-10-17  3952    63      19237682    76.05   
2020-10-18  3920    60      19237682    76.05   
2020-10-19  2466    59      19237682    76.05   
2020-10-20  3400    65      19237682    76.05   
2020-10-21  4848    69      19237682    76.05   
2020-10-22  4902    98      19237682    76.05   
2020-10-23  5028    82      19237682    76.05   
2020-10-24  4761    73      19237682    76.05   
2020-10-25  3855    73      19237682    76.05   
2020-10-26  2844    79      19237682    76.05   
2020-10-27  4724    104     19237682    76.05   
2020-10-28  5343    107     19237682    76.05   
2020-10-29  6481    83      19237682    76.05   
2020-10-30  6546    103     19237682    76.05   
2020-10-31  5753    101     19237682    76.05   
2020-11-01  5324    99      19237682    76.05   
2020-11-02  4041    86      19237682    76.05   
2020-11-03  7733    120     19237682    76.05   
2020-11-04  8651    146     19237682    76.05   
2020-11-05  9714    121     19237682    76.05   
2020-11-06  10260   123     19237682    76.05   
2020-11-07  9937    130     19237682    76.05   
2020-11-08  6752    86      19237682    76.05   
2020-11-09  3240    130     19237682    76.05   
2020-11-10  7304    177     19237682    76.05   
2020-11-11  9799    203     19237682    76.05   
2020-11-12  10142   121     19237682    76.05   
2020-11-13  9489    174     19237682    76.05   
2020-11-14  9460    129     19237682    76.05   
2020-11-15  7096    113     19237682    76.05   
2020-11-16  4931    149     19237682    76.05   
2020-11-17  8262    186     19237682    76.05   
2020-11-18  10269   168     19237682    76.05   
2020-11-19  10108   167     19237682    76.05   
2020-11-20  9272    160     19237682    76.05   
2020-11-21  9685    160     19237682    76.05   
2020-11-22  5837    131     19237682    76.05   
2020-11-23  4207    130     19237682    76.05   
2020-11-24  7753    196     19237682    76.05   
2020-11-25  9739    168     19237682    76.05   
2020-11-26  9005    171     19237682    76.05   
2020-11-27  8499    172     19237682    76.05   
2020-11-28  8134    161     19237682    76.05   
2020-11-29  5554    148     19237682    76.05   
2020-11-30  3826    138     19237682    76.05   
2020-12-01  4272    199     19237682    76.05   
2020-12-02  4916    135     19237682    76.05   
2020-12-03  7661    211     19237682    76.05   
2020-12-04  8062    176     19237682    76.05   
2020-12-05  8072    134     19237682    76.05   
2020-12-06  5231    134     19237682    76.05   
2020-12-07  3660    127     19237682    76.05   
2020-12-08  7439    213     19237682    76.05   
2020-12-09  7365    161     19237682    76.05   
2020-12-10  7067    127     19237682    76.05   
2020-12-11  6460    168     19237682    76.05   
2020-12-12  6333    148     19237682    76.05   
2020-12-13  4435    121     19237682    76.05   
2020-12-14  3252    109     19237682    76.05   
2020-12-15  6171    204     19237682    76.05   
2020-12-16  5991    164     19237682    76.05   
2020-12-17  5697    107     19237682    76.05   
2020-12-18  5340    188     19237682    76.05   
2020-12-19  5158    139     19237682    76.05   
2020-12-20  3350    98      19237682    76.05   
2020-12-21  2489    87      19237682    76.05   
2020-12-22  5009    155     19237682    76.05   
2020-12-23  5459    130     19237682    76.05   
2020-12-24  4310    146     19237682    76.05   
2020-12-25  3812    111     19237682    76.05   
2020-12-26  1387    85      19237682    76.05   
2020-12-27  2049    122     19237682    76.05   
2020-12-28  2620    104     19237682    76.05   
2020-12-29  4637    135     19237682    76.05   
2020-12-30  4875    127     19237682    76.05   
2020-12-31  4322    171     19237682    76.05   
2021-01-01  3938    74      19237682    76.05   
2021-01-02  1194    78      19237682    76.05   
2021-01-03  3034    60      19237682    76.05   
2021-01-04  3130    78      19237682    76.05   
2021-01-05  4729    121     19237682    76.05   
2021-01-06  5719    121     19237682    76.05   
2021-01-07  4951    111     19237682    76.05   
2021-01-08  4841    96      19237682    76.05   
2021-01-09  4403    86      19237682    76.05   
2021-01-10  3082    62      19237682    76.05   
2021-01-11  1987    71      19237682    76.05   
2021-01-12  3697    156     19237682    76.05   
2021-01-13  4424    88      19237682    76.05   
2021-01-14  3525    66      19237682    76.05   
2021-01-15  3353    63      19237682    76.05   
2021-01-16  3218    66      19237682    76.05   
2021-01-17  2156    57      19237682    76.05   
2021-01-18  1509    50      19237682    76.05   
2021-01-19  2745    98      19237682    76.05   
2021-01-20  3000    116     19237682    76.05   
2021-01-21  2878    69      19237682    76.05   
2021-01-22  2699    74      19237682    76.05   
2021-01-23  2719    94      19237682    76.05   
2021-01-24  1816    54      19237682    76.05   
2021-01-25  1551    65      19237682    76.05   
2021-01-26  2877    97      19237682    76.05   
2021-01-27  3174    77      19237682    76.05   
2021-01-28  2901    90      19237682    76.05   
2021-01-29  2737    91      19237682    76.05   
2021-01-30  2668    68      19237682    76.05   
2021-01-31  1825    71      19237682    76.05   
2021-02-01  1313    67      19237682    76.05   
2021-02-02  2676    111     19237682    76.05   
2021-02-03  2752    87      19237682    76.05   
2021-02-04  2668    75      19237682    76.05   
2021-02-05  2580    73      19237682    76.05   
2021-02-06  2611    61      19237682    76.05   
2021-02-07  1975    72      19237682    76.05   
2021-02-08  1319    80      19237682    76.05   
2021-02-09  2797    95      19237682    76.05   
2021-02-10  3048    79      19237682    76.05   
2021-02-11  2644    65      19237682    76.05   
2021-02-12  2550    77      19237682    76.05   
2021-02-13  2415    48      19237682    76.05   
2021-02-14  1872    41      19237682    76.05   
2021-02-15  1331    79      19237682    76.05   
2021-02-16  2676    81      19237682    76.05   
2021-02-17  2815    62      19237682    76.05   
2021-02-18  3058    71      19237682    76.05   
2021-02-19  2712    79      19237682    76.05   
2021-02-20  2721    57      19237682    76.05   
2021-02-21  2419    52      19237682    76.05   
2021-02-22  1634    47      19237682    76.05   
2021-02-23  3382    119     19237682    76.05   
2021-02-24  3337    73      19237682    76.05   
2021-02-25  3923    81      19237682    76.05   
2021-02-26  3761    66      19237682    76.05   
2021-02-27  3432    54      19237682    76.05   
2021-02-28  2830    63      19237682    76.05   
2021-03-01  2096    53      19237682    76.05   
2021-03-02  3950    106     19237682    76.05   
2021-03-03  4278    77      19237682    76.05   
2021-03-04  4271    98      19237682    76.05   
2021-03-05  4342    101     19237682    76.05   
2021-03-06  4064    69      19237682    76.05   
2021-03-07  3288    46      19237682    76.05   
2021-03-08  2280    63      19237682    76.05   
2021-03-09  4989    93      19237682    76.05   
2021-03-10  4564    100     19237682    76.05   
2021-03-11  5236    96      19237682    76.05   
2021-03-12  5010    108     19237682    76.05   
2021-03-13  4964    79      19237682    76.05   
2021-03-14  4383    44      19237682    76.05   
2021-03-15  2972    82      19237682    76.05   
2021-03-16  6118    133     19237682    76.05   
2021-03-17  6186    89      19237682    76.05   
2021-03-18  6174    90      19237682    76.05   
2021-03-19  5593    143     19237682    76.05   
2021-03-20  6096    112     19237682    76.05   
2021-03-21  4267    76      19237682    76.05   