2020-01-31  2       0       145934460   72.58
2020-02-01  0       0       145934460   72.58
2020-02-02  0       0       145934460   72.58
2020-02-03  0       0       145934460   72.58
2020-02-04  0       0       145934460   72.58
2020-02-05  0       0       145934460   72.58
2020-02-06  0       0       145934460   72.58
2020-02-07  0       0       145934460   72.58
2020-02-08  0       0       145934460   72.58
2020-02-09  0       0       145934460   72.58
2020-02-10  0       0       145934460   72.58
2020-02-11  0       0       145934460   72.58
2020-02-12  0       0       145934460   72.58
2020-02-13  0       0       145934460   72.58
2020-02-14  0       0       145934460   72.58
2020-02-15  0       0       145934460   72.58
2020-02-16  0       0       145934460   72.58
2020-02-17  0       0       145934460   72.58
2020-02-18  0       0       145934460   72.58
2020-02-19  0       0       145934460   72.58
2020-02-20  0       0       145934460   72.58
2020-02-21  0       0       145934460   72.58
2020-02-22  0       0       145934460   72.58
2020-02-23  0       0       145934460   72.58
2020-02-24  0       0       145934460   72.58
2020-02-25  0       0       145934460   72.58
2020-02-26  0       0       145934460   72.58
2020-02-27  0       0       145934460   72.58
2020-02-28  0       0       145934460   72.58
2020-02-29  0       0       145934460   72.58
2020-03-01  0       0       145934460   72.58
2020-03-02  1       0       145934460   72.58
2020-03-03  0       0       145934460   72.58
2020-03-04  0       0       145934460   72.58
2020-03-05  1       0       145934460   72.58
2020-03-06  9       0       145934460   72.58
2020-03-07  0       0       145934460   72.58
2020-03-08  4       0       145934460   72.58
2020-03-09  0       0       145934460   72.58
2020-03-10  3       0       145934460   72.58
2020-03-11  0       0       145934460   72.58
2020-03-12  8       0       145934460   72.58
2020-03-13  17      0       145934460   72.58
2020-03-14  14      0       145934460   72.58
2020-03-15  4       0       145934460   72.58
2020-03-16  27      0       145934460   72.58
2020-03-17  24      0       145934460   72.58    
2020-03-18  33      0       145934460   72.58
2020-03-19  52      1       145934460   72.58
2020-03-20  54      0       145934460   72.58
2020-03-21  53      0       145934460   72.58
2020-03-22  61      0       145934460   72.58
2020-03-23  71      0       145934460   72.58
2020-03-24  57      0       145934460   72.58
2020-03-25  163     2       145934460   72.58
2020-03-26  182     0       145934460   72.58
2020-03-27  196     1       145934460   72.58
2020-03-28  228     0       145934460   72.58
2020-03-29  270     4       145934460   72.58
2020-03-30  302     1       145934460   72.58
2020-03-31  501     8       145934460   72.58
2020-04-01  440     7       145934460   72.58
2020-04-02  771     6       145934460   72.58
2020-04-03  601     4       145934460   72.58
2020-04-04  582     9       145934460   72.58
2020-04-05  658     2       145934460   72.58
2020-04-06  954     2       145934460   72.58
2020-04-07  1154    11      145934460   72.58
2020-04-08  1175    5       145934460   72.58
2020-04-09  1459    13      145934460   72.58
2020-04-10  1786    18      145934460   72.58
2020-04-11  1667    12      145934460   72.58
2020-04-12  2186    24      145934460   72.58
2020-04-13  2558    18      145934460   72.58
2020-04-14  2774    22      145934460   72.58
2020-04-15  3388    28      145934460   72.58
2020-04-16  3448    34      145934460   72.58
2020-04-17  4070    41      145934460   72.58
2020-04-18  4785    40      145934460   72.58
2020-04-19  6060    48      145934460   72.58
2020-04-20  4268    44      145934460   72.58
2020-04-21  5642    51      145934460   72.58
2020-04-22  5236    57      145934460   72.58
2020-04-23  4774    42      145934460   72.58
2020-04-24  5849    60      145934460   72.58
2020-04-25  5966    66      145934460   72.58
2020-04-26  6361    66      145934460   72.58
2020-04-27  6198    47      145934460   72.58
2020-04-28  6411    73      145934460   72.58
2020-04-29  5841    105     145934460   72.58
2020-04-30  7099    101     145934460   72.58
2020-05-01  7933    96      145934460   72.58
2020-05-02  9623    53      145934460   72.58
2020-05-03  10633   58      145934460   72.58
2020-05-04  10581   76      145934460   72.58
2020-05-05  10102   95      145934460   72.58
2020-05-06  10559   86      145934460   72.58
2020-05-07  11231   88      145934460   72.58
2020-05-08  10699   98      145934460   72.58
2020-05-09  10817   104     145934460   72.58
2020-05-10  11012   88      145934460   72.58
2020-05-11  11656   94      145934460   72.58
2020-05-12  10899   107     145934460   72.58
2020-05-13  10028   96      145934460   72.58
2020-05-14  9974    93      145934460   72.58
2020-05-15  10598   113     145934460   72.58
2020-05-16  9200    119     145934460   72.58
2020-05-17  9709    94      145934460   72.58
2020-05-18  8926    91      145934460   72.58
2020-05-19  9263    115     145934460   72.58
2020-05-20  8764    135     145934460   72.58
2020-05-21  8849    127     145934460   72.58
2020-05-22  8894    150     145934460   72.58
2020-05-23  9434    139     145934460   72.58
2020-05-24  8599    153     145934460   72.58
2020-05-25  8946    92      145934460   72.58
2020-05-26  8915    174     145934460   72.58
2020-05-27  8338    161     145934460   72.58
2020-05-28  8371    174     145934460   72.58
2020-05-29  8572    232     145934460   72.58
2020-05-30  8952    181     145934460   72.58
2020-05-31  9268    138     145934460   72.58
2020-06-01  8485    156     145934460   72.58
2020-06-02  8858    182     145934460   72.58
2020-06-03  8529    177     145934460   72.58
2020-06-04  8823    168     145934460   72.58
2020-06-05  8718    144     145934460   72.58
2020-06-06  8846    197     145934460   72.58
2020-06-07  8971    134     145934460   72.58
2020-06-08  8970    112     145934460   72.58
2020-06-09  8587    171     145934460   72.58
2020-06-10  8393    216     145934460   72.58
2020-06-11  8777    172     145934460   72.58
2020-06-12  8961    183     145934460   72.58
2020-06-13  8697    114     145934460   72.58
2020-06-14  8809    119     145934460   72.58
2020-06-15  8217    143     145934460   72.58
2020-06-16  8241    193     145934460   72.58
2020-06-17  7824    194     145934460   72.58
2020-06-18  7772    182     145934460   72.58
2020-06-19  7971    181     145934460   72.58
2020-06-20  7870    161     145934460   72.58
2020-06-21  7717    109     145934460   72.58
2020-06-22  7586    95      145934460   72.58
2020-06-23  7413    153     145934460   72.58
2020-06-24  7165    154     145934460   72.58
2020-06-25  7105    91      145934460   72.58
2020-06-26  6788    176     145934460   72.58
2020-06-27  6843    188     145934460   72.58
2020-06-28  6784    102     145934460   72.58
2020-06-29  6683    92      145934460   72.58
2020-06-30  6683    154     145934460   72.58
2020-07-01  6550    215     145934460   72.58
2020-07-02  6752    147     145934460   72.58
2020-07-03  6710    176     145934460   72.58
2020-07-04  6623    167     145934460   72.58
2020-07-05  6719    134     145934460   72.58
2020-07-06  6569    135     145934460   72.58
2020-07-07  6363    198     145934460   72.58
2020-07-08  6534    172     145934460   72.58
2020-07-09  6491    176     145934460   72.58
2020-07-10  6623    174     145934460   72.58
2020-07-11  6586    188     145934460   72.58
2020-07-12  6587    130     145934460   72.58
2020-07-13  6511    104     145934460   72.58
2020-07-14  6240    175     145934460   72.58
2020-07-15  6410    156     145934460   72.58
2020-07-16  6415    167     145934460   72.58
2020-07-17  6389    186     145934460   72.58
2020-07-18  6214    122     145934460   72.58
2020-07-19  6096    95      145934460   72.58
2020-07-20  5901    85      145934460   72.58
2020-07-21  5828    153     145934460   72.58
2020-07-22  5850    165     145934460   72.58
2020-07-23  5830    147     145934460   72.58
2020-07-24  5779    153     145934460   72.58
2020-07-25  5833    146     145934460   72.58
2020-07-26  5741    77      145934460   72.58
2020-07-27  5607    85      145934460   72.58
2020-07-28  5380    149     145934460   72.58
2020-07-29  5449    167     145934460   72.58
2020-07-30  5484    128     145934460   72.58
2020-07-31  5468    161     145934460   72.58
2020-08-01  5429    95      145934460   72.58
2020-08-02  5387    70      145934460   72.58
2020-08-03  5364    79      145934460   72.58
2020-08-04  5121    144     145934460   72.58
2020-08-05  5186    138     145934460   72.58
2020-08-06  5239    114     145934460   72.58
2020-08-07  5191    119     145934460   72.58
2020-08-08  5185    129     145934460   72.58
2020-08-09  5155    76      145934460   72.58
2020-08-10  5081    70      145934460   72.58
2020-08-11  4892    130     145934460   72.58
2020-08-12  5054    128     145934460   72.58
2020-08-13  5017    122     145934460   72.58
2020-08-14  5016    114     145934460   72.58
2020-08-15  5030    118     145934460   72.58
2020-08-16  4911    68      145934460   72.58
2020-08-17  4839    54      145934460   72.58
2020-08-18  4718    129     145934460   72.58
2020-08-19  4790    115     145934460   72.58
2020-08-20  4767    107     145934460   72.58
2020-08-21  4838    90      145934460   72.58
2020-08-22  4860    120     145934460   72.58
2020-08-23  4797    73      145934460   72.58
2020-08-24  4688    65      145934460   72.58
2020-08-25  4639    118     145934460   72.58
2020-08-26  4642    114     145934460   72.58
2020-08-27  4675    120     145934460   72.58
2020-08-28  4758    108     145934460   72.58
2020-08-29  4843    111     145934460   72.58
2020-08-30  4897    68      145934460   72.58
2020-08-31  4932    83      145934460   72.58
2020-09-01  4670    122     145934460   72.58
2020-09-02  4893    115     145934460   72.58
2020-09-03  4958    114     145934460   72.58
2020-09-04  5064    119     145934460   72.58
2020-09-05  5144    109     145934460   72.58
2020-09-06  5097    61      145934460   72.58
2020-09-07  5106    50      145934460   72.58
2020-09-08  5020    121     145934460   72.58
2020-09-09  5172    141     145934460   72.58
2020-09-10  5310    127     145934460   72.58
2020-09-11  5421    102     145934460   72.58
2020-09-12  5406    117     145934460   72.58
2020-09-13  5361    91      145934460   72.58
2020-09-14  5414    56      145934460   72.58
2020-09-15  5435    150     145934460   72.58
2020-09-16  5612    130     145934460   72.58
2020-09-17  5667    143     145934460   72.58
2020-09-18  5803    132     145934460   72.58
2020-09-19  5960    142     145934460   72.58
2020-09-20  6043    79      145934460   72.58
2020-09-21  6090    71      145934460   72.58
2020-09-22  6109    155     145934460   72.58
2020-09-23  6330    145     145934460   72.58
2020-09-24  6489    147     145934460   72.58
2020-09-25  7112    106     145934460   72.58
2020-09-26  7421    167     145934460   72.58
2020-09-27  7764    99      145934460   72.58
2020-09-28  8026    60      145934460   72.58
2020-09-29  8129    157     145934460   72.58
2020-09-30  8371    174     145934460   72.58
2020-10-01  8835    166     145934460   72.58
2020-10-02  9294    185     145934460   72.58
2020-10-03  9735    172     145934460   72.58
2020-10-04  10376   107     145934460   72.58
2020-10-05  10757   115     145934460   72.58
2020-10-06  11481   184     145934460   72.58
2020-10-07  10981   196     145934460   72.58
2020-10-08  11345   184     145934460   72.58
2020-10-09  11969   198     145934460   72.58
2020-10-10  12673   194     145934460   72.58
2020-10-11  13442   140     145934460   72.58
2020-10-12  13406   123     145934460   72.58
2020-10-13  13690   240     145934460   72.58
2020-10-14  14041   235     145934460   72.58
2020-10-15  13556   281     145934460   72.58
2020-10-16  14937   230     145934460   72.58
2020-10-17  14703   277     145934460   72.58
2020-10-18  14804   182     145934460   72.58
2020-10-19  15843   166     145934460   72.58
2020-10-20  16108   268     145934460   72.58
2020-10-21  15444   313     145934460   72.58
2020-10-22  15704   286     145934460   72.58
2020-10-23  17077   281     145934460   72.58
2020-10-24  16260   294     145934460   72.58
2020-10-25  16392   228     145934460   72.58
2020-10-26  17148   217     145934460   72.58
2020-10-27  16342   317     145934460   72.58
2020-10-28  15886   343     145934460   72.58
2020-10-29  17418   359     145934460   72.58
2020-10-30  17987   351     145934460   72.58
2020-10-31  17834   325     145934460   72.58
2020-11-01  18381   239     145934460   72.58
2020-11-02  18017   238     145934460   72.58
2020-11-03  18431   347     145934460   72.58
2020-11-04  19483   385     145934460   72.58
2020-11-05  19116   289     145934460   72.58
2020-11-06  20368   369     145934460   72.58
2020-11-07  20109   356     145934460   72.58
2020-11-08  20248   282     145934460   72.58
2020-11-09  21577   254     145934460   72.58
2020-11-10  20765   353     145934460   72.58
2020-11-11  19583   427     145934460   72.58
2020-11-12  21333   429     145934460   72.58
2020-11-13  21717   401     145934460   72.58
2020-11-14  22441   380     145934460   72.58
2020-11-15  22313   349     145934460   72.58
2020-11-16  22562   299     145934460   72.58
2020-11-17  22201   435     145934460   72.58
2020-11-18  20717   449     145934460   72.58
2020-11-19  23337   457     145934460   72.58
2020-11-20  24059   455     145934460   72.58
2020-11-21  24538   462     145934460   72.58
2020-11-22  24295   396     145934460   72.58
2020-11-23  24891   354     145934460   72.58
2020-11-24  24087   483     145934460   72.58
2020-11-25  23393   498     145934460   72.58
2020-11-26  25195   515     145934460   72.58
2020-11-27  27267   487     145934460   72.58
2020-11-28  26809   501     145934460   72.58
2020-11-29  26390   451     145934460   72.58
2020-11-30  26046   364     145934460   72.58
2020-12-01  26126   559     145934460   72.58
2020-12-02  25043   580     145934460   72.58
2020-12-03  27829   543     145934460   72.58
2020-12-04  27078   557     145934460   72.58
2020-12-05  28450   498     145934460   72.58
2020-12-06  28701   447     145934460   72.58
2020-12-07  27798   447     145934460   72.58
2020-12-08  25752   552     145934460   72.58
2020-12-09  25838   546     145934460   72.58
2020-12-10  27562   549     145934460   72.58
2020-12-11  28206   601     145934460   72.58
2020-12-12  27729   553     145934460   72.58
2020-12-13  27651   481     145934460   72.58
2020-12-14  26902   442     145934460   72.58
2020-12-15  26265   564     145934460   72.58
2020-12-16  26074   584     145934460   72.58
2020-12-17  27787   574     145934460   72.58
2020-12-18  28116   602     145934460   72.58
2020-12-19  27772   574     145934460   72.58
2020-12-20  28510   498     145934460   72.58
2020-12-21  28917   481     145934460   72.58
2020-12-22  28340   551     145934460   72.58
2020-12-23  26814   536     145934460   72.58
2020-12-24  29499   624     145934460   72.58
2020-12-25  28595   551     145934460   72.58
2020-12-26  28833   554     145934460   72.58
2020-12-27  27849   541     145934460   72.58
2020-12-28  27363   479     145934460   72.58
2020-12-29  26588   548     145934460   72.58
2020-12-30  26095   585     145934460   72.58
2020-12-31  27329   579     145934460   72.58
2021-01-01  26613   527     145934460   72.58
2021-01-02  25938   437     145934460   72.58
2021-01-03  23845   495     145934460   72.58
2021-01-04  23015   473     145934460   72.58
2021-01-05  23955   503     145934460   72.58
2021-01-06  23902   431     145934460   72.58
2021-01-07  23218   491     145934460   72.58
2021-01-08  23330   439     145934460   72.58
2021-01-09  23012   456     145934460   72.58
2021-01-10  22540   440     145934460   72.58
2021-01-11  23018   426     145934460   72.58
2021-01-12  22657   519     145934460   72.58
2021-01-13  22544   555     145934460   72.58
2021-01-14  24303   553     145934460   72.58
2021-01-15  24294   542     145934460   72.58
2021-01-16  23670   576     145934460   72.58
2021-01-17  23178   467     145934460   72.58
2021-01-18  22509   458     145934460   72.58
2021-01-19  21442   573     145934460   72.58
2021-01-20  20806   582     145934460   72.58
2021-01-21  21544   596     145934460   72.58
2021-01-22  21182   566     145934460   72.58
2021-01-23  20585   543     145934460   72.58
2021-01-24  20800   478     145934460   72.58
2021-01-25  18999   444     145934460   72.58
2021-01-26  17982   550     145934460   72.58
2021-01-27  17464   580     145934460   72.58
2021-01-28  18856   562     145934460   72.58
2021-01-29  18966   521     145934460   72.58
2021-01-30  18751   502     145934460   72.58
2021-01-31  18083   473     145934460   72.58
2021-02-01  17391   427     145934460   72.58
2021-02-02  16406   526     145934460   72.58
2021-02-03  16222   515     145934460   72.58
2021-02-04  16463   508     145934460   72.58
2021-02-05  16444   515     145934460   72.58
2021-02-06  16379   490     145934460   72.58
2021-02-07  15808   420     145934460   72.58
2021-02-08  15701   398     145934460   72.58
2021-02-09  14808   519     145934460   72.58
2021-02-10  14258   526     145934460   72.58
2021-02-11  14803   542     145934460   72.58
2021-02-12  14867   496     145934460   72.58
2021-02-13  14640   492     145934460   72.58
2021-02-14  13968   422     145934460   72.58
2021-02-15  13999   385     145934460   72.58
2021-02-16  13030   449     145934460   72.58
2021-02-17  12629   459     145934460   72.58
2021-02-18  13243   469     145934460   72.58
2021-02-19  13242   461     145934460   72.58
2021-02-20  12775   469     145934460   72.58
2021-02-21  12568   409     145934460   72.58
2021-02-22  12455   329     145934460   72.58
2021-02-23  11679   411     145934460   72.58
2021-02-24  11609   378     145934460   72.58
2021-02-25  11067   437     145934460   72.58
2021-02-26  10955   419     145934460   72.58
2021-02-27  11409   430     145934460   72.58
2021-02-28  11234   370     145934460   72.58
2021-03-01  11450   325     145934460   72.58
2021-03-02  10441   433     145934460   72.58
2021-03-03  10416   443     145934460   72.58
2021-03-04  11263   467     145934460   72.58
2021-03-05  10906   453     145934460   72.58
2021-03-06  10909   432     145934460   72.58
2021-03-07  10478   361     145934460   72.58
2021-03-08  10145   371     145934460   72.58
2021-03-09  9342    330     145934460   72.58
2021-03-10  8976    458     145934460   72.58
2021-03-11  9167    451     145934460   72.58
2021-03-12  9695    477     145934460   72.58
2021-03-13  9808    468     145934460   72.58
2021-03-14  9985    389     145934460   72.58
2021-03-15  9347    400     145934460   72.58
2021-03-16  9305    437     145934460   72.58
2021-03-17  8910    420     145934460   72.58
2021-03-18  9713    451     145934460   72.58
2021-03-19  9612    438     145934460   72.58
2021-03-20  9548    386     145934460   72.58
2021-03-21  9215    367     145934460   72.58