2020-03-14	1	0	12952209	69.02
2020-03-15	0	0	12952209	69.02
2020-03-16	4	0	12952209	69.02
2020-03-17	2	0	12952209	69.02
2020-03-18	1	0	12952209	69.02
2020-03-19	0	0	12952209	69.02
2020-03-20	9	0	12952209	69.02
2020-03-21	0	0	12952209	69.02
2020-03-22	2	0	12952209	69.02
2020-03-23	17	0	12952209	69.02
2020-03-24	4	0	12952209	69.02
2020-03-25	1	0	12952209	69.02
2020-03-26	9	0	12952209	69.02
2020-03-27	4	0	12952209	69.02
2020-03-28	6	0	12952209	69.02
2020-03-29	10	0	12952209	69.02
2020-03-30	0	0	12952209	69.02
2020-03-31	5	0	12952209	69.02
2020-04-01	7	0	12952209	69.02
2020-04-02	2	0	12952209	69.02
2020-04-03	5	0	12952209	69.02
2020-04-04	13	0	12952209	69.02
2020-04-05	2	0	12952209	69.02
2020-04-06	1	0	12952209	69.02
2020-04-07	0	0	12952209	69.02
2020-04-08	5	0	12952209	69.02
2020-04-09	0	0	12952209	69.02
2020-04-10	8	0	12952209	69.02
2020-04-11	2	0	12952209	69.02
2020-04-12	6	0	12952209	69.02
2020-04-13	1	0	12952209	69.02
2020-04-14	7	0	12952209	69.02
2020-04-15	2	0	12952209	69.02
2020-04-16	2	0	12952209	69.02
2020-04-17	5	0	12952209	69.02
2020-04-18	1	0	12952209	69.02
2020-04-19	3	0	12952209	69.02
2020-04-20	0	0	12952209	69.02
2020-04-21	3	0	12952209	69.02
2020-04-22	3	0	12952209	69.02
2020-04-23	1	0	12952209	69.02
2020-04-24	22	0	12952209	69.02
2020-04-25	7	0	12952209	69.02
2020-04-26	8	0	12952209	69.02
2020-04-27	16	0	12952209	69.02
2020-04-28	5	0	12952209	69.02
2020-04-29	13	0	12952209	69.02
2020-04-30	18	0	12952209	69.02
2020-05-01	6	0	12952209	69.02
2020-05-02	6	0	12952209	69.02
2020-05-03	4	0	12952209	69.02
2020-05-04	2	0	12952209	69.02
2020-05-05	0	0	12952209	69.02
2020-05-06	7	0	12952209	69.02
2020-05-07	3	0	12952209	69.02
2020-05-08	2	0	12952209	69.02
2020-05-09	7	0	12952209	69.02
2020-05-10	4	0	12952209	69.02
2020-05-11	1	0	12952209	69.02
2020-05-12	1	0	12952209	69.02
2020-05-13	1	0	12952209	69.02
2020-05-14	0	0	12952209	69.02
2020-05-15	0	0	12952209	69.02
2020-05-16	2	0	12952209	69.02
2020-05-17	3	0	12952209	69.02
2020-05-18	5	0	12952209	69.02
2020-05-19	11	0	12952209	69.02
2020-05-20	6	0	12952209	69.02
2020-05-21	6	0	12952209	69.02
2020-05-22	1	0	12952209	69.02
2020-05-23	4	0	12952209	69.02
2020-05-24	2	0	12952209	69.02
2020-05-25	9	0	12952209	69.02
2020-05-26	3	0	12952209	69.02
2020-05-27	7	0	12952209	69.02
2020-05-28	3	0	12952209	69.02
2020-05-29	6	0	12952209	69.02
2020-05-30	4	1	12952209	69.02
2020-05-31	11	0	12952209	69.02
2020-06-01	7	0	12952209	69.02
2020-06-02	7	1	12952209	69.02
2020-06-03	13	0	12952209	69.02
2020-06-04	13	0	12952209	69.02
2020-06-05	10	0	12952209	69.02
2020-06-06	11	0	12952209	69.02
2020-06-07	8	0	12952209	69.02
2020-06-08	12	0	12952209	69.02
2020-06-09	12	0	12952209	69.02
2020-06-10	13	0	12952209	69.02
2020-06-11	18	0	12952209	69.02
2020-06-12	16	0	12952209	69.02
2020-06-13	31	0	12952209	69.02
2020-06-14	41	0	12952209	69.02
2020-06-15	30	0	12952209	69.02
2020-06-16	24	0	12952209	69.02
2020-06-17	3	0	12952209	69.02
2020-06-18	7	0	12952209	69.02
2020-06-19	15	0	12952209	69.02
2020-06-20	41	0	12952209	69.02
2020-06-21	26	0	12952209	69.02
2020-06-22	59	0	12952209	69.02
2020-06-23	11	0	12952209	69.02
2020-06-24	32	0	12952209	69.02
2020-06-25	20	0	12952209	69.02
2020-06-26	8	0	12952209	69.02
2020-06-27	20	0	12952209	69.02
2020-06-28	22	0	12952209	69.02
2020-06-29	101	0	12952209	69.02
2020-06-30	24	0	12952209	69.02
2020-07-01	17	1	12952209	69.02
2020-07-02	21	0	12952209	69.02
2020-07-03	18	0	12952209	69.02
2020-07-04	11	0	12952209	69.02
2020-07-05	13	0	12952209	69.02
2020-07-06	8	0	12952209	69.02
2020-07-07	59	0	12952209	69.02
2020-07-08	22	0	12952209	69.02
2020-07-09	16	0	12952209	69.02
2020-07-10	42	0	12952209	69.02
2020-07-11	47	1	12952209	69.02
2020-07-12	38	0	12952209	69.02
2020-07-13	41	0	12952209	69.02
2020-07-14	38	0	12952209	69.02
2020-07-15	19	0	12952209	69.02
2020-07-16	38	0	12952209	69.02
2020-07-17	12	0	12952209	69.02
2020-07-18	54	1	12952209	69.02
2020-07-19	43	0	12952209	69.02
2020-07-20	47	0	12952209	69.02
2020-07-21	26	0	12952209	69.02
2020-07-22	34	0	12952209	69.02
2020-07-23	21	0	12952209	69.02
2020-07-24	19	0	12952209	69.02
2020-07-25	23	0	12952209	69.02
2020-07-26	69	0	12952209	69.02
2020-07-27	58	0	12952209	69.02
2020-07-28	47	0	12952209	69.02
2020-07-29	37	0	12952209	69.02
2020-07-30	31	0	12952209	69.02
2020-07-31	28	0	12952209	69.02
2020-08-01	20	0	12952209	69.02
2020-08-02	20	0	12952209	69.02
2020-08-03	30	0	12952209	69.02
2020-08-04	7	0	12952209	69.02
2020-08-05	5	0	12952209	69.02
2020-08-06	7	0	12952209	69.02
2020-08-07	17	0	12952209	69.02
2020-08-08	6	1	12952209	69.02
2020-08-09	6	1	12952209	69.02
2020-08-10	12	0	12952209	69.02
2020-08-11	19	0	12952209	69.02
2020-08-12	18	1	12952209	69.02
2020-08-13	11	0	12952209	69.02
2020-08-14	93	0	12952209	69.02
2020-08-15	59	0	12952209	69.02
2020-08-16	101	0	12952209	69.02
2020-08-17	87	0	12952209	69.02
2020-08-18	37	2	12952209	69.02
2020-08-19	67	0	12952209	69.02
2020-08-20	73	1	12952209	69.02
2020-08-21	63	0	12952209	69.02
2020-08-22	109	0	12952209	69.02
2020-08-23	200	1	12952209	69.02
2020-08-24	217	2	12952209	69.02
2020-08-25	231	1	12952209	69.02
2020-08-26	88	0	12952209	69.02
2020-08-27	47	0	12952209	69.02
2020-08-28	70	1	12952209	69.02
2020-08-29	101	0	12952209	69.02
2020-08-30	177	0	12952209	69.02
2020-08-31	43	0	12952209	69.02
2020-09-01	79	0	12952209	69.02
2020-09-02	76	1	12952209	69.02
2020-09-03	37	1	12952209	69.02
2020-09-04	49	0	12952209	69.02
2020-09-05	45	0	12952209	69.02
2020-09-06	25	1	12952209	69.02
2020-09-07	35	0	12952209	69.02
2020-09-08	30	1	12952209	69.02
2020-09-09	21	1	12952209	69.02
2020-09-10	19	1	12952209	69.02
2020-09-11	55	0	12952209	69.02
2020-09-12	31	0	12952209	69.02
2020-09-13	26	0	12952209	69.02
2020-09-14	11	0	12952209	69.02
2020-09-15	22	0	12952209	69.02
2020-09-16	10	0	12952209	69.02
2020-09-17	19	1	12952209	69.02
2020-09-18	18	2	12952209	69.02
2020-09-19	18	1	12952209	69.02
2020-09-20	22	0	12952209	69.02
2020-09-21	11	1	12952209	69.02
2020-09-22	16	0	12952209	69.02
2020-09-23	41	0	12952209	69.02
2020-09-24	10	0	12952209	69.02
2020-09-25	9	2	12952209	69.02
2020-09-26	13	0	12952209	69.02
2020-09-27	9	0	12952209	69.02
2020-09-28	12	0	12952209	69.02
2020-09-29	4	0	12952209	69.02
2020-09-30	4	0	12952209	69.02
2020-10-01	3	0	12952209	69.02
2020-10-02	4	0	12952209	69.02
2020-10-03	5	0	12952209	69.02
2020-10-04	14	0	12952209	69.02
2020-10-05	1	0	12952209	69.02
2020-10-06	6	0	12952209	69.02
2020-10-07	10	0	12952209	69.02
2020-10-08	2	0	12952209	69.02
2020-10-09	5	1	12952209	69.02
2020-10-10	2	0	12952209	69.02
2020-10-11	4	1	12952209	69.02
2020-10-12	9	1	12952209	69.02
2020-10-13	3	0	12952209	69.02
2020-10-14	32	1	12952209	69.02
2020-10-15	13	0	12952209	69.02
2020-10-16	12	1	12952209	69.02
2020-10-17	6	0	12952209	69.02
2020-10-18	3	0	12952209	69.02
2020-10-19	18	0	12952209	69.02
2020-10-20	4	0	12952209	69.02
2020-10-21	16	0	12952209	69.02
2020-10-22	5	0	12952209	69.02
2020-10-23	35	0	12952209	69.02
2020-10-24	8	0	12952209	69.02
2020-10-25	6	0	12952209	69.02
2020-10-26	7	0	12952209	69.02
2020-10-27	11	1	12952209	69.02
2020-10-28	45	0	12952209	69.02
2020-10-29	2	0	12952209	69.02
2020-10-30	3	0	12952209	69.02
2020-10-31	3	0	12952209	69.02
2020-11-01	9	0	12952209	69.02
2020-11-02	9	0	12952209	69.02
2020-11-03	7	0	12952209	69.02
2020-11-04	12	0	12952209	69.02
2020-11-05	18	1	12952209	69.02
2020-11-06	16	0	12952209	69.02
2020-11-07	5	0	12952209	69.02
2020-11-08	9	0	12952209	69.02
2020-11-09	20	2	12952209	69.02
2020-11-10	20	2	12952209	69.02
2020-11-11	50	1	12952209	69.02
2020-11-12	7	0	12952209	69.02
2020-11-13	43	1	12952209	69.02
2020-11-14	32	0	12952209	69.02
2020-11-15	61	3	12952209	69.02
2020-11-16	36	0	12952209	69.02
2020-11-17	16	1	12952209	69.02
2020-11-18	36	0	12952209	69.02
2020-11-19	29	0	12952209	69.02
2020-11-20	14	0	12952209	69.02
2020-11-21	34	0	12952209	69.02
2020-11-22	45	1	12952209	69.02
2020-11-23	61	0	12952209	69.02
2020-11-24	24	0	12952209	69.02
2020-11-25	29	0	12952209	69.02
2020-11-26	72	0	12952209	69.02
2020-11-27	21	0	12952209	69.02
2020-11-28	19	0	12952209	69.02
2020-11-29	28	1	12952209	69.02
2020-11-30	15	1	12952209	69.02
2020-12-01	14	0	12952209	69.02
2020-12-02	46	1	12952209	69.02
2020-12-03	17	0	12952209	69.02
2020-12-04	32	1	12952209	69.02
2020-12-05	41	0	12952209	69.02
2020-12-06	45	0	12952209	69.02
2020-12-07	62	0	12952209	69.02
2020-12-08	46	0	12952209	69.02
2020-12-09	41	2	12952209	69.02
2020-12-10	71	0	12952209	69.02
2020-12-11	79	1	12952209	69.02
2020-12-12	100	2	12952209	69.02
2020-12-13	131	0	12952209	69.02
2020-12-14	88	0	12952209	69.02
2020-12-15	85	1	12952209	69.02
2020-12-16	122	0	12952209	69.02
2020-12-17	78	0	12952209	69.02
2020-12-18	73	0	12952209	69.02
2020-12-19	127	2	12952209	69.02
2020-12-20	61	4	12952209	69.02
2020-12-21	109	2	12952209	69.02
2020-12-22	109	1	12952209	69.02
2020-12-23	87	0	12952209	69.02
2020-12-24	72	3	12952209	69.02
2020-12-25	73	0	12952209	69.02
2020-12-26	74	3	12952209	69.02
2020-12-27	153	2	12952209	69.02
2020-12-28	51	1	12952209	69.02
2020-12-29	107	4	12952209	69.02
2020-12-30	122	7	12952209	69.02
2020-12-31	133	6	12952209	69.02
2021-01-01	77	2	12952209	69.02
2021-01-02	107	4	12952209	69.02
2021-01-03	109	3	12952209	69.02
2021-01-04	172	4	12952209	69.02
2021-01-05	107	5	12952209	69.02
2021-01-06	103	2	12952209	69.02
2021-01-07	167	1	12952209	69.02
2021-01-08	143	2	12952209	69.02
2021-01-09	93	3	12952209	69.02
2021-01-10	169	2	12952209	69.02
2021-01-11	154	4	12952209	69.02
2021-01-12	166	1	12952209	69.02
2021-01-13	172	3	12952209	69.02
2021-01-14	194	5	12952209	69.02
2021-01-15	257	5	12952209	69.02
2021-01-16	277	2	12952209	69.02
2021-01-17	182	2	12952209	69.02
2021-01-18	227	4	12952209	69.02
2021-01-19	289	2	12952209	69.02
2021-01-20	312	5	12952209	69.02
2021-01-21	310	9	12952209	69.02
2021-01-22	273	3	12952209	69.02
2021-01-23	204	7	12952209	69.02
2021-01-24	328	2	12952209	69.02
2021-01-25	336	3	12952209	69.02
2021-01-26	574	4	12952209	69.02
2021-01-27	281	2	12952209	69.02
2021-01-28	363	3	12952209	69.02
2021-01-29	255	2	12952209	69.02
2021-01-30	334	5	12952209	69.02
2021-01-31	186	3	12952209	69.02
2021-02-01	155	2	12952209	69.02
2021-02-02	229	7	12952209	69.02
2021-02-03	146	3	12952209	69.02
2021-02-04	154	2	12952209	69.02
2021-02-05	198	3	12952209	69.02
2021-02-06	151	4	12952209	69.02
2021-02-07	114	3	12952209	69.02
2021-02-08	170	3	12952209	69.02
2021-02-09	190	3	12952209	69.02
2021-02-10	130	3	12952209	69.02
2021-02-11	127	2	12952209	69.02
2021-02-12	132	5	12952209	69.02
2021-02-13	67	0	12952209	69.02
2021-02-14	76	3	12952209	69.02
2021-02-15	141	0	12952209	69.02
2021-02-16	110	1	12952209	69.02
2021-02-17	122	3	12952209	69.02
2021-02-18	119	0	12952209	69.02
2021-02-19	94	2	12952209	69.02
2021-02-20	59	2	12952209	69.02
2021-02-21	65	2	12952209	69.02
2021-02-22	146	3	12952209	69.02
2021-02-23	126	1	12952209	69.02
2021-02-24	118	1	12952209	69.02
2021-02-25	110	4	12952209	69.02
2021-02-26	136	0	12952209	69.02
2021-02-27	101	3	12952209	69.02
2021-02-28	60	0	12952209	69.02
2021-03-01	136	3	12952209	69.02
2021-03-02	125	1	12952209	69.02
2021-03-03	87	0	12952209	69.02
2021-03-04	136	1	12952209	69.02
2021-03-05	92	1	12952209	69.02
2021-03-06	83	0	12952209	69.02
2021-03-07	42	1	12952209	69.02
2021-03-08	108	0	12952209	69.02
2021-03-09	120	2	12952209	69.02
2021-03-10	67	1	12952209	69.02
2021-03-11	99	2	12952209	69.02
2021-03-12	112	2	12952209	69.02
2021-03-13	86	1	12952209	69.02
2021-03-14	43	4	12952209	69.02
2021-03-15	116	2	12952209	69.02
2021-03-16	110	0	12952209	69.02
2021-03-17	68	1	12952209	69.02
2021-03-18	71	1	12952209	69.02
2021-03-19	130	3	12952209	69.02
2021-03-20	80	0	12952209	69.02
2021-03-21	67	3	12952209	69.02
