2020-03-02	1	0	34813867	75.13
2020-03-03	0	0	34813867	75.13
2020-03-04	0	0	34813867	75.13
2020-03-05	4	0	34813867	75.13
2020-03-06	0	0	34813867	75.13
2020-03-07	0	0	34813867	75.13
2020-03-08	6	0	34813867	75.13
2020-03-09	4	0	34813867	75.13
2020-03-10	5	0	34813867	75.13
2020-03-11	1	0	34813867	75.13
2020-03-12	24	0	34813867	75.13
2020-03-13	41	0	34813867	75.13
2020-03-14	17	0	34813867	75.13
2020-03-15	0	0	34813867	75.13
2020-03-16	15	0	34813867	75.13
2020-03-17	53	0	34813867	75.13
2020-03-18	0	0	34813867	75.13
2020-03-19	103	0	34813867	75.13
2020-03-20	70	0	34813867	75.13
2020-03-21	48	0	34813867	75.13
2020-03-22	119	0	34813867	75.13
2020-03-23	51	0	34813867	75.13
2020-03-24	205	1	34813867	75.13
2020-03-25	133	1	34813867	75.13
2020-03-26	112	1	34813867	75.13
2020-03-27	92	0	34813867	75.13
2020-03-28	99	1	34813867	75.13
2020-03-29	96	4	34813867	75.13
2020-03-30	154	0	34813867	75.13
2020-03-31	110	2	34813867	75.13
2020-04-01	157	6	34813867	75.13
2020-04-02	165	5	34813867	75.13
2020-04-03	154	4	34813867	75.13
2020-04-04	140	4	34813867	75.13
2020-04-05	223	5	34813867	75.13
2020-04-06	203	4	34813867	75.13
2020-04-07	190	3	34813867	75.13
2020-04-08	137	0	34813867	75.13
2020-04-09	355	3	34813867	75.13
2020-04-10	364	3	34813867	75.13
2020-04-11	382	5	34813867	75.13
2020-04-12	429	7	34813867	75.13
2020-04-13	472	6	34813867	75.13
2020-04-14	435	8	34813867	75.13
2020-04-15	493	6	34813867	75.13
2020-04-16	518	4	34813867	75.13
2020-04-17	762	4	34813867	75.13
2020-04-18	1132	5	34813867	75.13
2020-04-19	1088	5	34813867	75.13
2020-04-20	1122	6	34813867	75.13
2020-04-21	1147	6	34813867	75.13
2020-04-22	1141	5	34813867	75.13
2020-04-23	1158	7	34813867	75.13
2020-04-24	1172	6	34813867	75.13
2020-04-25	1197	9	34813867	75.13
2020-04-26	1223	3	34813867	75.13
2020-04-27	1289	5	34813867	75.13
2020-04-28	1266	8	34813867	75.13
2020-04-29	1325	5	34813867	75.13
2020-04-30	1351	5	34813867	75.13
2020-05-01	1344	7	34813867	75.13
2020-05-02	1362	7	34813867	75.13
2020-05-03	1552	8	34813867	75.13
2020-05-04	1645	7	34813867	75.13
2020-05-05	1595	9	34813867	75.13
2020-05-06	1687	9	34813867	75.13
2020-05-07	1793	10	34813867	75.13
2020-05-08	1701	10	34813867	75.13
2020-05-09	1704	10	34813867	75.13
2020-05-10	1912	7	34813867	75.13
2020-05-11	1966	9	34813867	75.13
2020-05-12	1911	9	34813867	75.13
2020-05-13	1905	9	34813867	75.13
2020-05-14	2039	10	34813867	75.13
2020-05-15	2307	9	34813867	75.13
2020-05-16	2840	10	34813867	75.13
2020-05-17	2736	10	34813867	75.13
2020-05-18	2593	8	34813867	75.13
2020-05-19	2509	9	34813867	75.13
2020-05-20	2691	10	34813867	75.13
2020-05-21	2532	12	34813867	75.13
2020-05-22	2642	13	34813867	75.13
2020-05-23	2442	15	34813867	75.13
2020-05-24	2399	11	34813867	75.13
2020-05-25	2235	9	34813867	75.13
2020-05-26	1931	12	34813867	75.13
2020-05-27	1815	14	34813867	75.13
2020-05-28	1644	16	34813867	75.13
2020-05-29	1581	17	34813867	75.13
2020-05-30	1618	22	34813867	75.13
2020-05-31	1877	23	34813867	75.13
2020-06-01	1881	22	34813867	75.13
2020-06-02	1869	24	34813867	75.13
2020-06-03	2171	30	34813867	75.13
2020-06-04	1975	32	34813867	75.13
2020-06-05	2591	31	34813867	75.13
2020-06-06	3121	34	34813867	75.13
2020-06-07	3045	36	34813867	75.13
2020-06-08	3369	34	34813867	75.13
2020-06-09	3288	37	34813867	75.13
2020-06-10	3717	36	34813867	75.13
2020-06-11	3733	38	34813867	75.13
2020-06-12	3921	36	34813867	75.13
2020-06-13	3366	39	34813867	75.13
2020-06-14	4233	40	34813867	75.13
2020-06-15	4507	39	34813867	75.13
2020-06-16	4267	41	34813867	75.13
2020-06-17	4919	39	34813867	75.13
2020-06-18	4757	48	34813867	75.13
2020-06-19	4301	45	34813867	75.13
2020-06-20	3941	46	34813867	75.13
2020-06-21	3379	37	34813867	75.13
2020-06-22	3393	40	34813867	75.13
2020-06-23	3139	39	34813867	75.13
2020-06-24	3123	41	34813867	75.13
2020-06-25	3372	41	34813867	75.13
2020-06-26	3938	46	34813867	75.13
2020-06-27	3927	37	34813867	75.13
2020-06-28	3989	40	34813867	75.13
2020-06-29	3943	48	34813867	75.13
2020-06-30	4387	50	34813867	75.13
2020-07-01	3402	49	34813867	75.13
2020-07-02	3383	54	34813867	75.13
2020-07-03	4193	50	34813867	75.13
2020-07-04	4128	56	34813867	75.13
2020-07-05	3580	58	34813867	75.13
2020-07-06	4207	52	34813867	75.13
2020-07-07	3392	49	34813867	75.13
2020-07-08	3036	42	34813867	75.13
2020-07-09	3183	41	34813867	75.13
2020-07-10	3159	51	34813867	75.13
2020-07-11	2994	30	34813867	75.13
2020-07-12	2779	42	34813867	75.13
2020-07-13	2852	20	34813867	75.13
2020-07-14	2692	40	34813867	75.13
2020-07-15	2671	42	34813867	75.13
2020-07-16	2764	45	34813867	75.13
2020-07-17	2613	37	34813867	75.13
2020-07-18	2565	40	34813867	75.13
2020-07-19	2504	39	34813867	75.13
2020-07-20	2429	37	34813867	75.13
2020-07-21	2476	34	34813867	75.13
2020-07-22	2331	44	34813867	75.13
2020-07-23	2238	34	34813867	75.13
2020-07-24	2378	37	34813867	75.13
2020-07-25	2201	31	34813867	75.13
2020-07-26	1968	30	34813867	75.13
2020-07-27	1993	27	34813867	75.13
2020-07-28	1897	29	34813867	75.13
2020-07-29	1759	27	34813867	75.13
2020-07-30	1629	26	34813867	75.13
2020-07-31	1686	24	34813867	75.13
2020-08-01	1573	21	34813867	75.13
2020-08-02	1357	30	34813867	75.13
2020-08-03	1258	32	34813867	75.13
2020-08-04	1363	35	34813867	75.13
2020-08-05	1368	36	34813867	75.13
2020-08-06	1402	35	34813867	75.13
2020-08-07	1567	38	34813867	75.13
2020-08-08	1469	37	34813867	75.13
2020-08-09	1428	37	34813867	75.13
2020-08-10	1257	32	34813867	75.13
2020-08-11	1521	34	34813867	75.13
2020-08-12	1569	36	34813867	75.13
2020-08-13	1482	34	34813867	75.13
2020-08-14	1383	35	34813867	75.13
2020-08-15	1413	31	34813867	75.13
2020-08-16	1227	39	34813867	75.13
2020-08-17	1372	28	34813867	75.13
2020-08-18	1409	34	34813867	75.13
2020-08-19	1363	36	34813867	75.13
2020-08-20	1287	42	34813867	75.13
2020-08-21	1213	32	34813867	75.13
2020-08-22	1184	39	34813867	75.13
2020-08-23	1109	30	34813867	75.13
2020-08-24	1175	42	34813867	75.13
2020-08-25	1114	31	34813867	75.13
2020-08-26	1068	33	34813867	75.13
2020-08-27	1019	30	34813867	75.13
2020-08-28	1069	28	34813867	75.13
2020-08-29	987	27	34813867	75.13
2020-08-30	910	30	34813867	75.13
2020-08-31	951	27	34813867	75.13
2020-09-01	898	32	34813867	75.13
2020-09-02	816	27	34813867	75.13
2020-09-03	833	26	34813867	75.13
2020-09-04	822	33	34813867	75.13
2020-09-05	791	34	34813867	75.13
2020-09-06	756	32	34813867	75.13
2020-09-07	768	26	34813867	75.13
2020-09-08	781	30	34813867	75.13
2020-09-09	775	28	34813867	75.13
2020-09-10	708	24	34813867	75.13
2020-09-11	687	24	34813867	75.13
2020-09-12	643	27	34813867	75.13
2020-09-13	601	28	34813867	75.13
2020-09-14	607	37	34813867	75.13
2020-09-15	672	33	34813867	75.13
2020-09-16	621	31	34813867	75.13
2020-09-17	593	30	34813867	75.13
2020-09-18	576	31	34813867	75.13
2020-09-19	551	28	34813867	75.13
2020-09-20	483	27	34813867	75.13
2020-09-21	492	27	34813867	75.13
2020-09-22	552	30	34813867	75.13
2020-09-23	561	27	34813867	75.13
2020-09-24	498	30	34813867	75.13
2020-09-25	472	26	34813867	75.13
2020-09-26	461	30	34813867	75.13
2020-09-27	403	28	34813867	75.13
2020-09-28	455	29	34813867	75.13
2020-09-29	539	27	34813867	75.13
2020-09-30	418	29	34813867	75.13
2020-10-01	492	26	34813867	75.13
2020-10-02	481	29	34813867	75.13
2020-10-03	419	27	34813867	75.13
2020-10-04	390	25	34813867	75.13
2020-10-05	379	23	34813867	75.13
2020-10-06	477	25	34813867	75.13
2020-10-07	468	24	34813867	75.13
2020-10-08	421	25	34813867	75.13
2020-10-09	407	24	34813867	75.13
2020-10-10	405	22	34813867	75.13
2020-10-11	323	25	34813867	75.13
2020-10-12	348	25	34813867	75.13
2020-10-13	474	19	34813867	75.13
2020-10-14	501	21	34813867	75.13
2020-10-15	472	19	34813867	75.13
2020-10-16	433	17	34813867	75.13
2020-10-17	359	21	34813867	75.13
2020-10-18	348	20	34813867	75.13
2020-10-19	381	16	34813867	75.13
2020-10-20	385	16	34813867	75.13
2020-10-21	405	18	34813867	75.13
2020-10-22	401	15	34813867	75.13
2020-10-23	383	14	34813867	75.13
2020-10-24	395	17	34813867	75.13
2020-10-25	323	15	34813867	75.13
2020-10-26	357	17	34813867	75.13
2020-10-27	399	16	34813867	75.13
2020-10-28	416	19	34813867	75.13
2020-10-29	435	15	34813867	75.13
2020-10-30	398	20	34813867	75.13
2020-10-31	402	19	34813867	75.13
2020-11-01	374	18	34813867	75.13
2020-11-02	381	17	34813867	75.13
2020-11-03	473	19	34813867	75.13
2020-11-04	426	15	34813867	75.13
2020-11-05	450	18	34813867	75.13
2020-11-06	436	17	34813867	75.13
2020-11-07	407	19	34813867	75.13
2020-11-08	363	15	34813867	75.13
2020-11-09	392	19	34813867	75.13
2020-11-10	471	17	34813867	75.13
2020-11-11	394	14	34813867	75.13
2020-11-12	311	15	34813867	75.13
2020-11-13	441	20	34813867	75.13
2020-11-14	349	16	34813867	75.13
2020-11-15	305	16	34813867	75.13
2020-11-16	301	19	34813867	75.13
2020-11-17	362	16	34813867	75.13
2020-11-18	290	18	34813867	75.13
2020-11-19	319	19	34813867	75.13
2020-11-20	286	16	34813867	75.13
2020-11-21	221	16	34813867	75.13
2020-11-22	224	19	34813867	75.13
2020-11-23	231	16	34813867	75.13
2020-11-24	252	15	34813867	75.13
2020-11-25	326	14	34813867	75.13
2020-11-26	322	15	34813867	75.13
2020-11-27	302	17	34813867	75.13
2020-11-28	220	13	34813867	75.13
2020-11-29	217	14	34813867	75.13
2020-11-30	232	12	34813867	75.13
2020-12-01	263	11	34813867	75.13
2020-12-02	249	12	34813867	75.13
2020-12-03	230	11	34813867	75.13
2020-12-04	234	10	34813867	75.13
2020-12-05	190	14	34813867	75.13
2020-12-06	187	11	34813867	75.13
2020-12-07	209	12	34813867	75.13
2020-12-08	193	12	34813867	75.13
2020-12-09	159	13	34813867	75.13
2020-12-10	141	10	34813867	75.13
2020-12-11	168	11	34813867	75.13
2020-12-12	166	13	34813867	75.13
2020-12-13	139	12	34813867	75.13
2020-12-14	125	11	34813867	75.13
2020-12-15	142	10	34813867	75.13
2020-12-16	180	11	34813867	75.13
2020-12-17	181	11	34813867	75.13
2020-12-18	174	10	34813867	75.13
2020-12-19	158	11	34813867	75.13
2020-12-20	162	10	34813867	75.13
2020-12-21	168	9	34813867	75.13
2020-12-22	181	8	34813867	75.13
2020-12-23	177	9	34813867	75.13
2020-12-24	189	11	34813867	75.13
2020-12-25	178	9	34813867	75.13
2020-12-26	163	8	34813867	75.13
2020-12-27	154	9	34813867	75.13
2020-12-28	119	11	34813867	75.13
2020-12-29	149	8	34813867	75.13
2020-12-30	113	10	34813867	75.13
2020-12-31	140	9	34813867	75.13
2021-01-01	137	7	34813867	75.13
2021-01-02	101	9	34813867	75.13
2021-01-03	82	7	34813867	75.13
2021-01-04	94	10	34813867	75.13
2021-01-05	104	9	34813867	75.13
2021-01-06	118	7	34813867	75.13
2021-01-07	108	6	34813867	75.13
2021-01-08	97	4	34813867	75.13
2021-01-09	110	4	34813867	75.13
2021-01-10	117	5	34813867	75.13
2021-01-11	140	4	34813867	75.13
2021-01-12	147	5	34813867	75.13
2021-01-13	175	4	34813867	75.13
2021-01-14	169	6	34813867	75.13
2021-01-15	173	3	34813867	75.13
2021-01-16	140	5	34813867	75.13
2021-01-17	176	5	34813867	75.13
2021-01-18	170	6	34813867	75.13
2021-01-19	226	6	34813867	75.13
2021-01-20	238	3	34813867	75.13
2021-01-21	212	4	34813867	75.13
2021-01-22	213	4	34813867	75.13
2021-01-23	197	4	34813867	75.13
2021-01-24	186	2	34813867	75.13
2021-01-25	213	3	34813867	75.13
2021-01-26	223	4	34813867	75.13
2021-01-27	216	4	34813867	75.13
2021-01-28	253	3	34813867	75.13
2021-01-29	267	2	34813867	75.13
2021-01-30	270	4	34813867	75.13
2021-01-31	261	3	34813867	75.13
2021-02-01	255	4	34813867	75.13
2021-02-02	310	4	34813867	75.13
2021-02-03	306	3	34813867	75.13
2021-02-04	303	3	34813867	75.13
2021-02-05	327	4	34813867	75.13
2021-02-06	386	4	34813867	75.13
2021-02-07	317	5	34813867	75.13
2021-02-08	356	4	34813867	75.13
2021-02-09	353	4	34813867	75.13
2021-02-10	369	5	34813867	75.13
2021-02-11	364	5	34813867	75.13
2021-02-12	353	4	34813867	75.13
2021-02-13	337	5	34813867	75.13
2021-02-14	322	4	34813867	75.13
2021-02-15	314	5	34813867	75.13
2021-02-16	322	3	34813867	75.13
2021-02-17	334	4	34813867	75.13
2021-02-18	327	5	34813867	75.13
2021-02-19	337	4	34813867	75.13
2021-02-20	325	3	34813867	75.13
2021-02-21	315	4	34813867	75.13
2021-02-22	327	5	34813867	75.13
2021-02-23	335	4	34813867	75.13
2021-02-24	353	5	34813867	75.13
2021-02-25	356	5	34813867	75.13
2021-02-26	346	3	34813867	75.13
2021-02-27	338	5	34813867	75.13
2021-02-28	322	6	34813867	75.13
2021-03-01	317	6	34813867	75.13
2021-03-02	302	5	34813867	75.13
2021-03-03	331	5	34813867	75.13
2021-03-04	375	4	34813867	75.13
2021-03-05	384	5	34813867	75.13
2021-03-06	382	5	34813867	75.13
2021-03-07	357	4	34813867	75.13
2021-03-08	351	6	34813867	75.13
2021-03-09	390	5	34813867	75.13
2021-03-10	386	6	34813867	75.13
2021-03-11	390	6	34813867	75.13
2021-03-12	360	5	34813867	75.13
2021-03-13	351	7	34813867	75.13
2021-03-14	348	4	34813867	75.13
2021-03-15	345	6	34813867	75.13
2021-03-16	354	5	34813867	75.13
2021-03-17	393	7	34813867	75.13
2021-03-18	381	6	34813867	75.13
2021-03-19	391	5	34813867	75.13
2021-03-20	382	6	34813867	75.13
2021-03-21	367	7	34813867	75.13