2020-02-28	0	0	16743930	67.94
2020-02-29	0	0	16743930	67.94
2020-03-01	0	0	16743930	67.94
2020-03-02	1	0	16743930	67.94
2020-03-03	1	0	16743930	67.94
2020-03-04	2	0	16743930	67.94
2020-03-05	0	0	16743930	67.94
2020-03-06	0	0	16743930	67.94
2020-03-07	0	0	16743930	67.94
2020-03-08	0	0	16743930	67.94
2020-03-09	0	0	16743930	67.94
2020-03-10	0	0	16743930	67.94
2020-03-11	0	0	16743930	67.94
2020-03-12	0	0	16743930	67.94
2020-03-13	6	0	16743930	67.94
2020-03-14	0	0	16743930	67.94
2020-03-15	14	0	16743930	67.94
2020-03-16	0	0	16743930	67.94
2020-03-17	2	0	16743930	67.94
2020-03-18	5	0	16743930	67.94
2020-03-19	0	0	16743930	67.94
2020-03-20	7	0	16743930	67.94
2020-03-21	9	0	16743930	67.94
2020-03-22	20	0	16743930	67.94
2020-03-23	12	0	16743930	67.94
2020-03-24	7	0	16743930	67.94
2020-03-25	13	0	16743930	67.94
2020-03-26	6	0	16743930	67.94
2020-03-27	14	0	16743930	67.94
2020-03-28	11	0	16743930	67.94
2020-03-29	12	0	16743930	67.94
2020-03-30	20	0	16743930	67.94
2020-03-31	13	0	16743930	67.94
2020-04-01	15	1	16743930	67.94
2020-04-02	5	0	16743930	67.94
2020-04-03	12	0	16743930	67.94
2020-04-04	12	1	16743930	67.94
2020-04-05	3	0	16743930	67.94
2020-04-06	4	0	16743930	67.94
2020-04-07	11	0	16743930	67.94
2020-04-08	7	0	16743930	67.94
2020-04-09	6	0	16743930	67.94
2020-04-10	15	0	16743930	67.94
2020-04-11	13	0	16743930	67.94
2020-04-12	2	0	16743930	67.94
2020-04-13	11	0	16743930	67.94
2020-04-14	8	0	16743930	67.94
2020-04-15	15	0	16743930	67.94
2020-04-16	21	0	16743930	67.94
2020-04-17	7	0	16743930	67.94
2020-04-18	8	1	16743930	67.94
2020-04-19	17	0	16743930	67.94
2020-04-20	10	2	16743930	67.94
2020-04-21	35	0	16743930	67.94
2020-04-22	30	1	16743930	67.94
2020-04-23	37	0	16743930	67.94
2020-04-24	66	1	16743930	67.94
2020-04-25	69	0	16743930	67.94
2020-04-26	57	2	16743930	67.94
2020-04-27	65	0	16743930	67.94
2020-04-28	87	0	16743930	67.94
2020-04-29	59	0	16743930	67.94
2020-04-30	51	0	16743930	67.94
2020-05-01	91	0	16743930	67.94
2020-05-02	91	0	16743930	67.94
2020-05-03	67	0	16743930	67.94
2020-05-04	89	1	16743930	67.94
2020-05-05	58	1	16743930	67.94
2020-05-06	104	1	16743930	67.94
2020-05-07	59	1	16743930	67.94
2020-05-08	59	0	16743930	67.94
2020-05-09	83	4	16743930	67.94
2020-05-10	75	2	16743930	67.94
2020-05-11	177	0	16743930	67.94
2020-05-12	109	0	16743930	67.94
2020-05-13	110	2	16743930	67.94
2020-05-14	84	2	16743930	67.94
2020-05-15	121	2	16743930	67.94
2020-05-16	119	0	16743930	67.94
2020-05-17	51	0	16743930	67.94
2020-05-18	64	1	16743930	67.94
2020-05-19	73	4	16743930	67.94
2020-05-20	97	0	16743930	67.94
2020-05-21	98	3	16743930	67.94
2020-05-22	97	0	16743930	67.94
2020-05-23	67	1	16743930	67.94
2020-05-24	71	1	16743930	67.94
2020-05-25	83	0	16743930	67.94
2020-05-26	31	1	16743930	67.94
2020-05-27	92	2	16743930	67.94
2020-05-28	95	1	16743930	67.94
2020-05-29	81	2	16743930	67.94
2020-05-30	106	1	16743930	67.94
2020-05-31	110	0	16743930	67.94
2020-06-01	94	0	16743930	67.94
2020-06-02	97	1	16743930	67.94
2020-06-03	96	2	16743930	67.94
2020-06-04	89	0	16743930	67.94
2020-06-05	134	0	16743930	67.94
2020-06-06	94	2	16743930	67.94
2020-06-07	79	2	16743930	67.94
2020-06-08	99	0	16743930	67.94
2020-06-09	89	3	16743930	67.94
2020-06-10	124	0	16743930	67.94
2020-06-11	119	3	16743930	67.94
2020-06-12	92	1	16743930	67.94
2020-06-13	145	4	16743930	67.94
2020-06-14	94	0	16743930	67.94
2020-06-15	83	4	16743930	67.94
2020-06-16	74	6	16743930	67.94
2020-06-17	122	3	16743930	67.94
2020-06-18	106	3	16743930	67.94
2020-06-19	164	3	16743930	67.94
2020-06-20	144	3	16743930	67.94
2020-06-21	105	2	16743930	67.94
2020-06-22	82	2	16743930	67.94
2020-06-23	64	3	16743930	67.94
2020-06-24	95	4	16743930	67.94
2020-06-25	104	1	16743930	67.94
2020-06-26	121	4	16743930	67.94
2020-06-27	105	4	16743930	67.94
2020-06-28	127	3	16743930	67.94
2020-06-29	112	3	16743930	67.94
2020-06-30	95	4	16743930	67.94
2020-07-01	132	4	16743930	67.94
2020-07-02	129	5	16743930	67.94
2020-07-03	110	4	16743930	67.94
2020-07-04	108	4	16743930	67.94
2020-07-05	128	4	16743930	67.94
2020-07-06	78	3	16743930	67.94
2020-07-07	69	1	16743930	67.94
2020-07-08	110	4	16743930	67.94
2020-07-09	127	2	16743930	67.94
2020-07-10	98	2	16743930	67.94
2020-07-11	132	0	16743930	67.94
2020-07-12	121	3	16743930	67.94
2020-07-13	63	2	16743930	67.94
2020-07-14	45	0	16743930	67.94
2020-07-15	126	3	16743930	67.94
2020-07-16	112	3	16743930	67.94
2020-07-17	63	4	16743930	67.94
2020-07-18	125	3	16743930	67.94
2020-07-19	141	4	16743930	67.94
2020-07-20	138	3	16743930	67.94
2020-07-21	37	4	16743930	67.94
2020-07-22	136	3	16743930	67.94
2020-07-23	145	1	16743930	67.94
2020-07-24	156	4	16743930	67.94
2020-07-25	130	5	16743930	67.94
2020-07-26	129	4	16743930	67.94
2020-07-27	83	3	16743930	67.94
2020-07-28	41	4	16743930	67.94
2020-07-29	156	2	16743930	67.94
2020-07-30	145	4	16743930	67.94
2020-07-31	126	1	16743930	67.94
2020-08-01	52	4	16743930	67.94
2020-08-02	60	0	16743930	67.94
2020-08-03	42	2	16743930	67.94
2020-08-04	46	3	16743930	67.94
2020-08-05	106	4	16743930	67.94
2020-08-06	177	5	16743930	67.94
2020-08-07	172	2	16743930	67.94
2020-08-08	116	4	16743930	67.94
2020-08-09	172	3	16743930	67.94
2020-08-10	137	4	16743930	67.94
2020-08-11	68	2	16743930	67.94
2020-08-12	207	4	16743930	67.94
2020-08-13	153	2	16743930	67.94
2020-08-14	132	5	16743930	67.94
2020-08-15	160	2	16743930	67.94
2020-08-16	130	2	16743930	67.94
2020-08-17	75	3	16743930	67.94
2020-08-18	68	0	16743930	67.94
2020-08-19	141	2	16743930	67.94
2020-08-20	113	3	16743930	67.94
2020-08-21	130	1	16743930	67.94
2020-08-22	161	4	16743930	67.94
2020-08-23	99	3	16743930	67.94
2020-08-24	64	3	16743930	67.94
2020-08-25	43	2	16743930	67.94
2020-08-26	130	1	16743930	67.94
2020-08-27	108	2	16743930	67.94
2020-08-28	90	2	16743930	67.94
2020-08-29	72	3	16743930	67.94
2020-08-30	100	2	16743930	67.94
2020-08-31	55	0	16743930	67.94
2020-09-01	44	0	16743930	67.94
2020-09-02	88	3	16743930	67.94
2020-09-03	83	0	16743930	67.94
2020-09-04	55	2	16743930	67.94
2020-09-05	67	1	16743930	67.94
2020-09-06	39	0	16743930	67.94
2020-09-07	27	1	16743930	67.94
2020-09-08	30	1	16743930	67.94
2020-09-09	58	1	16743930	67.94
2020-09-10	48	0	16743930	67.94
2020-09-11	43	0	16743930	67.94
2020-09-12	44	2	16743930	67.94
2020-09-13	43	2	16743930	67.94
2020-09-14	26	0	16743930	67.94
2020-09-15	223	1	16743930	67.94
2020-09-16	39	1	16743930	67.94
2020-09-17	50	1	16743930	67.94
2020-09-18	27	1	16743930	67.94
2020-09-19	43	1	16743930	67.94
2020-09-20	26	0	16743930	67.94
2020-09-21	24	0	16743930	67.94
2020-09-22	21	0	16743930	67.94
2020-09-23	36	1	16743930	67.94
2020-09-24	21	1	16743930	67.94
2020-09-25	23	0	16743930	67.94
2020-09-26	30	2	16743930	67.94
2020-09-27	40	2	16743930	67.94
2020-09-28	10	1	16743930	67.94
2020-09-29	26	1	16743930	67.94
2020-09-30	37	1	16743930	67.94
2020-10-01	37	0	16743930	67.94
2020-10-02	32	1	16743930	67.94
2020-10-03	17	0	16743930	67.94
2020-10-04	26	0	16743930	67.94
2020-10-05	28	0	16743930	67.94
2020-10-06	19	0	16743930	67.94
2020-10-07	33	1	16743930	67.94
2020-10-08	16	0	16743930	67.94
2020-10-09	23	0	16743930	67.94
2020-10-10	31	1	16743930	67.94
2020-10-11	24	0	16743930	67.94
2020-10-12	24	1	16743930	67.94
2020-10-13	15	0	16743930	67.94
2020-10-14	24	1	16743930	67.94
2020-10-15	17	0	16743930	67.94
2020-10-16	20	1	16743930	67.94
2020-10-17	24	0	16743930	67.94
2020-10-18	26	0	16743930	67.94
2020-10-19	14	2	16743930	67.94
2020-10-20	27	1	16743930	67.94
2020-10-21	25	1	16743930	67.94
2020-10-22	24	0	16743930	67.94
2020-10-23	17	0	16743930	67.94
2020-10-24	18	0	16743930	67.94
2020-10-25	8	0	16743930	67.94
2020-10-26	14	1	16743930	67.94
2020-10-27	6	0	16743930	67.94
2020-10-28	11	0	16743930	67.94
2020-10-29	11	1	16743930	67.94
2020-10-30	12	0	16743930	67.94
2020-10-31	11	1	16743930	67.94
2020-11-01	14	1	16743930	67.94
2020-11-02	7	0	16743930	67.94
2020-11-03	3	1	16743930	67.94
2020-11-04	10	0	16743930	67.94
2020-11-05	18	0	16743930	67.94
2020-11-06	8	0	16743930	67.94
2020-11-07	17	0	16743930	67.94
2020-11-08	15	0	16743930	67.94
2020-11-09	3	0	16743930	67.94
2020-11-10	9	0	16743930	67.94
2020-11-11	15	0	16743930	67.94
2020-11-12	9	0	16743930	67.94
2020-11-13	11	0	16743930	67.94
2020-11-14	24	1	16743930	67.94
2020-11-15	14	1	16743930	67.94
2020-11-16	8	1	16743930	67.94
2020-11-17	5	0	16743930	67.94
2020-11-18	17	0	16743930	67.94
2020-11-19	12	0	16743930	67.94
2020-11-20	13	1	16743930	67.94
2020-11-21	17	0	16743930	67.94
2020-11-22	17	0	16743930	67.94
2020-11-23	15	0	16743930	67.94
2020-11-24	11	1	16743930	67.94
2020-11-25	19	0	16743930	67.94
2020-11-26	33	0	16743930	67.94
2020-11-27	21	1	16743930	67.94
2020-11-28	46	0	16743930	67.94
2020-11-29	48	1	16743930	67.94
2020-11-30	14	0	16743930	67.94
2020-12-01	18	0	16743930	67.94
2020-12-02	66	1	16743930	67.94
2020-12-03	44	1	16743930	67.94
2020-12-04	80	1	16743930	67.94
2020-12-05	100	1	16743930	67.94
2020-12-06	80	1	16743930	67.94
2020-12-07	76	2	16743930	67.94
2020-12-08	43	0	16743930	67.94
2020-12-09	69	1	16743930	67.94
2020-12-10	101	2	16743930	67.94
2020-12-11	127	2	16743930	67.94
2020-12-12	168	4	16743930	67.94
2020-12-13	14	0	16743930	67.94
2020-12-14	71	1	16743930	67.94
2020-12-15	70	0	16743930	67.94
2020-12-16	120	2	16743930	67.94
2020-12-17	115	3	16743930	67.94
2020-12-18	108	2	16743930	67.94
2020-12-19	111	4	16743930	67.94
2020-12-20	88	4	16743930	67.94
2020-12-21	121	6	16743930	67.94
2020-12-22	66	1	16743930	67.94
2020-12-23	98	6	16743930	67.94
2020-12-24	157	3	16743930	67.94
2020-12-25	169	5	16743930	67.94
2020-12-26	154	1	16743930	67.94
2020-12-27	86	1	16743930	67.94
2020-12-28	119	2	16743930	67.94
2020-12-29	78	5	16743930	67.94
2020-12-30	139	7	16743930	67.94
2020-12-31	195	8	16743930	67.94
2021-01-01	224	0	16743930	67.94
2021-01-02	147	6	16743930	67.94
2021-01-03	186	5	16743930	67.94
2021-01-04	106	3	16743930	67.94
2021-01-05	161	4	16743930	67.94
2021-01-06	192	5	16743930	67.94
2021-01-07	220	5	16743930	67.94
2021-01-08	296	8	16743930	67.94
2021-01-09	328	13	16743930	67.94
2021-01-10	245	6	16743930	67.94
2021-01-11	288	4	16743930	67.94
2021-01-12	152	11	16743930	67.94
2021-01-13	198	9	16743930	67.94
2021-01-14	295	7	16743930	67.94
2021-01-15	218	10	16743930	67.94
2021-01-16	342	3	16743930	67.94
2021-01-17	290	6	16743930	67.94
2021-01-18	196	11	16743930	67.94
2021-01-19	168	10	16743930	67.94
2021-01-20	250	10	16743930	67.94
2021-01-21	267	6	16743930	67.94
2021-01-22	300	9	16743930	67.94
2021-01-23	250	8	16743930	67.94
2021-01-24	268	6	16743930	67.94
2021-01-25	266	7	16743930	67.94
2021-01-26	134	10	16743930	67.94
2021-01-27	280	9	16743930	67.94
2021-01-28	304	13	16743930	67.94
2021-01-29	184	3	16743930	67.94
2021-01-30	318	4	16743930	67.94
2021-01-31	310	7	16743930	67.94
2021-02-01	404	10	16743930	67.94
2021-02-02	153	3	16743930	67.94
2021-02-03	285	7	16743930	67.94
2021-02-04	368	11	16743930	67.94
2021-02-05	373	7	16743930	67.94
2021-02-06	383	9	16743930	67.94
2021-02-07	271	7	16743930	67.94
2021-02-08	297	7	16743930	67.94
2021-02-09	188	11	16743930	67.94
2021-02-10	276	12	16743930	67.94
2021-02-11	393	12	16743930	67.94
2021-02-12	462	11	16743930	67.94
2021-02-13	265	6	16743930	67.94
2021-02-14	366	7	16743930	67.94
2021-02-15	268	6	16743930	67.94
2021-02-16	201	6	16743930	67.94
2021-02-17	295	9	16743930	67.94
2021-02-18	328	12	16743930	67.94
2021-02-19	279	6	16743930	67.94
2021-02-20	252	8	16743930	67.94
2021-02-21	297	13	16743930	67.94
2021-02-22	172	6	16743930	67.94
2021-02-23	143	18	16743930	67.94
2021-02-24	211	8	16743930	67.94
2021-02-25	288	12	16743930	67.94
2021-02-26	290	5	16743930	67.94
2021-02-27	224	9	16743930	67.94
2021-02-28	265	6	16743930	67.94
2021-03-01	212	8	16743930	67.94
2021-03-02	100	8	16743930	67.94
2021-03-03	205	8	16743930	67.94
2021-03-04	210	2	16743930	67.94
2021-03-05	221	5	16743930	67.94
2021-03-06	164	4	16743930	67.94
2021-03-07	225	12	16743930	67.94
2021-03-08	102	6	16743930	67.94
2021-03-09	80	5	16743930	67.94
2021-03-10	156	5	16743930	67.94
2021-03-11	176	6	16743930	67.94
2021-03-12	198	10	16743930	67.94
2021-03-13	157	4	16743930	67.94
2021-03-14	166	8	16743930	67.94
2021-03-15	104	15	16743930	67.94
2021-03-16	66	3	16743930	67.94
2021-03-17	192	9	16743930	67.94
2021-03-18	174	5	16743930	67.94
2021-03-19	113	8	16743930	67.94
2021-03-20	152	4	16743930	67.94
2021-03-21	140	6	16743930	67.94