2020-02-26	0	0	6804596	76
2020-02-27	0	0	6804596	76
2020-02-28	0	0	6804596	76
2020-02-29	0	0	6804596	76
2020-03-01	0	0	6804596	76
2020-03-02	0	0	6804596	76
2020-03-03	0	0	6804596	76
2020-03-04	0	0	6804596	76
2020-03-05	0	0	6804596	76
2020-03-06	1	0	6804596	76
2020-03-07	0	0	6804596	76
2020-03-08	0	0	6804596	76
2020-03-09	0	0	6804596	76
2020-03-10	4	0	6804596	76
2020-03-11	7	0	6804596	76
2020-03-12	7	0	6804596	76
2020-03-13	16	0	6804596	76
2020-03-14	11	0	6804596	76
2020-03-15	2	0	6804596	76
2020-03-16	7	0	6804596	76
2020-03-17	10	0	6804596	76
2020-03-18	18	0	6804596	76
2020-03-19	20	0	6804596	76
2020-03-20	32	1	6804596	76
2020-03-21	36	0	6804596	76
2020-03-22	51	1	6804596	76
2020-03-23	27	1	6804596	76
2020-03-24	54	0	6804596	76
2020-03-25	81	1	6804596	76
2020-03-26	0	-3	6804596	76
2020-03-27	73	0	6804596	76
2020-03-28	202	9	6804596	76
2020-03-29	82	3	6804596	76
2020-03-30	44	3	6804596	76
2020-03-31	115	0	6804596	76
2020-04-01	160	12	6804596	76
2020-04-02	111	3	6804596	76
2020-04-03	305	8	6804596	76
2020-04-04	148	5	6804596	76
2020-04-05	284	7	6804596	76
2020-04-06	292	7	6804596	76
2020-04-07	247	3	6804596	76
2020-04-08	219	4	6804596	76
2020-04-09	201	1	6804596	76
2020-04-10	238	5	6804596	76
2020-04-11	275	3	6804596	76
2020-04-12	250	6	6804596	76
2020-04-13	424	5	6804596	76
2020-04-14	411	9	6804596	76
2020-04-15	408	5	6804596	76
2020-04-16	445	4	6804596	76
2020-04-17	372	7	6804596	76
2020-04-18	304	7	6804596	76
2020-04-19	324	5	6804596	76
2020-04-20	312	3	6804596	76
2020-04-21	260	5	6804596	76
2020-04-22	254	4	6804596	76
2020-04-23	132	5	6804596	76
2020-04-24	207	5	6804596	76
2020-04-25	296	7	6804596	76
2020-04-26	263	5	6804596	76
2020-04-27	233	6	6804596	76
2020-04-28	222	6	6804596	76
2020-04-29	227	5	6804596	76
2020-04-30	285	6	6804596	76
2020-05-01	0	0	6804596	76
2020-05-02	353	10	6804596	76
2020-05-03	102	4	6804596	76
2020-05-04	93	4	6804596	76
2020-05-05	120	3	6804596	76
2020-05-06	114	3	6804596	76
2020-05-07	57	3	6804596	76
2020-05-08	95	3	6804596	76
2020-05-09	89	6	6804596	76
2020-05-10	0	0	6804596	76
2020-05-11	144	3	6804596	76
2020-05-12	67	2	6804596	76
2020-05-13	52	2	6804596	76
2020-05-14	79	2	6804596	76
2020-05-15	64	1	6804596	76
2020-05-16	58	3	6804596	76
2020-05-17	114	2	6804596	76
2020-05-18	89	1	6804596	76
2020-05-19	34	3	6804596	76
2020-05-20	100	1	6804596	76
2020-05-21	86	2	6804596	76
2020-05-22	105	0	6804596	76
2020-05-23	68	1	6804596	76
2020-05-24	67	0	6804596	76
2020-05-25	34	1	6804596	76
2020-05-26	34	0	6804596	76
2020-05-27	48	1	6804596	76
2020-05-28	25	1	6804596	76
2020-05-29	54	1	6804596	76
2020-05-30	27	0	6804596	76
2020-05-31	31	1	6804596	76
2020-06-01	18	1	6804596	76
2020-06-02	24	1	6804596	76
2020-06-03	69	0	6804596	76
2020-06-04	48	1	6804596	76
2020-06-05	96	1	6804596	76
2020-06-06	74	1	6804596	76
2020-06-07	82	1	6804596	76
2020-06-08	73	1	6804596	76
2020-06-09	69	0	6804596	76
2020-06-10	66	1	6804596	76
2020-06-11	71	1	6804596	76
2020-06-12	73	0	6804596	76
2020-06-13	76	1	6804596	76
2020-06-14	59	1	6804596	76
2020-06-15	57	1	6804596	76
2020-06-16	59	1	6804596	76
2020-06-17	96	1	6804596	76
2020-06-18	94	1	6804596	76
2020-06-19	93	1	6804596	76
2020-06-20	94	1	6804596	76
2020-06-21	91	1	6804596	76
2020-06-22	96	1	6804596	76
2020-06-23	102	1	6804596	76
2020-06-24	143	0	6804596	76
2020-06-25	137	1	6804596	76
2020-06-26	193	1	6804596	76
2020-06-27	227	2	6804596	76
2020-06-28	254	3	6804596	76
2020-06-29	242	4	6804596	76
2020-06-30	276	3	6804596	76
2020-07-01	272	4	6804596	76
2020-07-02	359	6	6804596	76
2020-07-03	309	11	6804596	76
2020-07-04	325	8	6804596	76
2020-07-05	302	5	6804596	76
2020-07-06	289	6	6804596	76
2020-07-07	299	13	6804596	76
2020-07-08	357	11	6804596	76
2020-07-09	266	11	6804596	76
2020-07-10	386	18	6804596	76
2020-07-11	345	12	6804596	76
2020-07-12	287	11	6804596	76
2020-07-13	279	12	6804596	76
2020-07-14	344	13	6804596	76
2020-07-15	351	11	6804596	76
2020-07-16	383	13	6804596	76
2020-07-17	392	10	6804596	76
2020-07-18	389	9	6804596	76
2020-07-19	396	11	6804596	76
2020-07-20	359	10	6804596	76
2020-07-21	352	9	6804596	76
2020-07-22	426	8	6804596	76
2020-07-23	412	9	6804596	76
2020-07-24	409	10	6804596	76
2020-07-25	0	0	6804596	76
2020-07-26	878	16	6804596	76
2020-07-27	411	9	6804596	76
2020-07-28	379	8	6804596	76
2020-07-29	372	7	6804596	76
2020-07-30	321	7	6804596	76
2020-07-31	339	8	6804596	76
2020-08-01	330	9	6804596	76
2020-08-02	311	8	6804596	76
2020-08-03	258	8	6804596	76
2020-08-04	287	7	6804596	76
2020-08-05	295	9	6804596	76
2020-08-06	299	7	6804596	76
2020-08-07	276	5	6804596	76
2020-08-08	255	6	6804596	76
2020-08-09	236	9	6804596	76
2020-08-10	163	5	6804596	76
2020-08-11	235	6	6804596	76
2020-08-12	254	6	6804596	76
2020-08-13	247	3	6804596	76
2020-08-14	235	4	6804596	76
2020-08-15	238	5	6804596	76
2020-08-16	211	4	6804596	76
2020-08-17	100	3	6804596	76
2020-08-18	108	4	6804596	76
2020-08-19	158	3	6804596	76
2020-08-20	161	5	6804596	76
2020-08-21	169	3	6804596	76
2020-08-22	170	3	6804596	76
2020-08-23	109	3	6804596	76
2020-08-24	57	3	6804596	76
2020-08-25	106	4	6804596	76
2020-08-26	154	2	6804596	76
2020-08-27	125	0	6804596	76
2020-08-28	108	2	6804596	76
2020-08-29	75	1	6804596	76
2020-08-30	83	1	6804596	76
2020-08-31	41	2	6804596	76
2020-09-01	76	2	6804596	76
2020-09-02	99	1	6804596	76
2020-09-03	95	2	6804596	76
2020-09-04	96	3	6804596	76
2020-09-05	77	2	6804596	76
2020-09-06	56	1	6804596	76
2020-09-07	36	1	6804596	76
2020-09-08	53	2	6804596	76
2020-09-09	84	1	6804596	76
2020-09-10	58	1	6804596	76
2020-09-11	92	1	6804596	76
2020-09-12	72	1	6804596	76
2020-09-13	108	2	6804596	76
2020-09-14	29	0	6804596	76
2020-09-15	74	2	6804596	76
2020-09-16	102	1	6804596	76
2020-09-17	82	2	6804596	76
2020-09-18	62	1	6804596	76
2020-09-19	83	1	6804596	76
2020-09-20	68	1	6804596	76
2020-09-21	30	2	6804596	76
2020-09-22	61	0	6804596	76
2020-09-23	81	1	6804596	76
2020-09-24	83	1	6804596	76
2020-09-25	75	1	6804596	76
2020-09-26	74	0	6804596	76
2020-09-27	72	1	6804596	76
2020-09-28	30	1	6804596	76
2020-09-29	65	1	6804596	76
2020-09-30	72	0	6804596	76
2020-10-01	111	1	6804596	76
2020-10-02	73	1	6804596	76
2020-10-03	107	2	6804596	76
2020-10-04	59	1	6804596	76
2020-10-05	51	2	6804596	76
2020-10-06	120	1	6804596	76
2020-10-07	121	1	6804596	76
2020-10-08	151	2	6804596	76
2020-10-09	173	1	6804596	76
2020-10-10	168	1	6804596	76
2020-10-11	102	1	6804596	76
2020-10-12	67	2	6804596	76
2020-10-13	152	2	6804596	76
2020-10-14	245	1	6804596	76
2020-10-15	203	2	6804596	76
2020-10-16	265	2	6804596	76
2020-10-17	227	2	6804596	76
2020-10-18	214	2	6804596	76
2020-10-19	122	2	6804596	76
2020-10-20	326	2	6804596	76
2020-10-21	512	0	6804596	76
2020-10-22	416	3	6804596	76
2020-10-23	579	3	6804596	76
2020-10-24	757	3	6804596	76
2020-10-25	614	3	6804596	76
2020-10-26	341	1	6804596	76
2020-10-27	1053	5	6804596	76
2020-10-28	1328	5	6804596	76
2020-10-29	1384	6	6804596	76
2020-10-30	1545	5	6804596	76
2020-10-31	1817	6	6804596	76
2020-11-01	1449	6	6804596	76
2020-11-02	802	7	6804596	76
2020-11-03	1878	11	6804596	76
2020-11-04	2412	6	6804596	76
2020-11-05	2181	11	6804596	76
2020-11-06	2282	10	6804596	76
2020-11-07	2677	9	6804596	76
2020-11-08	2112	10	6804596	76
2020-11-09	1318	11	6804596	76
2020-11-10	2823	14	6804596	76
2020-11-11	3536	21	6804596	76
2020-11-12	3341	19	6804596	76
2020-11-13	3499	17	6804596	76
2020-11-14	3822	17	6804596	76
2020-11-15	3482	20	6804596	76
2020-11-16	2813	21	6804596	76
2020-11-17	4994	24	6804596	76
2020-11-18	5613	27	6804596	76
2020-11-19	6109	29	6804596	76
2020-11-20	6254	30	6804596	76
2020-11-21	5774	28	6804596	76
2020-11-22	4995	31	6804596	76
2020-11-23	5067	38	6804596	76
2020-11-24	6842	37	6804596	76
2020-11-25	7579	41	6804596	76
2020-11-26	7606	51	6804596	76
2020-11-27	7780	57	6804596	76
2020-11-28	7041	61	6804596	76
2020-11-29	6179	65	6804596	76
2020-11-30	6224	55	6804596	76
2020-12-01	7999	48	6804596	76
2020-12-02	7919	52	6804596	76
2020-12-03	7802	61	6804596	76
2020-12-04	7782	69	6804596	76
2020-12-05	6903	57	6804596	76
2020-12-06	5809	58	6804596	76
2020-12-07	6557	56	6804596	76
2020-12-08	7818	57	6804596	76
2020-12-09	7804	54	6804596	76
2020-12-10	7393	56	6804596	76
2020-12-11	6534	55	6804596	76
2020-12-12	5679	48	6804596	76
2020-12-13	4995	56	6804596	76
2020-12-14	4932	49	6804596	76
2020-12-15	5884	53	6804596	76
2020-12-16	5353	49	6804596	76
2020-12-17	5129	47	6804596	76
2020-12-18	4910	51	6804596	76
2020-12-19	3888	52	6804596	76
2020-12-20	3534	54	6804596	76
2020-12-21	3685	47	6804596	76
2020-12-22	4080	49	6804596	76
2020-12-23	4426	51	6804596	76
2020-12-24	4091	49	6804596	76
2020-12-25	3823	49	6804596	76
2020-12-26	3200	52	6804596	76
2020-12-27	2693	47	6804596	76
2020-12-28	2559	43	6804596	76
2020-12-29	3136	46	6804596	76
2020-12-30	3236	44	6804596	76
2020-12-31	2932	48	6804596	76
2021-01-01	2074	39	6804596	76
2021-01-02	1907	38	6804596	76
2021-01-03	1966	37	6804596	76
2021-01-04	2715	39	6804596	76
2021-01-05	2653	41	6804596	76
2021-01-06	2882	39	6804596	76
2021-01-07	1787	35	6804596	76
2021-01-08	2218	34	6804596	76
2021-01-09	0	0	6804596	76
2021-01-10	3564	69	6804596	76
2021-01-11	2093	28	6804596	76
2021-01-12	2142	29	6804596	76
2021-01-13	2267	25	6804596	76
2021-01-14	1881	23	6804596	76
2021-01-15	1751	21	6804596	76
2021-01-16	1393	22	6804596	76
2021-01-17	1317	20	6804596	76
2021-01-18	1578	21	6804596	76
2021-01-19	1688	20	6804596	76
2021-01-20	1646	19	6804596	76
2021-01-21	1648	20	6804596	76
2021-01-22	1709	19	6804596	76
2021-01-23	1483	19	6804596	76
2021-01-24	1318	18	6804596	76
2021-01-25	1523	19	6804596	76
2021-01-26	2080	19	6804596	76
2021-01-27	1839	20	6804596	76
2021-01-28	1592	21	6804596	76
2021-01-29	1717	18	6804596	76
2021-01-30	1543	17	6804596	76
2021-01-31	1366	20	6804596	76
2021-02-01	1739	18	6804596	76
2021-02-02	1903	18	6804596	76
2021-02-03	1932	15	6804596	76
2021-02-04	1863	14	6804596	76
2021-02-05	1968	14	6804596	76
2021-02-06	1684	13	6804596	76
2021-02-07	1529	14	6804596	76
2021-02-08	1960	13	6804596	76
2021-02-09	2014	15	6804596	76
2021-02-10	2088	14	6804596	76
2021-02-11	2000	15	6804596	76
2021-02-12	1928	16	6804596	76
2021-02-13	1622	15	6804596	76
2021-02-14	1386	16	6804596	76
2021-02-15	1331	15	6804596	76
2021-02-16	1810	16	6804596	76
2021-02-17	2467	16	6804596	76
2021-02-18	2561	15	6804596	76
2021-02-19	2632	14	6804596	76
2021-02-20	2442	15	6804596	76
2021-02-21	2518	16	6804596	76
2021-02-22	2956	14	6804596	76
2021-02-23	3257	15	6804596	76
2021-02-24	3460	17	6804596	76
2021-02-25	3588	15	6804596	76
2021-02-26	3339	16	6804596	76
2021-02-27	3210	15	6804596	76
2021-02-28	2809	14	6804596	76
2021-03-01	3469	16	6804596	76
2021-03-02	4157	16	6804596	76
2021-03-03	4056	16	6804596	76
2021-03-04	3866	17	6804596	76
2021-03-05	4071	17	6804596	76
2021-03-06	3519	17	6804596	76
2021-03-07	3042	20	6804596	76
2021-03-08	4091	17	6804596	76
2021-03-09	4576	20	6804596	76
2021-03-10	4590	21	6804596	76
2021-03-11	4595	24	6804596	76
2021-03-12	4668	26	6804596	76
2021-03-13	4092	24	6804596	76
2021-03-14	4226	25	6804596	76
2021-03-15	4634	28	6804596	76
2021-03-16	5201	31	6804596	76
2021-03-17	5446	32	6804596	76
2021-03-18	5346	30	6804596	76
2021-03-19	5305	29	6804596	76
2021-03-20	4687	31	6804596	76
2021-03-21	4232	34	6804596	76