2020-02-02	0	0	2078932		81.32
2020-02-03	0	0	2078932		81.32
2020-02-04	0	0	2078932		81.32
2020-02-05	0	0	2078932		81.32
2020-02-06	0	0	2078932		81.32
2020-02-07	0	0	2078932		81.32
2020-02-08	0	0	2078932		81.32
2020-02-09	0	0	2078932		81.32
2020-02-10	0	0	2078932		81.32
2020-02-11	0	0	2078932		81.32
2020-02-12	0	0	2078932		81.32
2020-02-13	0	0	2078932		81.32
2020-02-14	0	0	2078932		81.32
2020-02-15	0	0	2078932		81.32
2020-02-16	0	0	2078932		81.32
2020-02-17	0	0	2078932		81.32
2020-02-18	0	0	2078932		81.32
2020-02-19	0	0	2078932		81.32
2020-02-20	0	0	2078932		81.32
2020-02-21	0	0	2078932		81.32
2020-02-22	0	0	2078932		81.32
2020-02-23	0	0	2078932		81.32
2020-02-24	0	0	2078932		81.32
2020-02-25	0	0	2078932		81.32
2020-02-26	0	0	2078932		81.32
2020-02-27	0	0	2078932		81.32
2020-02-28	0	0	2078932		81.32
2020-02-29	0	0	2078932		81.32
2020-03-01	0	0	2078932		81.32
2020-03-02	0	0	2078932		81.32
2020-03-03	0	0	2078932		81.32
2020-03-04	0	0	2078932		81.32
2020-03-05	2	0	2078932		81.32
2020-03-06	5	0	2078932		81.32
2020-03-07	0	0	2078932		81.32
2020-03-08	9	0	2078932		81.32
2020-03-09	0	0	2078932		81.32
2020-03-10	15	0	2078932		81.32
2020-03-11	26	0	2078932		81.32
2020-03-12	32	0	2078932		81.32
2020-03-13	52	0	2078932		81.32
2020-03-14	40	1	2078932		81.32
2020-03-15	38	0	2078932		81.32
2020-03-16	34	0	2078932		81.32
2020-03-17	22	0	2078932		81.32
2020-03-18	0	0	2078932		81.32
2020-03-19	11	0	2078932		81.32
2020-03-20	55	0	2078932		81.32
2020-03-21	42	0	2078932		81.32
2020-03-22	31	1	2078932		81.32
2020-03-23	28	1	2078932		81.32
2020-03-24	38	1	2078932		81.32
2020-03-25	48	1	2078932		81.32
2020-03-26	34	1	2078932		81.32
2020-03-27	70	3	2078932		81.32
2020-03-28	52	0	2078932		81.32
2020-03-29	46	2	2078932		81.32
2020-03-30	26	0	2078932		81.32
2020-03-31	46	4	2078932		81.32
2020-04-01	39	0	2078932		81.32
2020-04-02	56	2	2078932		81.32
2020-04-03	37	3	2078932		81.32
2020-04-04	43	2	2078932		81.32
2020-04-05	20	6	2078932		81.32
2020-04-06	24	2	2078932		81.32
2020-04-07	38	6	2078932		81.32
2020-04-08	32	4	2078932		81.32
2020-04-09	33	3	2078932		81.32
2020-04-10	36	2	2078932		81.32
2020-04-11	28	5	2078932		81.32
2020-04-12	17	3	2078932		81.32
2020-04-13	7	2	2078932		81.32
2020-04-14	8	1	2078932		81.32
2020-04-15	28	5	2078932		81.32
2020-04-16	20	0	2078932		81.32
2020-04-17	36	5	2078932		81.32
2020-04-18	13	4	2078932		81.32
2020-04-19	13	4	2078932		81.32
2020-04-20	5	3	2078932		81.32
2020-04-21	9	0	2078932		81.32
2020-04-22	9	2	2078932		81.32
2020-04-23	13	0	2078932		81.32
2020-04-24	7	1	2078932		81.32
2020-04-25	15	1	2078932		81.32
2020-04-26	8	1	2078932		81.32
2020-04-27	6	1	2078932		81.32
2020-04-28	6	3	2078932		81.32
2020-04-29	10	3	2078932		81.32
2020-04-30	11	2	2078932		81.32
2020-05-01	5	1	2078932		81.32
2020-05-02	5	2	2078932		81.32
2020-05-03	0	2	2078932		81.32
2020-05-04	0	1	2078932		81.32
2020-05-05	6	1	2078932		81.32
2020-05-06	3	1	2078932		81.32
2020-05-07	1	0	2078932		81.32
2020-05-08	1	1	2078932		81.32
2020-05-09	4	1	2078932		81.32
2020-05-10	3	1	2078932		81.32
2020-05-11	3	0	2078932		81.32
2020-05-12	1	0	2078932		81.32
2020-05-13	2	1	2078932		81.32
2020-05-14	1	0	2078932		81.32
2020-05-15	1	0	2078932		81.32
2020-05-16	0	0	2078932		81.32
2020-05-17	1	1	2078932		81.32
2020-05-18	0	0	2078932		81.32
2020-05-19	1	0	2078932		81.32
2020-05-20	1	1	2078932		81.32
2020-05-21	0	1	2078932		81.32
2020-05-22	0	0	2078932		81.32
2020-05-23	0	0	2078932		81.32
2020-05-24	0	1	2078932		81.32
2020-05-25	1	0	2078932		81.32
2020-05-26	0	1	2078932		81.32
2020-05-27	2	0	2078932		81.32
2020-05-28	2	0	2078932		81.32
2020-05-29	0	0	2078932		81.32
2020-05-30	0	0	2078932		81.32
2020-05-31	0	0	2078932		81.32
2020-06-01	0	1	2078932		81.32
2020-06-02	2	0	2078932		81.32
2020-06-03	2	0	2078932		81.32
2020-06-04	0	0	2078932		81.32
2020-06-05	2	0	2078932		81.32
2020-06-06	5	0	2078932		81.32
2020-06-07	1	0	2078932		81.32
2020-06-08	0	0	2078932		81.32
2020-06-09	1	0	2078932		81.32
2020-06-10	2	0	2078932		81.32
2020-06-11	0	0	2078932		81.32
2020-06-12	2	0	2078932		81.32
2020-06-13	2	0	2078932		81.32
2020-06-14	3	0	2078932		81.32
2020-06-15	1	0	2078932		81.32
2020-06-16	3	0	2078932		81.32
2020-06-17	4	0	2078932		81.32
2020-06-18	8	0	2078932		81.32
2020-06-19	2	0	2078932		81.32
2020-06-20	6	0	2078932		81.32
2020-06-21	1	0	2078932		81.32
2020-06-22	1	0	2078932		81.32
2020-06-23	13	0	2078932		81.32
2020-06-24	7	0	2078932		81.32
2020-06-25	6	0	2078932		81.32
2020-06-26	11	0	2078932		81.32
2020-06-27	14	0	2078932		81.32
2020-06-28	9	2	2078932		81.32
2020-06-29	4	0	2078932		81.32
2020-06-30	15	0	2078932		81.32
2020-07-01	13	0	2078932		81.32
2020-07-02	21	0	2078932		81.32
2020-07-03	16	0	2078932		81.32
2020-07-04	29	0	2078932		81.32
2020-07-05	21	0	2078932		81.32
2020-07-06	16	0	2078932		81.32
2020-07-07	23	0	2078932		81.32
2020-07-08	24	0	2078932		81.32
2020-07-09	13	0	2078932		81.32
2020-07-10	17	0	2078932		81.32
2020-07-11	34	0	2078932		81.32
2020-07-12	14	0	2078932		81.32
2020-07-13	8	0	2078932		81.32
2020-07-14	10	0	2078932		81.32
2020-07-15	19	0	2078932		81.32
2020-07-16	19	0	2078932		81.32
2020-07-17	19	0	2078932		81.32
2020-07-18	24	0	2078932		81.32
2020-07-19	6	1	2078932		81.32
2020-07-20	7	1	2078932		81.32
2020-07-21	24	1	2078932		81.32
2020-07-22	29	1	2078932		81.32
2020-07-23	27	0	2078932		81.32
2020-07-24	19	0	2078932		81.32
2020-07-25	14	1	2078932		81.32
2020-07-26	16	0	2078932		81.32
2020-07-27	5	0	2078932		81.32
2020-07-28	14	1	2078932		81.32
2020-07-29	14	0	2078932		81.32
2020-07-30	24	0	2078932		81.32
2020-07-31	17	2	2078932		81.32
2020-08-01	15	0	2078932		81.32
2020-08-02	9	1	2078932		81.32
2020-08-03	1	2	2078932		81.32
2020-08-04	9	1	2078932		81.32
2020-08-05	18	1	2078932		81.32
2020-08-06	15	1	2078932		81.32
2020-08-07	10	0	2078932		81.32
2020-08-08	14	1	2078932		81.32
2020-08-09	2	1	2078932		81.32
2020-08-10	6	1	2078932		81.32
2020-08-11	17	1	2078932		81.32
2020-08-12	31	0	2078932		81.32
2020-08-13	29	0	2078932		81.32
2020-08-14	37	0	2078932		81.32
2020-08-15	32	0	2078932		81.32
2020-08-16	15	0	2078932		81.32
2020-08-17	13	0	2078932		81.32
2020-08-18	27	0	2078932		81.32
2020-08-19	37	0	2078932		81.32
2020-08-20	43	0	2078932		81.32
2020-08-21	38	1	2078932		81.32
2020-08-22	43	1	2078932		81.32
2020-08-23	34	0	2078932		81.32
2020-08-24	14	2	2078932		81.32
2020-08-25	21	0	2078932		81.32
2020-08-26	36	0	2078932		81.32
2020-08-27	33	0	2078932		81.32
2020-08-28	42	0	2078932		81.32
2020-08-29	37	0	2078932		81.32
2020-08-30	31	0	2078932		81.32
2020-08-31	18	0	2078932		81.32
2020-09-01	41	0	2078932		81.32
2020-09-02	55	1	2078932		81.32
2020-09-03	53	0	2078932		81.32
2020-09-04	47	0	2078932		81.32
2020-09-05	43	1	2078932		81.32
2020-09-06	43	0	2078932		81.32
2020-09-07	25	0	2078932		81.32
2020-09-08	42	0	2078932		81.32
2020-09-09	80	0	2078932		81.32
2020-09-10	77	0	2078932		81.32
2020-09-11	108	0	2078932		81.32
2020-09-12	106	0	2078932		81.32
2020-09-13	99	0	2078932		81.32
2020-09-14	47	0	2078932		81.32
2020-09-15	82	0	2078932		81.32
2020-09-16	123	0	2078932		81.32
2020-09-17	104	1	2078932		81.32
2020-09-18	137	4	2078932		81.32
2020-09-19	114	1	2078932		81.32
2020-09-20	111	1	2078932		81.32
2020-09-21	50	0	2078932		81.32
2020-09-22	88	0	2078932		81.32
2020-09-23	136	1	2078932		81.32
2020-09-24	122	2	2078932		81.32
2020-09-25	191	0	2078932		81.32
2020-09-26	184	1	2078932		81.32
2020-09-27	159	1	2078932		81.32
2020-09-28	38	2	2078932		81.32
2020-09-29	99	0	2078932		81.32
2020-09-30	203	1	2078932		81.32
2020-10-01	175	2	2078932		81.32
2020-10-02	238	2	2078932		81.32
2020-10-03	227	1	2078932		81.32
2020-10-04	168	0	2078932		81.32
2020-10-05	175	1	2078932		81.32
2020-10-06	91	3	2078932		81.32
2020-10-07	356	0	2078932		81.32
2020-10-08	387	1	2078932		81.32
2020-10-09	365	5	2078932		81.32
2020-10-10	380	2	2078932		81.32
2020-10-11	411	0	2078932		81.32
2020-10-12	169	2	2078932		81.32
2020-10-13	399	4	2078932		81.32
2020-10-14	707	2	2078932		81.32
2020-10-15	745	1	2078932		81.32
2020-10-16	834	4	2078932		81.32
2020-10-17	899	4	2078932		81.32
2020-10-18	726	4	2078932		81.32
2020-10-19	537	2	2078932		81.32
2020-10-20	794	2	2078932		81.32
2020-10-21	1509	8	2078932		81.32
2020-10-22	1664	11	2078932		81.32
2020-10-23	1661	3	2078932		81.32
2020-10-24	1967	21	2078932		81.32
2020-10-25	1676	5	2078932		81.32
2020-10-26	1130	11	2078932		81.32
2020-10-27	1523	13	2078932		81.32
2020-10-28	2612	14	2078932		81.32
2020-10-29	2490	14	2078932		81.32
2020-10-30	1798	23	2078932		81.32
2020-10-31	1804	23	2078932		81.32
2020-11-01	1342	25	2078932		81.32
2020-11-02	557	25	2078932		81.32
2020-11-03	1176	24	2078932		81.32
2020-11-04	2026	29	2078932		81.32
2020-11-05	1686	30	2078932		81.32
2020-11-06	1564	26	2078932		81.32
2020-11-07	1612	34	2078932		81.32
2020-11-08	891	23	2078932		81.32
2020-11-09	464	24	2078932		81.32
2020-11-10	1092	27	2078932		81.32
2020-11-11	2222	40	2078932		81.32
2020-11-12	1931	41	2078932		81.32
2020-11-13	1515	38	2078932		81.32
2020-11-14	1737	41	2078932		81.32
2020-11-15	920	32	2078932		81.32
2020-11-16	502	34	2078932		81.32
2020-11-17	1393	45	2078932		81.32
2020-11-18	2027	43	2078932		81.32
2020-11-19	2070	45	2078932		81.32
2020-11-20	1546	31	2078932		81.32
2020-11-21	1704	31	2078932		81.32
2020-11-22	1024	26	2078932		81.32
2020-11-23	470	45	2078932		81.32
2020-11-24	1302	59	2078932		81.32
2020-11-25	2226	43	2078932		81.32
2020-11-26	1767	46	2078932		81.32
2020-11-27	1601	48	2078932		81.32
2020-11-28	1583	43	2078932		81.32
2020-11-29	1124	48	2078932		81.32
2020-11-30	433	51	2078932		81.32
2020-12-01	1321	55	2078932		81.32
2020-12-02	2431	57	2078932		81.32
2020-12-03	1783	45	2078932		81.32
2020-12-04	1784	61	2078932		81.32
2020-12-05	1642	47	2078932		81.32
2020-12-06	1030	44	2078932		81.32
2020-12-07	483	52	2078932		81.32
2020-12-08	1648	66	2078932		81.32
2020-12-09	2139	38	2078932		81.32
2020-12-10	1847	49	2078932		81.32
2020-12-11	1815	49	2078932		81.32
2020-12-12	1744	43	2078932		81.32
2020-12-13	833	22	2078932		81.32
2020-12-14	431	44	2078932		81.32
2020-12-15	1536	42	2078932		81.32
2020-12-16	2120	41	2078932		81.32
2020-12-17	1642	43	2078932		81.32
2020-12-18	1512	41	2078932		81.32
2020-12-19	1458	40	2078932		81.32
2020-12-20	886	39	2078932		81.32
2020-12-21	395	26	2078932		81.32
2020-12-22	1511	39	2078932		81.32
2020-12-23	2129	36	2078932		81.32
2020-12-24	2087	25	2078932		81.32
2020-12-25	1794	28	2078932		81.32
2020-12-26	369	25	2078932		81.32
2020-12-27	622	33	2078932		81.32
2020-12-28	521	30	2078932		81.32
2020-12-29	1978	36	2078932		81.32
2020-12-30	2435	34	2078932		81.32
2020-12-31	2412	32	2078932		81.32
2021-01-01	1798	31	2078932		81.32
2021-01-02	393	46	2078932		81.32
2021-01-03	743	29	2078932		81.32
2021-01-04	772	35	2078932		81.32
2021-01-05	2512	30	2078932		81.32
2021-01-06	3354	31	2078932		81.32
2021-01-07	2821	23	2078932		81.32
2021-01-08	2084	25	2078932		81.32
2021-01-09	1889	26	2078932		81.32
2021-01-10	763	25	2078932		81.32
2021-01-11	432	24	2078932		81.32
2021-01-12	1874	31	2078932		81.32
2021-01-13	2092	17	2078932		81.32
2021-01-14	1793	23	2078932		81.32
2021-01-15	1544	28	2078932		81.32
2021-01-16	1540	19	2078932		81.32
2021-01-17	569	40	2078932		81.32
2021-01-18	299	26	2078932		81.32
2021-01-19	1713	25	2078932		81.32
2021-01-20	1714	26	2078932		81.32
2021-01-21	1455	27	2078932		81.32
2021-01-22	1446	25	2078932		81.32
2021-01-23	1541	20	2078932		81.32
2021-01-24	537	31	2078932		81.32
2021-01-25	301	19	2078932		81.32
2021-01-26	1681	27	2078932		81.32
2021-01-27	1850	19	2078932		81.32
2021-01-28	1573	23	2078932		81.32
2021-01-29	1294	20	2078932		81.32
2021-01-30	1358	22	2078932		81.32
2021-01-31	586	13	2078932		81.32
2021-02-01	363	19	2078932		81.32
2021-02-02	1650	19	2078932		81.32
2021-02-03	1615	23	2078932		81.32
2021-02-04	1239	16	2078932		81.32
2021-02-05	959	15	2078932		81.32
2021-02-06	902	17	2078932		81.32
2021-02-07	501	11	2078932		81.32
2021-02-08	298	12	2078932		81.32
2021-02-09	364	19	2078932		81.32
2021-02-10	1431	13	2078932		81.32
2021-02-11	1345	10	2078932		81.32
2021-02-12	993	15	2078932		81.32
2021-02-13	1015	13	2078932		81.32
2021-02-14	329	12	2078932		81.32
2021-02-15	303	11	2078932		81.32
2021-02-16	740	5	2078932		81.32
2021-02-17	1086	12	2078932		81.32
2021-02-18	878	10	2078932		81.32
2021-02-19	912	7	2078932		81.32
2021-02-20	956	7	2078932		81.32
2021-02-21	415	7	2078932		81.32
2021-02-22	247	8	2078932		81.32
2021-02-23	902	8	2078932		81.32
2021-02-24	1089	10	2078932		81.32
2021-02-25	757	7	2078932		81.32
2021-02-26	914	14	2078932		81.32
2021-02-27	951	13	2078932		81.32
2021-02-28	454	0	2078932		81.32
2021-03-01	243	18	2078932		81.32
2021-03-02	732	9	2078932		81.32
2021-03-03	1210	11	2078932		81.32
2021-03-04	1019	4	2078932		81.32
2021-03-05	880	4	2078932		81.32
2021-03-06	921	6	2078932		81.32
2021-03-07	382	3	2078932		81.32
2021-03-08	210	6	2078932		81.32
2021-03-09	743	7	2078932		81.32
2021-03-10	953	4	2078932		81.32
2021-03-11	860	10	2078932		81.32
2021-03-12	770	8	2078932		81.32
2021-03-13	850	3	2078932		81.32
2021-03-14	520	5	2078932		81.32
2021-03-15	205	4	2078932		81.32
2021-03-16	918	3	2078932		81.32
2021-03-17	1076	7	2078932		81.32
2021-03-18	971	3	2078932		81.32
2021-03-19	938	10	2078932		81.32
2021-03-20	1027	6	2078932		81.32
2021-03-21	517	5	2078932		81.32