2020-03-06	1	0	5459643	77.54
2020-03-07	0	0	5459643	77.54
2020-03-08	2	0	5459643	77.54
2020-03-09	0	0	5459643	77.54
2020-03-10	4	0	5459643	77.54
2020-03-11	3	0	5459643	77.54
2020-03-12	6	0	5459643	77.54
2020-03-13	16	0	5459643	77.54
2020-03-14	12	0	5459643	77.54
2020-03-15	10	0	5459643	77.54
2020-03-16	9	0	5459643	77.54
2020-03-17	9	0	5459643	77.54
2020-03-18	33	0	5459643	77.54
2020-03-19	18	0	5459643	77.54
2020-03-20	14	0	5459643	77.54
2020-03-21	41	0	5459643	77.54
2020-03-22	7	0	5459643	77.54
2020-03-23	1	0	5459643	77.54
2020-03-24	18	0	5459643	77.54
2020-03-25	12	0	5459643	77.54
2020-03-26	10	0	5459643	77.54
2020-03-27	43	0	5459643	77.54
2020-03-28	23	0	5459643	77.54
2020-03-29	22	0	5459643	77.54
2020-03-30	22	0	5459643	77.54
2020-03-31	27	0	5459643	77.54
2020-04-01	37	1	5459643	77.54
2020-04-02	26	0	5459643	77.54
2020-04-03	24	0	5459643	77.54
2020-04-04	21	0	5459643	77.54
2020-04-05	14	0	5459643	77.54
2020-04-06	49	1	5459643	77.54
2020-04-07	47	0	5459643	77.54
2020-04-08	101	0	5459643	77.54
2020-04-09	19	0	5459643	77.54
2020-04-10	14	0	5459643	77.54
2020-04-11	13	0	5459643	77.54
2020-04-12	14	0	5459643	77.54
2020-04-13	27	0	5459643	77.54
2020-04-14	66	0	5459643	77.54
2020-04-15	28	4	5459643	77.54
2020-04-16	114	2	5459643	77.54
2020-04-17	72	1	5459643	77.54
2020-04-18	40	2	5459643	77.54
2020-04-19	72	1	5459643	77.54
2020-04-20	12	1	5459643	77.54
2020-04-21	26	1	5459643	77.54
2020-04-22	45	0	5459643	77.54
2020-04-23	81	1	5459643	77.54
2020-04-24	35	2	5459643	77.54
2020-04-25	13	0	5459643	77.54
2020-04-26	6	1	5459643	77.54
2020-04-27	2	0	5459643	77.54
2020-04-28	3	2	5459643	77.54
2020-04-29	7	2	5459643	77.54
2020-04-30	5	1	5459643	77.54
2020-05-01	7	0	5459643	77.54
2020-05-02	4	1	5459643	77.54
2020-05-03	1	0	5459643	77.54
2020-05-04	5	1	5459643	77.54
2020-05-05	8	0	5459643	77.54
2020-05-06	8	0	5459643	77.54
2020-05-07	16	1	5459643	77.54
2020-05-08	10	0	5459643	77.54
2020-05-09	0	0	5459643	77.54
2020-05-10	2	0	5459643	77.54
2020-05-11	0	0	5459643	77.54
2020-05-12	8	1	5459643	77.54
2020-05-13	4	0	5459643	77.54
2020-05-14	8	0	5459643	77.54
2020-05-15	3	0	5459643	77.54
2020-05-16	13	1	5459643	77.54
2020-05-17	1	0	5459643	77.54
2020-05-18	1	0	5459643	77.54
2020-05-19	0	0	5459643	77.54
2020-05-20	1	0	5459643	77.54
2020-05-21	6	0	5459643	77.54
2020-05-22	1	0	5459643	77.54
2020-05-23	1	0	5459643	77.54
2020-05-24	5	0	5459643	77.54
2020-05-25	2	0	5459643	77.54
2020-05-26	2	0	5459643	77.54
2020-05-27	2	0	5459643	77.54
2020-05-28	5	0	5459643	77.54
2020-05-29	0	0	5459643	77.54
2020-05-30	1	0	5459643	77.54
2020-05-31	0	0	5459643	77.54
2020-06-01	1	0	5459643	77.54
2020-06-02	0	0	5459643	77.54
2020-06-03	3	0	5459643	77.54
2020-06-04	1	0	5459643	77.54
2020-06-05	0	0	5459643	77.54
2020-06-06	2	0	5459643	77.54
2020-06-07	0	0	5459643	77.54
2020-06-08	2	0	5459643	77.54
2020-06-09	1	0	5459643	77.54
2020-06-10	2	0	5459643	77.54
2020-06-11	8	0	5459643	77.54
2020-06-12	1	0	5459643	77.54
2020-06-13	3	0	5459643	77.54
2020-06-14	3	0	5459643	77.54
2020-06-15	4	0	5459643	77.54
2020-06-16	0	0	5459643	77.54
2020-06-17	9	0	5459643	77.54
2020-06-18	1	0	5459643	77.54
2020-06-19	14	0	5459643	77.54
2020-06-20	10	0	5459643	77.54
2020-06-21	1	0	5459643	77.54
2020-06-22	1	0	5459643	77.54
2020-06-23	1	0	5459643	77.54
2020-06-24	18	0	5459643	77.54
2020-06-25	23	0	5459643	77.54
2020-06-26	13	0	5459643	77.54
2020-06-27	14	0	5459643	77.54
2020-06-28	7	0	5459643	77.54
2020-06-29	1	0	5459643	77.54
2020-06-30	2	0	5459643	77.54
2020-07-01	20	0	5459643	77.54
2020-07-02	13	0	5459643	77.54
2020-07-03	20	0	5459643	77.54
2020-07-04	29	0	5459643	77.54
2020-07-05	15	0	5459643	77.54
2020-07-06	1	0	5459643	77.54
2020-07-07	2	0	5459643	77.54
2020-07-08	31	0	5459643	77.54
2020-07-09	53	0	5459643	77.54
2020-07-10	19	0	5459643	77.54
2020-07-11	23	0	5459643	77.54
2020-07-12	8	0	5459643	77.54
2020-07-13	1	0	5459643	77.54
2020-07-14	6	0	5459643	77.54
2020-07-15	19	0	5459643	77.54
2020-07-16	24	0	5459643	77.54
2020-07-17	14	0	5459643	77.54
2020-07-18	11	0	5459643	77.54
2020-07-19	3	0	5459643	77.54
2020-07-20	1	0	5459643	77.54
2020-07-21	41	0	5459643	77.54
2020-07-22	37	0	5459643	77.54
2020-07-23	31	0	5459643	77.54
2020-07-24	29	0	5459643	77.54
2020-07-25	23	0	5459643	77.54
2020-07-26	38	0	5459643	77.54
2020-07-27	2	0	5459643	77.54
2020-07-28	23	0	5459643	77.54
2020-07-29	41	0	5459643	77.54
2020-07-30	20	0	5459643	77.54
2020-07-31	27	1	5459643	77.54
2020-08-01	45	0	5459643	77.54
2020-08-02	7	0	5459643	77.54
2020-08-03	10	0	5459643	77.54
2020-08-04	14	0	5459643	77.54
2020-08-05	49	0	5459643	77.54
2020-08-06	63	0	5459643	77.54
2020-08-07	43	2	5459643	77.54
2020-08-08	43	0	5459643	77.54
2020-08-09	30	0	5459643	77.54
2020-08-10	3	0	5459643	77.54
2020-08-11	16	0	5459643	77.54
2020-08-12	75	0	5459643	77.54
2020-08-13	49	0	5459643	77.54
2020-08-14	62	0	5459643	77.54
2020-08-15	54	0	5459643	77.54
2020-08-16	47	0	5459643	77.54
2020-08-17	5	0	5459643	77.54
2020-08-18	15	0	5459643	77.54
2020-08-19	100	2	5459643	77.54
2020-08-20	80	0	5459643	77.54
2020-08-21	123	0	5459643	77.54
2020-08-22	91	0	5459643	77.54
2020-08-23	40	0	5459643	77.54
2020-08-24	68	0	5459643	77.54
2020-08-25	28	0	5459643	77.54
2020-08-26	84	0	5459643	77.54
2020-08-27	90	0	5459643	77.54
2020-08-28	102	0	5459643	77.54
2020-08-29	114	0	5459643	77.54
2020-08-30	34	0	5459643	77.54
2020-08-31	41	0	5459643	77.54
2020-09-01	72	0	5459643	77.54
2020-09-02	53	0	5459643	77.54
2020-09-03	121	4	5459643	77.54
2020-09-04	137	0	5459643	77.54
2020-09-05	226	0	5459643	77.54
2020-09-06	88	0	5459643	77.54
2020-09-07	22	0	5459643	77.54
2020-09-08	91	0	5459643	77.54
2020-09-09	161	0	5459643	77.54
2020-09-10	178	0	5459643	77.54
2020-09-11	186	0	5459643	77.54
2020-09-12	201	1	5459643	77.54
2020-09-13	79	0	5459643	77.54
2020-09-14	48	0	5459643	77.54
2020-09-15	188	0	5459643	77.54
2020-09-16	92	0	5459643	77.54
2020-09-17	161	1	5459643	77.54
2020-09-18	235	0	5459643	77.54
2020-09-19	290	0	5459643	77.54
2020-09-20	131	0	5459643	77.54
2020-09-21	79	0	5459643	77.54
2020-09-22	175	1	5459643	77.54
2020-09-23	338	1	5459643	77.54
2020-09-24	360	0	5459643	77.54
2020-09-25	419	0	5459643	77.54
2020-09-26	552	3	5459643	77.54
2020-09-27	478	0	5459643	77.54
2020-09-28	265	0	5459643	77.54
2020-09-29	231	1	5459643	77.54
2020-09-30	567	3	5459643	77.54
2020-10-01	797	0	5459643	77.54
2020-10-02	679	6	5459643	77.54
2020-10-03	704	0	5459643	77.54
2020-10-04	818	1	5459643	77.54
2020-10-05	353	0	5459643	77.54
2020-10-06	320	0	5459643	77.54
2020-10-07	877	0	5459643	77.54
2020-10-08	1037	2	5459643	77.54
2020-10-09	1184	0	5459643	77.54
2020-10-10	1887	4	5459643	77.54
2020-10-11	1054	0	5459643	77.54
2020-10-12	504	0	5459643	77.54
2020-10-13	531	0	5459643	77.54
2020-10-14	1410	5	5459643	77.54
2020-10-15	1929	5	5459643	77.54
2020-10-16	2075	0	5459643	77.54
2020-10-17	1968	11	5459643	77.54
2020-10-18	1567	6	5459643	77.54
2020-10-19	860	4	5459643	77.54
2020-10-20	705	6	5459643	77.54
2020-10-21	2202	0	5459643	77.54
2020-10-22	1728	17	5459643	77.54
2020-10-23	2581	19	5459643	77.54
2020-10-24	2890	25	5459643	77.54
2020-10-25	3042	0	5459643	77.54
2020-10-26	1312	6	5459643	77.54
2020-10-27	901	11	5459643	77.54
2020-10-28	2887	8	5459643	77.54
2020-10-29	2785	16	5459643	77.54
2020-10-30	3363	12	5459643	77.54
2020-10-31	2573	7	5459643	77.54
2020-11-01	2282	0	5459643	77.54
2020-11-02	1883	0	5459643	77.54
2020-11-03	1727	16	5459643	77.54
2020-11-04	3216	26	5459643	77.54
2020-11-05	1962	25	5459643	77.54
2020-11-06	2354	31	5459643	77.54
2020-11-07	2579	34	5459643	77.54
2020-11-08	1828	0	5459643	77.54
2020-11-09	577	15	5459643	77.54
2020-11-10	1051	24	5459643	77.54
2020-11-11	2058	24	5459643	77.54
2020-11-12	2591	50	5459643	77.54
2020-11-13	2024	27	5459643	77.54
2020-11-14	1771	19	5459643	77.54
2020-11-15	1200	0	5459643	77.54
2020-11-16	509	16	5459643	77.54
2020-11-17	1326	31	5459643	77.54
2020-11-18	1311	22	5459643	77.54
2020-11-19	1665	0	5459643	77.54
2020-11-20	1818	35	5459643	77.54
2020-11-21	1861	30	5459643	77.54
2020-11-22	984	27	5459643	77.54
2020-11-23	231	22	5459643	77.54
2020-11-24	1021	16	5459643	77.54
2020-11-25	1811	23	5459643	77.54
2020-11-26	1953	17	5459643	77.54
2020-11-27	1849	22	5459643	77.54
2020-11-28	1526	27	5459643	77.54
2020-11-29	1101	18	5459643	77.54
2020-11-30	196	23	5459643	77.54
2020-12-01	1254	29	5459643	77.54
2020-12-02	2043	30	5459643	77.54
2020-12-03	1982	32	5459643	77.54
2020-12-04	2184	27	5459643	77.54
2020-12-05	2070	24	5459643	77.54
2020-12-06	1269	15	5459643	77.54
2020-12-07	552	22	5459643	77.54
2020-12-08	1949	28	5459643	77.54
2020-12-09	2564	38	5459643	77.54
2020-12-10	3125	20	5459643	77.54
2020-12-11	2166	18	5459643	77.54
2020-12-12	3707	26	5459643	77.54
2020-12-13	2190	27	5459643	77.54
2020-12-14	505	30	5459643	77.54
2020-12-15	2034	46	5459643	77.54
2020-12-16	3565	58	5459643	77.54
2020-12-17	3045	69	5459643	77.54
2020-12-18	3991	62	5459643	77.54
2020-12-19	3151	70	5459643	77.54
2020-12-20	2061	45	5459643	77.54
2020-12-21	1219	63	5459643	77.54
2020-12-22	2663	0	5459643	77.54
2020-12-23	3687	68	5459643	77.54
2020-12-24	2657	46	5459643	77.54
2020-12-25	4046	0	5459643	77.54
2020-12-26	1041	0	5459643	77.54
2020-12-27	874	41	5459643	77.54
2020-12-28	569	106	5459643	77.54
2020-12-29	2095	104	5459643	77.54
2020-12-30	3041	82	5459643	77.54
2020-12-31	6315	73	5459643	77.54
2021-01-01	4965	112	5459643	77.54
2021-01-02	1736	0	5459643	77.54
2021-01-03	1219	67	5459643	77.54
2021-01-04	636	204	5459643	77.54
2021-01-05	2989	82	5459643	77.54
2021-01-06	4959	54	5459643	77.54
2021-01-07	2137	60	5459643	77.54
2021-01-08	2980	71	5459643	77.54
2021-01-09	4072	48	5459643	77.54
2021-01-10	2973	82	5459643	77.54
2021-01-11	860	89	5459643	77.54
2021-01-12	2410	95	5459643	77.54
2021-01-13	3576	61	5459643	77.54
2021-01-14	2923	97	5459643	77.54
2021-01-15	2729	102	5459643	77.54
2021-01-16	2045	55	5459643	77.54
2021-01-17	573	57	5459643	77.54
2021-01-18	1060	52	5459643	77.54
2021-01-19	1909	111	5459643	77.54
2021-01-20	2484	100	5459643	77.54
2021-01-21	2464	64	5459643	77.54
2021-01-22	1785	93	5459643	77.54
2021-01-23	1544	71	5459643	77.54
2021-01-24	1905	103	5459643	77.54
2021-01-25	551	0	5459643	77.54
2021-01-26	1590	192	5459643	77.54
2021-01-27	2775	101	5459643	77.54
2021-01-28	2035	50	5459643	77.54
2021-01-29	2581	84	5459643	77.54
2021-01-30	2182	70	5459643	77.54
2021-01-31	1723	77	5459643	77.54
2021-02-01	444	69	5459643	77.54
2021-02-02	1737	73	5459643	77.54
2021-02-03	2732	105	5459643	77.54
2021-02-04	2077	87	5459643	77.54
2021-02-05	2630	74	5459643	77.54
2021-02-06	2241	85	5459643	77.54
2021-02-07	1552	64	5459643	77.54
2021-02-08	757	72	5459643	77.54
2021-02-09	1724	111	5459643	77.54
2021-02-10	3179	120	5459643	77.54
2021-02-11	2487	127	5459643	77.54
2021-02-12	2431	104	5459643	77.54
2021-02-13	2330	79	5459643	77.54
2021-02-14	1448	73	5459643	77.54
2021-02-15	572	67	5459643	77.54
2021-02-16	1442	111	5459643	77.54
2021-02-17	3168	105	5459643	77.54
2021-02-18	2555	103	5459643	77.54
2021-02-19	2333	79	5459643	77.54
2021-02-20	2705	74	5459643	77.54
2021-02-21	1686	81	5459643	77.54
2021-02-22	649	72	5459643	77.54
2021-02-23	1998	94	5459643	77.54
2021-02-24	3547	104	5459643	77.54
2021-02-25	2438	84	5459643	77.54
2021-02-26	2645	107	5459643	77.54
2021-02-27	2848	109	5459643	77.54
2021-02-28	1815	114	5459643	77.54
2021-03-01	842	81	5459643	77.54
2021-03-02	2077	118	5459643	77.54
2021-03-03	3357	101	5459643	77.54
2021-03-04	2800	71	5459643	77.54
2021-03-05	2423	105	5459643	77.54
2021-03-06	2522	74	5459643	77.54
2021-03-07	1286	97	5459643	77.54
2021-03-08	396	85	5459643	77.54
2021-03-09	2207	116	5459643	77.54
2021-03-10	3600	109	5459643	77.54
2021-03-11	1978	98	5459643	77.54
2021-03-12	2301	102	5459643	77.54
2021-03-13	2363	94	5459643	77.54
2021-03-14	1268	88	5459643	77.54
2021-03-15	457	77	5459643	77.54
2021-03-16	1578	64	5459643	77.54
2021-03-17	2892	69	5459643	77.54
2021-03-18	2040	76	5459643	77.54
2021-03-19	1679	80	5459643	77.54
2021-03-20	1795	84	5459643	77.54
2021-03-21	925	66	5459643	77.54
