2020-01-21	0	0	51269183	83.03
2020-01-22	0	0	51269183	83.03
2020-01-23	0	0	51269183	83.03
2020-01-24	1	0	51269183	83.03
2020-01-25	0	0	51269183	83.03
2020-01-26	1	0	51269183	83.03
2020-01-27	1	0	51269183	83.03
2020-01-28	0	0	51269183	83.03
2020-01-29	0	0	51269183	83.03
2020-01-30	0	0	51269183	83.03
2020-01-31	7	0	51269183	83.03
2020-02-01	1	0	51269183	83.03
2020-02-02	3	0	51269183	83.03
2020-02-03	0	0	51269183	83.03
2020-02-04	1	0	51269183	83.03
2020-02-05	3	0	51269183	83.03
2020-02-06	4	0	51269183	83.03
2020-02-07	1	0	51269183	83.03
2020-02-08	0	0	51269183	83.03
2020-02-09	1	0	51269183	83.03
2020-02-10	2	0	51269183	83.03
2020-02-11	1	0	51269183	83.03
2020-02-12	0	0	51269183	83.03
2020-02-13	0	0	51269183	83.03
2020-02-14	0	0	51269183	83.03
2020-02-15	0	0	51269183	83.03
2020-02-16	1	0	51269183	83.03
2020-02-17	1	0	51269183	83.03
2020-02-18	1	0	51269183	83.03
2020-02-19	0	0	51269183	83.03
2020-02-20	73	1	51269183	83.03
2020-02-21	100	1	51269183	83.03
2020-02-22	229	0	51269183	83.03
2020-02-23	169	4	51269183	83.03
2020-02-24	231	2	51269183	83.03
2020-02-25	144	2	51269183	83.03
2020-02-26	284	2	51269183	83.03
2020-02-27	505	1	51269183	83.03
2020-02-28	571	0	51269183	83.03
2020-02-29	813	3	51269183	83.03
2020-03-01	586	1	51269183	83.03
2020-03-02	599	11	51269183	83.03
2020-03-03	851	0	51269183	83.03
2020-03-04	435	7	51269183	83.03
2020-03-05	467	0	51269183	83.03
2020-03-06	505	7	51269183	83.03
2020-03-07	448	2	51269183	83.03
2020-03-08	273	6	51269183	83.03
2020-03-09	164	3	51269183	83.03
2020-03-10	35	1	51269183	83.03
2020-03-11	242	6	51269183	83.03
2020-03-12	114	6	51269183	83.03
2020-03-13	110	0	51269183	83.03
2020-03-14	107	6	51269183	83.03
2020-03-15	76	3	51269183	83.03
2020-03-16	74	0	51269183	83.03
2020-03-17	84	6	51269183	83.03
2020-03-18	93	3	51269183	83.03
2020-03-19	152	7	51269183	83.03
2020-03-20	87	3	51269183	83.03
2020-03-21	147	8	51269183	83.03
2020-03-22	162	9	51269183	83.03
2020-03-23	0	0	51269183	83.03
2020-03-24	76	9	51269183	83.03
2020-03-25	100	6	51269183	83.03
2020-03-26	104	5	51269183	83.03
2020-03-27	91	8	51269183	83.03
2020-03-28	146	5	51269183	83.03
2020-03-29	105	8	51269183	83.03
2020-03-30	78	6	51269183	83.03
2020-03-31	125	4	51269183	83.03
2020-04-01	101	3	51269183	83.03
2020-04-02	89	4	51269183	83.03
2020-04-03	86	5	51269183	83.03
2020-04-04	94	3	51269183	83.03
2020-04-05	81	6	51269183	83.03
2020-04-06	47	3	51269183	83.03
2020-04-07	47	6	51269183	83.03
2020-04-08	53	8	51269183	83.03
2020-04-09	39	4	51269183	83.03
2020-04-10	27	4	51269183	83.03
2020-04-11	30	3	51269183	83.03
2020-04-12	32	3	51269183	83.03
2020-04-13	25	3	51269183	83.03
2020-04-14	27	5	51269183	83.03
2020-04-15	27	3	51269183	83.03
2020-04-16	22	4	51269183	83.03
2020-04-17	22	1	51269183	83.03
2020-04-18	18	2	51269183	83.03
2020-04-19	8	2	51269183	83.03
2020-04-20	13	2	51269183	83.03
2020-04-21	9	1	51269183	83.03
2020-04-22	11	1	51269183	83.03
2020-04-23	14	2	51269183	83.03
2020-04-24	10	0	51269183	83.03
2020-04-25	10	2	51269183	83.03
2020-04-26	10	1	51269183	83.03
2020-04-27	14	1	51269183	83.03
2020-04-28	9	2	51269183	83.03
2020-04-29	4	1	51269183	83.03
2020-04-30	9	1	51269183	83.03
2020-05-01	6	2	51269183	83.03
2020-05-02	13	0	51269183	83.03
2020-05-03	8	2	51269183	83.03
2020-05-04	3	2	51269183	83.03
2020-05-05	2	1	51269183	83.03
2020-05-06	4	1	51269183	83.03
2020-05-07	12	0	51269183	83.03
2020-05-08	18	0	51269183	83.03
2020-05-09	34	0	51269183	83.03
2020-05-10	35	0	51269183	83.03
2020-05-11	27	2	51269183	83.03
2020-05-12	26	1	51269183	83.03
2020-05-13	29	1	51269183	83.03
2020-05-14	27	0	51269183	83.03
2020-05-15	19	2	51269183	83.03
2020-05-16	13	0	51269183	83.03
2020-05-17	15	1	51269183	83.03
2020-05-18	13	0	51269183	83.03
2020-05-19	32	0	51269183	83.03
2020-05-20	12	1	51269183	83.03
2020-05-21	20	0	51269183	83.03
2020-05-22	23	2	51269183	83.03
2020-05-23	25	0	51269183	83.03
2020-05-24	16	1	51269183	83.03
2020-05-25	19	2	51269183	83.03
2020-05-26	40	0	51269183	83.03
2020-05-27	79	0	51269183	83.03
2020-05-28	58	0	51269183	83.03
2020-05-29	39	0	51269183	83.03
2020-05-30	27	1	51269183	83.03
2020-05-31	35	1	51269183	83.03
2020-06-01	38	1	51269183	83.03
2020-06-02	49	1	51269183	83.03
2020-06-03	39	0	51269183	83.03
2020-06-04	39	0	51269183	83.03
2020-06-05	51	0	51269183	83.03
2020-06-06	57	0	51269183	83.03
2020-06-07	38	0	51269183	83.03
2020-06-08	38	1	51269183	83.03
2020-06-09	50	2	51269183	83.03
2020-06-10	45	0	51269183	83.03
2020-06-11	56	1	51269183	83.03
2020-06-12	48	0	51269183	83.03
2020-06-13	34	0	51269183	83.03
2020-06-14	36	0	51269183	83.03
2020-06-15	34	1	51269183	83.03
2020-06-16	43	1	51269183	83.03
2020-06-17	59	1	51269183	83.03
2020-06-18	49	0	51269183	83.03
2020-06-19	67	0	51269183	83.03
2020-06-20	48	0	51269183	83.03
2020-06-21	17	0	51269183	83.03
2020-06-22	46	1	51269183	83.03
2020-06-23	51	0	51269183	83.03
2020-06-24	28	1	51269183	83.03
2020-06-25	39	0	51269183	83.03
2020-06-26	51	0	51269183	83.03
2020-06-27	62	0	51269183	83.03
2020-06-28	42	0	51269183	83.03
2020-06-29	43	0	51269183	83.03
2020-06-30	50	0	51269183	83.03
2020-07-01	54	0	51269183	83.03
2020-07-02	63	0	51269183	83.03
2020-07-03	63	1	51269183	83.03
2020-07-04	61	0	51269183	83.03
2020-07-05	46	1	51269183	83.03
2020-07-06	44	1	51269183	83.03
2020-07-07	63	0	51269183	83.03
2020-07-08	49	2	51269183	83.03
2020-07-09	45	1	51269183	83.03
2020-07-10	35	0	51269183	83.03
2020-07-11	44	1	51269183	83.03
2020-07-12	62	0	51269183	83.03
2020-07-13	33	0	51269183	83.03
2020-07-14	39	0	51269183	83.03
2020-07-15	61	2	51269183	83.03
2020-07-16	60	2	51269183	83.03
2020-07-17	39	1	51269183	83.03
2020-07-18	34	1	51269183	83.03
2020-07-19	26	1	51269183	83.03
2020-07-20	45	0	51269183	83.03
2020-07-21	63	1	51269183	83.03
2020-07-22	59	0	51269183	83.03
2020-07-23	41	1	51269183	83.03
2020-07-24	113	0	51269183	83.03
2020-07-25	58	0	51269183	83.03
2020-07-26	25	1	51269183	83.03
2020-07-27	28	1	51269183	83.03
2020-07-28	48	0	51269183	83.03
2020-07-29	18	0	51269183	83.03
2020-07-30	36	1	51269183	83.03
2020-07-31	31	0	51269183	83.03
2020-08-01	30	0	51269183	83.03
2020-08-02	23	0	51269183	83.03
2020-08-03	34	0	51269183	83.03
2020-08-04	33	1	51269183	83.03
2020-08-05	43	0	51269183	83.03
2020-08-06	20	1	51269183	83.03
2020-08-07	43	1	51269183	83.03
2020-08-08	36	1	51269183	83.03
2020-08-09	28	0	51269183	83.03
2020-08-10	34	0	51269183	83.03
2020-08-11	54	0	51269183	83.03
2020-08-12	56	0	51269183	83.03
2020-08-13	103	0	51269183	83.03
2020-08-14	166	0	51269183	83.03
2020-08-15	279	0	51269183	83.03
2020-08-16	197	0	51269183	83.03
2020-08-17	246	1	51269183	83.03
2020-08-18	297	0	51269183	83.03
2020-08-19	288	1	51269183	83.03
2020-08-20	324	2	51269183	83.03
2020-08-21	332	0	51269183	83.03
2020-08-22	397	0	51269183	83.03
2020-08-23	266	0	51269183	83.03
2020-08-24	280	1	51269183	83.03
2020-08-25	320	2	51269183	83.03
2020-08-26	441	1	51269183	83.03
2020-08-27	371	3	51269183	83.03
2020-08-28	323	5	51269183	83.03
2020-08-29	299	2	51269183	83.03
2020-08-30	248	1	51269183	83.03
2020-08-31	235	0	51269183	83.03
2020-09-01	267	2	51269183	83.03
2020-09-02	195	3	51269183	83.03
2020-09-03	198	2	51269183	83.03
2020-09-04	168	2	51269183	83.03
2020-09-05	167	1	51269183	83.03
2020-09-06	119	2	51269183	83.03
2020-09-07	136	5	51269183	83.03
2020-09-08	156	3	51269183	83.03
2020-09-09	155	2	51269183	83.03
2020-09-10	176	4	51269183	83.03
2020-09-11	136	5	51269183	83.03
2020-09-12	121	3	51269183	83.03
2020-09-13	109	5	51269183	83.03
2020-09-14	106	4	51269183	83.03
2020-09-15	113	0	51269183	83.03
2020-09-16	153	5	51269183	83.03
2020-09-17	126	5	51269183	83.03
2020-09-18	110	1	51269183	83.03
2020-09-19	82	5	51269183	83.03
2020-09-20	70	2	51269183	83.03
2020-09-21	61	3	51269183	83.03
2020-09-22	110	0	51269183	83.03
2020-09-23	125	5	51269183	83.03
2020-09-24	114	2	51269183	83.03
2020-09-25	61	4	51269183	83.03
2020-09-26	95	2	51269183	83.03
2020-09-27	50	5	51269183	83.03
2020-09-28	38	1	51269183	83.03
2020-09-29	113	6	51269183	83.03
2020-09-30	77	2	51269183	83.03
2020-10-01	63	1	51269183	83.03
2020-10-02	75	4	51269183	83.03
2020-10-03	64	1	51269183	83.03
2020-10-04	73	1	51269183	83.03
2020-10-05	75	0	51269183	83.03
2020-10-06	114	3	51269183	83.03
2020-10-07	69	2	51269183	83.03
2020-10-08	54	1	51269183	83.03
2020-10-09	72	2	51269183	83.03
2020-10-10	58	2	51269183	83.03
2020-10-11	97	1	51269183	83.03
2020-10-12	102	1	51269183	83.03
2020-10-13	84	4	51269183	83.03
2020-10-14	99	1	51269183	83.03
2020-10-15	47	2	51269183	83.03
2020-10-16	73	2	51269183	83.03
2020-10-17	91	1	51269183	83.03
2020-10-18	76	0	51269183	83.03
2020-10-19	58	3	51269183	83.03
2020-10-20	91	3	51269183	83.03
2020-10-21	119	3	51269183	83.03
2020-10-22	155	2	51269183	83.03
2020-10-23	77	2	51269183	83.03
2020-10-24	61	0	51269183	83.03
2020-10-25	119	0	51269183	83.03
2020-10-26	88	3	51269183	83.03
2020-10-27	103	1	51269183	83.03
2020-10-28	125	1	51269183	83.03
2020-10-29	114	1	51269183	83.03
2020-10-30	126	1	51269183	83.03
2020-10-31	124	2	51269183	83.03
2020-11-01	97	2	51269183	83.03
2020-11-02	75	4	51269183	83.03
2020-11-03	118	2	51269183	83.03
2020-11-04	125	1	51269183	83.03
2020-11-05	145	1	51269183	83.03
2020-11-06	89	1	51269183	83.03
2020-11-07	143	1	51269183	83.03
2020-11-08	126	2	51269183	83.03
2020-11-09	100	5	51269183	83.03
2020-11-10	146	2	51269183	83.03
2020-11-11	143	0	51269183	83.03
2020-11-12	191	1	51269183	83.03
2020-11-13	205	4	51269183	83.03
2020-11-14	208	1	51269183	83.03
2020-11-15	223	1	51269183	83.03
2020-11-16	229	0	51269183	83.03
2020-11-17	313	2	51269183	83.03
2020-11-18	343	2	51269183	83.03
2020-11-19	363	3	51269183	83.03
2020-11-20	386	2	51269183	83.03
2020-11-21	330	2	51269183	83.03
2020-11-22	271	4	51269183	83.03
2020-11-23	349	1	51269183	83.03
2020-11-24	382	3	51269183	83.03
2020-11-25	583	2	51269183	83.03
2020-11-26	569	1	51269183	83.03
2020-11-27	488	6	51269183	83.03
2020-11-28	449	1	51269183	83.03
2020-11-29	377	3	51269183	83.03
2020-11-30	451	0	51269183	83.03
2020-12-01	511	0	51269183	83.03
2020-12-02	540	3	51269183	83.03
2020-12-03	629	7	51269183	83.03
2020-12-04	583	4	51269183	83.03
2020-12-05	631	5	51269183	83.03
2020-12-06	615	4	51269183	83.03
2020-12-07	594	3	51269183	83.03
2020-12-08	677	4	51269183	83.03
2020-12-09	666	8	51269183	83.03
2020-12-10	688	8	51269183	83.03
2020-12-11	950	6	51269183	83.03
2020-12-12	1030	2	51269183	83.03
2020-12-13	718	7	51269183	83.03
2020-12-14	880	13	51269183	83.03
2020-12-15	1078	12	51269183	83.03
2020-12-16	1011	22	51269183	83.03
2020-12-17	1062	11	51269183	83.03
2020-12-18	1055	14	51269183	83.03
2020-12-19	1095	15	51269183	83.03
2020-12-20	926	24	51269183	83.03
2020-12-21	869	24	51269183	83.03
2020-12-22	1090	17	51269183	83.03
2020-12-23	983	17	51269183	83.03
2020-12-24	1237	17	51269183	83.03
2020-12-25	1132	20	51269183	83.03
2020-12-26	970	15	51269183	83.03
2020-12-27	808	11	51269183	83.03
2020-12-28	1045	40	51269183	83.03
2020-12-29	1048	20	51269183	83.03
2020-12-30	967	21	51269183	83.03
2020-12-31	1029	17	51269183	83.03
2021-01-01	824	25	51269183	83.03
2021-01-02	651	20	51269183	83.03
2021-01-03	1020	19	51269183	83.03
2021-01-04	715	26	51269183	83.03
2021-01-05	839	20	51269183	83.03
2021-01-06	868	19	51269183	83.03
2021-01-07	672	35	51269183	83.03
2021-01-08	641	19	51269183	83.03
2021-01-09	665	25	51269183	83.03
2021-01-10	450	15	51269183	83.03
2021-01-11	537	25	51269183	83.03
2021-01-12	561	20	51269183	83.03
2021-01-13	516	10	51269183	83.03
2021-01-14	513	22	51269183	83.03
2021-01-15	579	19	51269183	83.03
2021-01-16	520	13	51269183	83.03
2021-01-17	389	15	51269183	83.03
2021-01-18	386	19	51269183	83.03
2021-01-19	403	17	51269183	83.03
2021-01-20	400	16	51269183	83.03
2021-01-21	344	12	51269183	83.03
2021-01-22	430	9	51269183	83.03
2021-01-23	392	12	51269183	83.03
2021-01-24	437	11	51269183	83.03
2021-01-25	354	11	51269183	83.03
2021-01-26	554	7	51269183	83.03
2021-01-27	497	8	51269183	83.03
2021-01-28	469	13	51269183	83.03
2021-01-29	455	15	51269183	83.03
2021-01-30	355	6	51269183	83.03
2021-01-31	303	5	51269183	83.03
2021-02-01	336	10	51269183	83.03
2021-02-02	467	6	51269183	83.03
2021-02-03	451	7	51269183	83.03
2021-02-04	369	11	51269183	83.03
2021-02-05	393	5	51269183	83.03
2021-02-06	372	7	51269183	83.03
2021-02-07	289	3	51269183	83.03
2021-02-08	302	8	51269183	83.03
2021-02-09	443	4	51269183	83.03
2021-02-10	504	10	51269183	83.03
2021-02-11	403	11	51269183	83.03
2021-02-12	362	7	51269183	83.03
2021-02-13	326	8	51269183	83.03
2021-02-14	344	5	51269183	83.03
2021-02-15	456	7	51269183	83.03
2021-02-16	621	4	51269183	83.03
2021-02-17	621	6	51269183	83.03
2021-02-18	561	6	51269183	83.03
2021-02-19	446	3	51269183	83.03
2021-02-20	418	4	51269183	83.03
2021-02-21	332	5	51269183	83.03
2021-02-22	357	11	51269183	83.03
2021-02-23	439	3	51269183	83.03
2021-02-24	396	5	51269183	83.03
2021-02-25	406	4	51269183	83.03
2021-02-26	399	10	51269183	83.03
2021-02-27	355	8	51269183	83.03
2021-02-28	355	2	51269183	83.03
2021-03-01	341	1	51269183	83.03
2021-03-02	444	6	51269183	83.03
2021-03-03	424	7	51269183	83.03
2021-03-04	398	8	51269183	83.03
2021-03-05	417	5	51269183	83.03
2021-03-06	416	2	51269183	83.03
2021-03-07	346	8	51269183	83.03
2021-03-08	446	3	51269183	83.03
2021-03-09	470	3	51269183	83.03
2021-03-10	465	4	51269183	83.03
2021-03-11	488	10	51269183	83.03
2021-03-12	490	5	51269183	83.03
2021-03-13	459	2	51269183	83.03
2021-03-14	382	6	51269183	83.03
2021-03-15	363	3	51269183	83.03
2021-03-16	469	8	51269183	83.03
2021-03-17	445	2	51269183	83.03
2021-03-18	463	2	51269183	83.03
2021-03-19	452	3	51269183	83.03
2021-03-20	456	3	51269183	83.03
2021-03-21	410	1	51269183	83.03
