2020-02-01	1	0	46754783	83.56
2020-02-02	0	0	46754783	83.56
2020-02-03	0	0	46754783	83.56
2020-02-04	0	0	46754783	83.56
2020-02-05	0	0	46754783	83.56
2020-02-06	0	0	46754783	83.56
2020-02-07	0	0	46754783	83.56
2020-02-08	0	0	46754783	83.56
2020-02-09	1	0	46754783	83.56
2020-02-10	0	0	46754783	83.56
2020-02-11	0	0	46754783	83.56
2020-02-12	0	0	46754783	83.56
2020-02-13	0	0	46754783	83.56
2020-02-14	0	0	46754783	83.56
2020-02-15	0	0	46754783	83.56
2020-02-16	0	0	46754783	83.56
2020-02-17	0	0	46754783	83.56
2020-02-18	0	0	46754783	83.56
2020-02-19	0	0	46754783	83.56
2020-02-20	0	0	46754783	83.56
2020-02-21	0	0	46754783	83.56
2020-02-22	0	0	46754783	83.56
2020-02-23	0	0	46754783	83.56
2020-02-24	0	0	46754783	83.56
2020-02-25	4	0	46754783	83.56
2020-02-26	7	0	46754783	83.56
2020-02-27	2	0	46754783	83.56
2020-02-28	17	0	46754783	83.56
2020-02-29	13	0	46754783	83.56
2020-03-01	39	0	46754783	83.56
2020-03-02	36	0	46754783	83.56
2020-03-03	45	1	46754783	83.56
2020-03-04	57	1	46754783	83.56
2020-03-05	37	1	46754783	83.56
2020-03-06	141	2	46754783	83.56
2020-03-07	100	5	46754783	83.56
2020-03-08	173	7	46754783	83.56
2020-03-09	400	11	46754783	83.56
2020-03-10	622	7	46754783	83.56
2020-03-11	582	19	46754783	83.56
2020-03-12	0	1	46754783	83.56
2020-03-13	2955	78	46754783	83.56
2020-03-14	1159	62	46754783	83.56
2020-03-15	1407	94	46754783	83.56
2020-03-16	2144	53	46754783	83.56
2020-03-17	1806	191	46754783	83.56
2020-03-18	2162	90	46754783	83.56
2020-03-19	4053	207	46754783	83.56
2020-03-20	2447	213	46754783	83.56
2020-03-21	4964	332	46754783	83.56
2020-03-22	3394	397	46754783	83.56
2020-03-23	6368	539	46754783	83.56
2020-03-24	4749	497	46754783	83.56
2020-03-25	9630	839	46754783	83.56
2020-03-26	8271	718	46754783	83.56
2020-03-27	7933	773	46754783	83.56
2020-03-28	7516	844	46754783	83.56
2020-03-29	6875	821	46754783	83.56
2020-03-30	7846	913	46754783	83.56
2020-03-31	7967	748	46754783	83.56
2020-04-01	8195	923	46754783	83.56
2020-04-02	7947	961	46754783	83.56
2020-04-03	7134	850	46754783	83.56
2020-04-04	6969	749	46754783	83.56
2020-04-05	5478	694	46754783	83.56
2020-04-06	5029	700	46754783	83.56
2020-04-07	5267	704	46754783	83.56
2020-04-08	6278	747	46754783	83.56
2020-04-09	5002	655	46754783	83.56
2020-04-10	5051	634	46754783	83.56
2020-04-11	4754	525	46754783	83.56
2020-04-12	3804	603	46754783	83.56
2020-04-13	3268	547	46754783	83.56
2020-04-14	2442	300	46754783	83.56
2020-04-15	5103	652	46754783	83.56
2020-04-16	7304	607	46754783	83.56
2020-04-17	5891	687	46754783	83.56
2020-04-18	887	41	46754783	83.56
2020-04-19	6948	410	46754783	83.56
2020-04-20	1536	399	46754783	83.56
2020-04-21	3968	430	46754783	83.56
2020-04-22	4211	435	46754783	83.56
2020-04-23	4635	440	46754783	83.56
2020-04-24	-10034	367	46754783	83.56
2020-04-25	2915	378	46754783	83.56
2020-04-26	1729	288	46754783	83.56
2020-04-27	1831	331	46754783	83.56
2020-04-28	1308	301	46754783	83.56
2020-04-29	2144	453	46754783	83.56
2020-04-30	518	268	46754783	83.56
2020-05-01	1781	0	46754783	83.56
2020-05-02	1366	557	46754783	83.56
2020-05-03	884	164	46754783	83.56
2020-05-04	545	164	46754783	83.56
2020-05-05	1318	185	46754783	83.56
2020-05-06	996	244	46754783	83.56
2020-05-07	1122	213	46754783	83.56
2020-05-08	1410	229	46754783	83.56
2020-05-09	721	179	46754783	83.56
2020-05-10	772	143	46754783	83.56
2020-05-11	3086	123	46754783	83.56
2020-05-12	594	176	46754783	83.56
2020-05-13	661	184	46754783	83.56
2020-05-14	849	217	46754783	83.56
2020-05-15	643	138	46754783	83.56
2020-05-16	515	104	46754783	83.56
2020-05-17	0	0	46754783	83.56
2020-05-18	908	146	46754783	83.56
2020-05-19	431	69	46754783	83.56
2020-05-20	518	110	46754783	83.56
2020-05-21	482	52	46754783	83.56
2020-05-22	1787	688	46754783	83.56
2020-05-23	466	50	46754783	83.56
2020-05-24	482	74	46754783	83.56
2020-05-25	-372	-1918	46754783	83.56
2020-05-26	859	283	46754783	83.56
2020-05-27	0	0	46754783	83.56
2020-05-28	1647	2	46754783	83.56
2020-05-29	658	2	46754783	83.56
2020-05-30	664	4	46754783	83.56
2020-05-31	251	2	46754783	83.56
2020-06-01	159	0	46754783	83.56
2020-06-02	294	0	46754783	83.56
2020-06-03	394	1	46754783	83.56
2020-06-04	334	5	46754783	83.56
2020-06-05	318	1	46754783	83.56
2020-06-06	332	1	46754783	83.56
2020-06-07	240	1	46754783	83.56
2020-06-08	167	0	46754783	83.56
2020-06-09	249	0	46754783	83.56
2020-06-10	314	0	46754783	83.56
2020-06-11	427	0	46754783	83.56
2020-06-12	502	0	46754783	83.56
2020-06-13	396	0	46754783	83.56
2020-06-14	323	0	46754783	83.56
2020-06-15	181	0	46754783	83.56
2020-06-16	219	0	46754783	83.56
2020-06-17	355	0	46754783	83.56
2020-06-18	585	0	46754783	83.56
2020-06-19	307	1179	46754783	83.56
2020-06-20	363	7	46754783	83.56
2020-06-21	334	1	46754783	83.56
2020-06-22	232	1	46754783	83.56
2020-06-23	248	1	46754783	83.56
2020-06-24	334	2	46754783	83.56
2020-06-25	400	3	46754783	83.56
2020-06-26	419	8	46754783	83.56
2020-06-27	564	3	46754783	83.56
2020-06-28	301	2	46754783	83.56
2020-06-29	200	3	46754783	83.56
2020-06-30	301	9	46754783	83.56
2020-07-01	388	9	46754783	83.56
2020-07-02	444	4	46754783	83.56
2020-07-03	442	17	46754783	83.56
2020-07-04	0	0	46754783	83.56
2020-07-05	0	0	46754783	83.56
2020-07-06	1244	3	46754783	83.56
2020-07-07	341	4	46754783	83.56
2020-07-08	383	4	46754783	83.56
2020-07-09	543	5	46754783	83.56
2020-07-10	852	2	46754783	83.56
2020-07-11	0	0	46754783	83.56
2020-07-12	0	0	46754783	83.56
2020-07-13	2045	3	46754783	83.56
2020-07-14	666	3	46754783	83.56
2020-07-15	875	4	46754783	83.56
2020-07-16	1361	3	46754783	83.56
2020-07-17	1400	4	46754783	83.56
2020-07-18	0	0	46754783	83.56
2020-07-19	0	0	46754783	83.56
2020-07-20	4581	2	46754783	83.56
2020-07-21	1358	2	46754783	83.56
2020-07-22	1357	2	46754783	83.56
2020-07-23	2615	3	46754783	83.56
2020-07-24	2255	3	46754783	83.56
2020-07-25	0	0	46754783	83.56
2020-07-26	0	0	46754783	83.56
2020-07-27	6361	2	46754783	83.56
2020-07-28	1828	2	46754783	83.56
2020-07-29	2031	5	46754783	83.56
2020-07-30	2789	2	46754783	83.56
2020-07-31	3092	2	46754783	83.56
2020-08-01	0	0	46754783	83.56
2020-08-02	0	0	46754783	83.56
2020-08-03	8532	27	46754783	83.56
2020-08-04	5760	26	46754783	83.56
2020-08-05	2953	1	46754783	83.56
2020-08-06	4088	1	46754783	83.56
2020-08-07	4507	3	46754783	83.56
2020-08-08	0	0	46754783	83.56
2020-08-09	0	0	46754783	83.56
2020-08-10	8618	73	46754783	83.56
2020-08-11	3632	5	46754783	83.56
2020-08-12	3172	-2	46754783	83.56
2020-08-13	7550	26	46754783	83.56
2020-08-14	5479	12	46754783	83.56
2020-08-15	0	0	46754783	83.56
2020-08-16	0	0	46754783	83.56
2020-08-17	16269	29	46754783	83.56
2020-08-18	5114	24	46754783	83.56
2020-08-19	6671	127	46754783	83.56
2020-08-20	7039	16	46754783	83.56
2020-08-21	8148	25	46754783	83.56
2020-08-22	0	0	46754783	83.56
2020-08-23	0	0	46754783	83.56
2020-08-24	19382	34	46754783	83.56
2020-08-25	7117	52	46754783	83.56
2020-08-26	7296	47	46754783	83.56
2020-08-27	9658	25	46754783	83.56
2020-08-28	9779	15	46754783	83.56
2020-08-29	0	0	46754783	83.56
2020-08-30	0	0	46754783	83.56
2020-08-31	23572	83	46754783	83.56
2020-09-01	8115	58	46754783	83.56
2020-09-02	8581	42	46754783	83.56
2020-09-03	8959	40	46754783	83.56
2020-09-04	10476	184	46754783	83.56
2020-09-05	0	0	46754783	83.56
2020-09-06	0	0	46754783	83.56
2020-09-07	26560	98	46754783	83.56
2020-09-08	8964	78	46754783	83.56
2020-09-09	8866	34	46754783	83.56
2020-09-10	10764	71	46754783	83.56
2020-09-11	12183	48	46754783	83.56
2020-09-12	0	0	46754783	83.56
2020-09-13	0	0	46754783	83.56
2020-09-14	27404	101	46754783	83.56
2020-09-15	9437	156	46754783	83.56
2020-09-16	11193	239	46754783	83.56
2020-09-17	11291	162	46754783	83.56
2020-09-18	14389	90	46754783	83.56
2020-09-19	0	0	46754783	83.56
2020-09-20	0	0	46754783	83.56
2020-09-21	31428	168	46754783	83.56
2020-09-22	10799	241	46754783	83.56
2020-09-23	11289	130	46754783	83.56
2020-09-24	10653	84	46754783	83.56
2020-09-25	12272	114	46754783	83.56
2020-09-26	0	0	46754783	83.56
2020-09-27	0	0	46754783	83.56
2020-09-28	31785	179	46754783	83.56
2020-09-29	0	0	46754783	83.56
2020-09-30	20922	380	46754783	83.56
2020-10-01	9419	182	46754783	83.56
2020-10-02	11325	113	46754783	83.56
2020-10-03	0	0	46754783	83.56
2020-10-04	0	0	46754783	83.56
2020-10-05	23480	139	46754783	83.56
2020-10-06	11998	261	46754783	83.56
2020-10-07	10491	76	46754783	83.56
2020-10-08	12423	126	46754783	83.56
2020-10-09	12788	241	46754783	83.56
2020-10-10	0	0	46754783	83.56
2020-10-11	0	0	46754783	83.56
2020-10-12	27856	195	46754783	83.56
2020-10-13	7118	80	46754783	83.56
2020-10-14	11970	209	46754783	83.56
2020-10-15	13318	140	46754783	83.56
2020-10-16	15186	222	46754783	83.56
2020-10-17	0	0	46754783	83.56
2020-10-18	0	0	46754783	83.56
2020-10-19	37889	217	46754783	83.56
2020-10-20	13873	218	46754783	83.56
2020-10-21	16973	156	46754783	83.56
2020-10-22	20986	155	46754783	83.56
2020-10-23	19851	231	46754783	83.56
2020-10-24	0	0	46754783	83.56
2020-10-25	0	0	46754783	83.56
2020-10-26	52188	279	46754783	83.56
2020-10-27	18418	267	46754783	83.56
2020-10-28	19765	168	46754783	83.56
2020-10-29	23580	173	46754783	83.56
2020-10-30	25595	239	46754783	83.56
2020-10-31	0	0	46754783	83.56
2020-11-01	0	0	46754783	83.56
2020-11-02	55019	379	46754783	83.56
2020-11-03	18669	238	46754783	83.56
2020-11-04	25042	1623	46754783	83.56
2020-11-05	21908	368	46754783	83.56
2020-11-06	22516	347	46754783	83.56
2020-11-07	0	0	46754783	83.56
2020-11-08	0	0	46754783	83.56
2020-11-09	52386	512	46754783	83.56
2020-11-10	0	0	46754783	83.56
2020-11-11	36491	760	46754783	83.56
2020-11-12	19511	356	46754783	83.56
2020-11-13	21371	308	46754783	83.56
2020-11-14	0	0	46754783	83.56
2020-11-15	0	0	46754783	83.56
2020-11-16	38273	484	46754783	83.56
2020-11-17	13159	435	46754783	83.56
2020-11-18	15318	351	46754783	83.56
2020-11-19	16233	252	46754783	83.56
2020-11-20	15156	328	46754783	83.56
2020-11-21	0	0	46754783	83.56
2020-11-22	0	0	46754783	83.56
2020-11-23	25886	512	46754783	83.56
2020-11-24	12228	537	46754783	83.56
2020-11-25	10222	369	46754783	83.56
2020-11-26	12289	337	46754783	83.56
2020-11-27	10853	294	46754783	83.56
2020-11-28	0	0	46754783	83.56
2020-11-29	0	0	46754783	83.56
2020-11-30	19979	401	46754783	83.56
2020-12-01	8257	442	46754783	83.56
2020-12-02	9331	273	46754783	83.56
2020-12-03	10127	254	46754783	83.56
2020-12-04	8745	214	46754783	83.56
2020-12-05	0	0	46754783	83.56
2020-12-06	0	0	46754783	83.56
2020-12-07	17681	394	46754783	83.56
2020-12-08	0	0	46754783	83.56
2020-12-09	9773	373	46754783	83.56
2020-12-10	7955	325	46754783	83.56
2020-12-11	10519	280	46754783	83.56
2020-12-12	0	0	46754783	83.56
2020-12-13	0	0	46754783	83.56
2020-12-14	21309	389	46754783	83.56
2020-12-15	10328	388	46754783	83.56
2020-12-16	11078	195	46754783	83.56
2020-12-17	12131	181	46754783	83.56
2020-12-18	11815	149	46754783	83.56
2020-12-19	0	0	46754783	83.56
2020-12-20	0	0	46754783	83.56
2020-12-21	22013	334	46754783	83.56
2020-12-22	10654	260	46754783	83.56
2020-12-23	12386	178	46754783	83.56
2020-12-24	12662	126	46754783	83.56
2020-12-25	0	0	46754783	83.56
2020-12-26	0	0	46754783	83.56
2020-12-27	0	0	46754783	83.56
2020-12-28	24462	298	46754783	83.56
2020-12-29	14089	320	46754783	83.56
2020-12-30	16716	247	46754783	83.56
2020-12-31	18047	148	46754783	83.56
2021-01-01	0	0	46754783	83.56
2021-01-02	0	0	46754783	83.56
2021-01-03	0	0	46754783	83.56
2021-01-04	30579	241	46754783	83.56
2021-01-05	23700	352	46754783	83.56
2021-01-06	0	0	46754783	83.56
2021-01-07	42360	245	46754783	83.56
2021-01-08	25456	199	46754783	83.56
2021-01-09	0	0	46754783	83.56
2021-01-10	0	0	46754783	83.56
2021-01-11	61422	401	46754783	83.56
2021-01-12	25438	408	46754783	83.56
2021-01-13	38869	195	46754783	83.56
2021-01-14	35878	201	46754783	83.56
2021-01-15	40197	235	46754783	83.56
2021-01-16	0	0	46754783	83.56
2021-01-17	0	0	46754783	83.56
2021-01-18	84287	455	46754783	83.56
2021-01-19	34291	404	46754783	83.56
2021-01-20	41576	464	46754783	83.56
2021-01-21	44357	404	46754783	83.56
2021-01-22	42885	400	46754783	83.56
2021-01-23	0	0	46754783	83.56
2021-01-24	0	0	46754783	83.56
2021-01-25	93822	767	46754783	83.56
2021-01-26	36435	586	46754783	83.56
2021-01-27	40285	497	46754783	83.56
2021-01-28	34899	515	46754783	83.56
2021-01-29	38118	513	46754783	83.56
2021-01-30	0	0	46754783	83.56
2021-01-31	0	0	46754783	83.56
2021-02-01	79686	762	46754783	83.56
2021-02-02	29064	724	46754783	83.56
2021-02-03	31596	565	46754783	83.56
2021-02-04	29960	432	46754783	83.56
2021-02-05	28565	584	46754783	83.56
2021-02-06	0	0	46754783	83.56
2021-02-07	0	0	46754783	83.56
2021-02-08	47095	909	46754783	83.56
2021-02-09	16402	766	46754783	83.56
2021-02-10	18114	643	46754783	83.56
2021-02-11	17853	513	46754783	83.56
2021-02-12	14581	530	46754783	83.56
2021-02-13	0	0	46754783	83.56
2021-02-14	0	0	46754783	83.56
2021-02-15	30251	702	46754783	83.56
2021-02-16	10057	530	46754783	83.56
2021-02-17	10829	337	46754783	83.56
2021-02-18	14515	388	46754783	83.56
2021-02-19	11435	397	46754783	83.56
2021-02-20	0	0	46754783	83.56
2021-02-21	0	0	46754783	83.56
2021-02-22	20849	535	46754783	83.56
2021-02-23	7461	443	46754783	83.56
2021-02-24	9212	389	46754783	83.56
2021-02-25	9568	345	46754783	83.56
2021-02-26	8341	329	46754783	83.56
2021-02-27	0	0	46754783	83.56
2021-02-28	0	0	46754783	83.56
2021-03-01	15978	467	46754783	83.56
2021-03-02	-74347	192	46754783	83.56
2021-03-03	6137	446	46754783	83.56
2021-03-04	6037	254	46754783	83.56
2021-03-05	6654	637	46754783	83.56
2021-03-06	0	0	46754783	83.56
2021-03-07	0	0	46754783	83.56
2021-03-08	11958	298	46754783	83.56
2021-03-09	4012	291	46754783	83.56
2021-03-10	7119	234	46754783	83.56
2021-03-11	6255	124	46754783	83.56
2021-03-12	5348	173	46754783	83.56
2021-03-13	0	0	46754783	83.56
2021-03-14	0	0	46754783	83.56
2021-03-15	11358	166	46754783	83.56
2021-03-16	4962	141	46754783	83.56
2021-03-17	6092	228	46754783	83.56
2021-03-18	6216	117	46754783	83.56
2021-03-19	0	0	46754783	83.56
2021-03-20	0	0	46754783	83.56
2021-03-21	0	0	46754783	83.56
