2020-03-14	1	0	586634	71.68
2020-03-15	0	0	586634	71.68
2020-03-16	0	0	586634	71.68
2020-03-17	0	0	586634	71.68
2020-03-18	0	0	586634	71.68
2020-03-19	0	0	586634	71.68
2020-03-20	3	0	586634	71.68
2020-03-21	0	0	586634	71.68
2020-03-22	1	0	586634	71.68
2020-03-23	0	0	586634	71.68
2020-03-24	2	0	586634	71.68
2020-03-25	1	0	586634	71.68
2020-03-26	0	0	586634	71.68
2020-03-27	0	0	586634	71.68
2020-03-28	0	0	586634	71.68
2020-03-29	0	0	586634	71.68
2020-03-30	0	0	586634	71.68
2020-03-31	1	0	586634	71.68
2020-04-01	1	0	586634	71.68
2020-04-02	0	0	586634	71.68
2020-04-03	0	1	586634	71.68
2020-04-04	0	0	586634	71.68
2020-04-05	0	0	586634	71.68
2020-04-06	0	0	586634	71.68
2020-04-07	0	0	586634	71.68
2020-04-08	0	0	586634	71.68
2020-04-09	0	0	586634	71.68
2020-04-10	0	0	586634	71.68
2020-04-11	0	0	586634	71.68
2020-04-12	0	0	586634	71.68
2020-04-13	0	0	586634	71.68
2020-04-14	0	0	586634	71.68
2020-04-15	0	0	586634	71.68
2020-04-16	0	0	586634	71.68
2020-04-17	0	0	586634	71.68
2020-04-18	0	0	586634	71.68
2020-04-19	0	0	586634	71.68
2020-04-20	0	0	586634	71.68
2020-04-21	0	0	586634	71.68
2020-04-22	0	0	586634	71.68
2020-04-23	0	0	586634	71.68
2020-04-24	0	0	586634	71.68
2020-04-25	0	0	586634	71.68
2020-04-26	0	0	586634	71.68
2020-04-27	0	0	586634	71.68
2020-04-28	0	0	586634	71.68
2020-04-29	0	0	586634	71.68
2020-04-30	0	0	586634	71.68
2020-05-01	0	0	586634	71.68
2020-05-02	0	0	586634	71.68
2020-05-03	0	0	586634	71.68
2020-05-04	0	0	586634	71.68
2020-05-05	0	0	586634	71.68
2020-05-06	0	0	586634	71.68
2020-05-07	0	0	586634	71.68
2020-05-08	0	0	586634	71.68
2020-05-09	0	0	586634	71.68
2020-05-10	0	0	586634	71.68
2020-05-11	0	0	586634	71.68
2020-05-12	0	0	586634	71.68
2020-05-13	0	0	586634	71.68
2020-05-14	0	0	586634	71.68
2020-05-15	0	0	586634	71.68
2020-05-16	0	0	586634	71.68
2020-05-17	0	0	586634	71.68
2020-05-18	1	0	586634	71.68
2020-05-19	0	0	586634	71.68
2020-05-20	0	0	586634	71.68
2020-05-21	0	0	586634	71.68
2020-05-22	0	0	586634	71.68
2020-05-23	0	0	586634	71.68
2020-05-24	0	0	586634	71.68
2020-05-25	0	0	586634	71.68
2020-05-26	0	0	586634	71.68
2020-05-27	1	0	586634	71.68
2020-05-28	0	0	586634	71.68
2020-05-29	0	0	586634	71.68
2020-05-30	2	0	586634	71.68
2020-05-31	9	0	586634	71.68
2020-06-01	21	0	586634	71.68
2020-06-02	10	0	586634	71.68
2020-06-03	20	0	586634	71.68
2020-06-04	8	0	586634	71.68
2020-06-05	8	0	586634	71.68
2020-06-06	10	0	586634	71.68
2020-06-07	22	0	586634	71.68
2020-06-08	6	1	586634	71.68
2020-06-09	9	0	586634	71.68
2020-06-10	7	0	586634	71.68
2020-06-11	24	0	586634	71.68
2020-06-12	19	1	586634	71.68
2020-06-13	9	0	586634	71.68
2020-06-14	12	0	586634	71.68
2020-06-15	21	2	586634	71.68
2020-06-16	7	1	586634	71.68
2020-06-17	25	0	586634	71.68
2020-06-18	16	1	586634	71.68
2020-06-19	16	1	586634	71.68
2020-06-20	10	0	586634	71.68
2020-06-21	11	0	586634	71.68
2020-06-22	5	0	586634	71.68
2020-06-23	0	1	586634	71.68
2020-06-24	38	1	586634	71.68
2020-06-25	16	0	586634	71.68
2020-06-26	16	0	586634	71.68
2020-06-27	78	1	586634	71.68
2020-06-28	23	0	586634	71.68
2020-06-29	11	2	586634	71.68
2020-06-30	14	0	586634	71.68
2020-07-01	20	0	586634	71.68
2020-07-02	12	0	586634	71.68
2020-07-03	14	0	586634	71.68
2020-07-04	4	1	586634	71.68
2020-07-05	29	0	586634	71.68
2020-07-06	20	0	586634	71.68
2020-07-07	20	1	586634	71.68
2020-07-08	31	2	586634	71.68
2020-07-09	29	0	586634	71.68
2020-07-10	32	1	586634	71.68
2020-07-11	15	0	586634	71.68
2020-07-12	0	0	586634	71.68
2020-07-13	39	0	586634	71.68
2020-07-14	21	0	586634	71.68
2020-07-15	36	0	586634	71.68
2020-07-16	67	0	586634	71.68
2020-07-17	39	1	586634	71.68
2020-07-18	58	1	586634	71.68
2020-07-19	28	1	586634	71.68
2020-07-20	50	0	586634	71.68
2020-07-21	52	0	586634	71.68
2020-07-22	45	0	586634	71.68
2020-07-23	58	2	586634	71.68
2020-07-24	71	0	586634	71.68
2020-07-25	76	0	586634	71.68
2020-07-26	58	0	586634	71.68
2020-07-27	44	1	586634	71.68
2020-07-28	27	0	586634	71.68
2020-07-29	97	2	586634	71.68
2020-07-30	0	0	586634	71.68
2020-07-31	43	0	586634	71.68
2020-08-01	110	0	586634	71.68
2020-08-02	89	1	586634	71.68
2020-08-03	44	0	586634	71.68
2020-08-04	88	0	586634	71.68
2020-08-05	69	0	586634	71.68
2020-08-06	46	2	586634	71.68
2020-08-07	107	0	586634	71.68
2020-08-08	103	0	586634	71.68
2020-08-09	85	0	586634	71.68
2020-08-10	98	1	586634	71.68
2020-08-11	70	9	586634	71.68
2020-08-12	94	0	586634	71.68
2020-08-13	108	1	586634	71.68
2020-08-14	77	1	586634	71.68
2020-08-15	123	1	586634	71.68
2020-08-16	55	5	586634	71.68
2020-08-17	61	1	586634	71.68
2020-08-18	139	6	586634	71.68
2020-08-19	79	0	586634	71.68
2020-08-20	71	1	586634	71.68
2020-08-21	94	1	586634	71.68
2020-08-22	109	1	586634	71.68
2020-08-23	38	1	586634	71.68
2020-08-24	25	2	586634	71.68
2020-08-25	66	1	586634	71.68
2020-08-26	26	1	586634	71.68
2020-08-27	69	4	586634	71.68
2020-08-28	55	0	586634	71.68
2020-08-29	106	1	586634	71.68
2020-08-30	55	0	586634	71.68
2020-08-31	25	4	586634	71.68
2020-09-01	55	1	586634	71.68
2020-09-02	60	0	586634	71.68
2020-09-03	66	1	586634	71.68
2020-09-04	37	2	586634	71.68
2020-09-05	68	1	586634	71.68
2020-09-06	26	9	586634	71.68
2020-09-07	14	6	586634	71.68
2020-09-08	59	0	586634	71.68
2020-09-09	28	1	586634	71.68
2020-09-10	30	1	586634	71.68
2020-09-11	52	0	586634	71.68
2020-09-12	50	0	586634	71.68
2020-09-13	3	0	586634	71.68
2020-09-14	29	2	586634	71.68
2020-09-15	14	0	586634	71.68
2020-09-16	20	0	586634	71.68
2020-09-17	26	0	586634	71.68
2020-09-18	20	1	586634	71.68
2020-09-19	18	1	586634	71.68
2020-09-20	14	0	586634	71.68
2020-09-21	17	0	586634	71.68
2020-09-22	19	3	586634	71.68
2020-09-23	20	1	586634	71.68
2020-09-24	10	1	586634	71.68
2020-09-25	28	0	586634	71.68
2020-09-26	14	0	586634	71.68
2020-09-27	4	0	586634	71.68
2020-09-28	1	0	586634	71.68
2020-09-29	27	2	586634	71.68
2020-09-30	14	0	586634	71.68
2020-10-01	14	1	586634	71.68
2020-10-02	8	0	586634	71.68
2020-10-03	25	1	586634	71.68
2020-10-04	17	0	586634	71.68
2020-10-05	13	0	586634	71.68
2020-10-06	11	0	586634	71.68
2020-10-07	14	0	586634	71.68
2020-10-08	25	0	586634	71.68
2020-10-09	14	0	586634	71.68
2020-10-10	17	1	586634	71.68
2020-10-11	16	0	586634	71.68
2020-10-12	7	0	586634	71.68
2020-10-13	14	0	586634	71.68
2020-10-14	11	1	586634	71.68
2020-10-15	11	1	586634	71.68
2020-10-16	19	0	586634	71.68
2020-10-17	10	0	586634	71.68
2020-10-18	7	0	586634	71.68
2020-10-19	3	0	586634	71.68
2020-10-20	11	0	586634	71.68
2020-10-21	6	0	586634	71.68
2020-10-22	4	0	586634	71.68
2020-10-23	1	0	586634	71.68
2020-10-24	11	0	586634	71.68
2020-10-25	4	0	586634	71.68
2020-10-26	10	1	586634	71.68
2020-10-27	7	1	586634	71.68
2020-10-28	5	0	586634	71.68
2020-10-29	5	0	586634	71.68
2020-10-30	4	0	586634	71.68
2020-10-31	2	0	586634	71.68
2020-11-01	7	0	586634	71.68
2020-11-02	2	0	586634	71.68
2020-11-03	6	0	586634	71.68
2020-11-04	2	1	586634	71.68
2020-11-05	5	0	586634	71.68
2020-11-06	2	0	586634	71.68
2020-11-07	7	1	586634	71.68
2020-11-08	5	0	586634	71.68
2020-11-09	2	0	586634	71.68
2020-11-10	4	0	586634	71.68
2020-11-11	9	0	586634	71.68
2020-11-12	7	1	586634	71.68
2020-11-13	7	0	586634	71.68
2020-11-14	6	0	586634	71.68
2020-11-15	0	0	586634	71.68
2020-11-16	1	1	586634	71.68
2020-11-17	3	1	586634	71.68
2020-11-18	4	0	586634	71.68
2020-11-19	2	0	586634	71.68
2020-11-20	5	0	586634	71.68
2020-11-21	6	0	586634	71.68
2020-11-22	1	0	586634	71.68
2020-11-23	1	0	586634	71.68
2020-11-24	3	1	586634	71.68
2020-11-25	5	0	586634	71.68
2020-11-26	2	0	586634	71.68
2020-11-27	4	0	586634	71.68
2020-11-28	1	0	586634	71.68
2020-11-29	0	0	586634	71.68
2020-11-30	0	0	586634	71.68
2020-12-01	7	0	586634	71.68
2020-12-02	1	0	586634	71.68
2020-12-03	2	0	586634	71.68
2020-12-04	0	0	586634	71.68
2020-12-05	2	0	586634	71.68
2020-12-06	0	0	586634	71.68
2020-12-07	1	0	586634	71.68
2020-12-08	1	0	586634	71.68
2020-12-09	7	0	586634	71.68
2020-12-10	4	0	586634	71.68
2020-12-11	2	0	586634	71.68
2020-12-12	1	0	586634	71.68
2020-12-13	13	0	586634	71.68
2020-12-14	6	0	586634	71.68
2020-12-15	22	0	586634	71.68
2020-12-16	20	0	586634	71.68
2020-12-17	27	0	586634	71.68
2020-12-18	31	0	586634	71.68
2020-12-19	52	1	586634	71.68
2020-12-20	41	0	586634	71.68
2020-12-21	31	0	586634	71.68
2020-12-22	86	0	586634	71.68
2020-12-23	65	0	586634	71.68
2020-12-24	76	0	586634	71.68
2020-12-25	70	1	586634	71.68
2020-12-26	58	0	586634	71.68
2020-12-27	40	0	586634	71.68
2020-12-28	35	1	586634	71.68
2020-12-29	85	0	586634	71.68
2020-12-30	83	1	586634	71.68
2020-12-31	29	1	586634	71.68
2021-01-01	67	1	586634	71.68
2021-01-02	66	0	586634	71.68
2021-01-03	50	0	586634	71.68
2021-01-04	100	1	586634	71.68
2021-01-05	93	1	586634	71.68
2021-01-06	80	1	586634	71.68
2021-01-07	84	4	586634	71.68
2021-01-08	104	1	586634	71.68
2021-01-09	94	1	586634	71.68
2021-01-10	60	1	586634	71.68
2021-01-11	56	5	586634	71.68
2021-01-12	114	0	586634	71.68
2021-01-13	69	1	586634	71.68
2021-01-14	53	0	586634	71.68
2021-01-15	109	0	586634	71.68
2021-01-16	60	2	586634	71.68
2021-01-17	58	0	586634	71.68
2021-01-18	97	4	586634	71.68
2021-01-19	85	1	586634	71.68
2021-01-20	74	0	586634	71.68
2021-01-21	97	0	586634	71.68
2021-01-22	65	2	586634	71.68
2021-01-23	55	0	586634	71.68
2021-01-24	57	1	586634	71.68
2021-01-25	55	0	586634	71.68
2021-01-26	62	1	586634	71.68
2021-01-27	69	2	586634	71.68
2021-01-28	50	2	586634	71.68
2021-01-29	71	0	586634	71.68
2021-01-30	39	0	586634	71.68
2021-01-31	35	0	586634	71.68
2021-02-01	11	2	586634	71.68
2021-02-02	48	0	586634	71.68
2021-02-03	59	0	586634	71.68
2021-02-04	39	2	586634	71.68
2021-02-05	24	0	586634	71.68
2021-02-06	31	2	586634	71.68
2021-02-07	21	1	586634	71.68
2021-02-08	19	1	586634	71.68
2021-02-09	20	1	586634	71.68
2021-02-10	29	1	586634	71.68
2021-02-11	26	2	586634	71.68
2021-02-12	13	0	586634	71.68
2021-02-13	16	0	586634	71.68
2021-02-14	9	0	586634	71.68
2021-02-15	8	1	586634	71.68
2021-02-16	9	0	586634	71.68
2021-02-17	12	1	586634	71.68
2021-02-18	6	0	586634	71.68
2021-02-19	16	0	586634	71.68
2021-02-20	2	0	586634	71.68
2021-02-21	12	0	586634	71.68
2021-02-22	1	1	586634	71.68
2021-02-23	11	1	586634	71.68
2021-02-24	12	0	586634	71.68
2021-02-25	9	0	586634	71.68
2021-02-26	12	0	586634	71.68
2021-02-27	6	0	586634	71.68
2021-02-28	10	2	586634	71.68
2021-03-01	4	1	586634	71.68
2021-03-02	6	0	586634	71.68
2021-03-03	14	0	586634	71.68
2021-03-04	6	2	586634	71.68
2021-03-05	7	0	586634	71.68
2021-03-06	5	0	586634	71.68
2021-03-07	6	0	586634	71.68
2021-03-08	3	0	586634	71.68
2021-03-09	5	0	586634	71.68
2021-03-10	5	0	586634	71.68
2021-03-11	7	1	586634	71.68
2021-03-12	15	0	586634	71.68
2021-03-13	10	0	586634	71.68
2021-03-14	2	0	586634	71.68
2021-03-15	4	0	586634	71.68
2021-03-16	6	0	586634	71.68
2021-03-17	8	0	586634	71.68
2021-03-18	7	0	586634	71.68
2021-03-19	6	0	586634	71.68
2021-03-20	6	0	586634	71.68
2021-03-21	5	0	586634	71.68
