2020-02-01	1	0	10099270	82.8
2020-02-02	0	0	10099270	82.8
2020-02-03	0	0	10099270	82.8
2020-02-04	0	0	10099270	82.8
2020-02-05	0	0	10099270	82.8
2020-02-06	0	0	10099270	82.8
2020-02-07	0	0	10099270	82.8
2020-02-08	0	0	10099270	82.8
2020-02-09	0	0	10099270	82.8
2020-02-10	0	0	10099270	82.8
2020-02-11	0	0	10099270	82.8
2020-02-12	0	0	10099270	82.8
2020-02-13	0	0	10099270	82.8
2020-02-14	0	0	10099270	82.8
2020-02-15	0	0	10099270	82.8
2020-02-16	0	0	10099270	82.8
2020-02-17	0	0	10099270	82.8
2020-02-18	0	0	10099270	82.8
2020-02-19	0	0	10099270	82.8
2020-02-20	0	0	10099270	82.8
2020-02-21	0	0	10099270	82.8
2020-02-22	0	0	10099270	82.8
2020-02-23	0	0	10099270	82.8
2020-02-24	0	0	10099270	82.8
2020-02-25	0	0	10099270	82.8
2020-02-26	1	0	10099270	82.8
2020-02-27	1	0	10099270	82.8
2020-02-28	8	0	10099270	82.8
2020-02-29	3	0	10099270	82.8
2020-03-01	0	0	10099270	82.8
2020-03-02	5	0	10099270	82.8
2020-03-03	13	0	10099270	82.8
2020-03-04	30	0	10099270	82.8
2020-03-05	25	0	10099270	82.8
2020-03-06	59	0	10099270	82.8
2020-03-07	33	0	10099270	82.8
2020-03-08	46	0	10099270	82.8
2020-03-09	101	0	10099270	82.8
2020-03-10	98	1	10099270	82.8
2020-03-11	196	0	10099270	82.8
2020-03-12	151	1	10099270	82.8
2020-03-13	152	1	10099270	82.8
2020-03-14	71	2	10099270	82.8
2020-03-15	69	2	10099270	82.8
2020-03-16	83	1	10099270	82.8
2020-03-17	119	6	10099270	82.8
2020-03-18	145	7	10099270	82.8
2020-03-19	143	9	10099270	82.8
2020-03-20	180	8	10099270	82.8
2020-03-21	135	11	10099270	82.8
2020-03-22	118	11	10099270	82.8
2020-03-23	182	21	10099270	82.8
2020-03-24	230	22	10099270	82.8
2020-03-25	314	31	10099270	82.8
2020-03-26	286	32	10099270	82.8
2020-03-27	365	35	10099270	82.8
2020-03-28	300	38	10099270	82.8
2020-03-29	280	45	10099270	82.8
2020-03-30	416	48	10099270	82.8
2020-03-31	475	53	10099270	82.8
2020-04-01	486	70	10099270	82.8
2020-04-02	554	80	10099270	82.8
2020-04-03	601	70	10099270	82.8
2020-04-04	357	-232	10099270	82.8
2020-04-05	340	28	10099270	82.8
2020-04-06	389	76	10099270	82.8
2020-04-07	738	114	10099270	82.8
2020-04-08	655	96	10099270	82.8
2020-04-09	645	106	10099270	82.8
2020-04-10	454	77	10099270	82.8
2020-04-11	395	17	10099270	82.8
2020-04-12	464	12	10099270	82.8
2020-04-13	437	20	10099270	82.8
2020-04-14	479	114	10099270	82.8
2020-04-15	604	170	10099270	82.8
2020-04-16	623	130	10099270	82.8
2020-04-17	688	67	10099270	82.8
2020-04-18	532	111	10099270	82.8
2020-04-19	388	29	10099270	82.8
2020-04-20	461	40	10099270	82.8
2020-04-21	707	185	10099270	82.8
2020-04-22	722	172	10099270	82.8
2020-04-23	758	84	10099270	82.8
2020-04-24	779	131	10099270	82.8
2020-04-25	473	40	10099270	82.8
2020-04-26	300	2	10099270	82.8
2020-04-27	563	80	10099270	82.8
2020-04-28	742	81	10099270	82.8
2020-04-29	798	107	10099270	82.8
2020-04-30	635	124	10099270	82.8
2020-05-01	532	67	10099270	82.8
2020-05-02	299	16	10099270	82.8
2020-05-03	261	10	10099270	82.8
2020-05-04	476	90	10099270	82.8
2020-05-05	657	85	10099270	82.8
2020-05-06	746	87	10099270	82.8
2020-05-07	787	99	10099270	82.8
2020-05-08	700	135	10099270	82.8
2020-05-09	509	45	10099270	82.8
2020-05-10	278	5	10099270	82.8
2020-05-11	455	31	10099270	82.8
2020-05-12	754	57	10099270	82.8
2020-05-13	700	147	10099270	82.8
2020-05-14	660	69	10099270	82.8
2020-05-15	688	117	10099270	82.8
2020-05-16	358	28	10099270	82.8
2020-05-17	259	5	10099270	82.8
2020-05-18	431	19	10099270	82.8
2020-05-19	667	45	10099270	82.8
2020-05-20	808	88	10099270	82.8
2020-05-21	610	40	10099270	82.8
2020-05-22	532	54	10099270	82.8
2020-05-23	403	67	10099270	82.8
2020-05-24	210	6	10099270	82.8
2020-05-25	490	31	10099270	82.8
2020-05-26	746	96	10099270	82.8
2020-05-27	800	95	10099270	82.8
2020-05-28	774	46	10099270	82.8
2020-05-29	773	84	10099270	82.8
2020-05-30	432	45	10099270	82.8
2020-05-31	265	0	10099270	82.8
2020-06-01	648	8	10099270	82.8
2020-06-02	901	65	10099270	82.8
2020-06-03	1046	74	10099270	82.8
2020-06-04	1039	20	10099270	82.8
2020-06-05	1146	77	10099270	82.8
2020-06-06	783	17	10099270	82.8
2020-06-07	462	3	10099270	82.8
2020-06-08	677	35	10099270	82.8
2020-06-09	936	23	10099270	82.8
2020-06-10	1437	78	10099270	82.8
2020-06-11	1294	19	10099270	82.8
2020-06-12	1337	40	10099270	82.8
2020-06-13	1042	20	10099270	82.8
2020-06-14	418	0	10099270	82.8
2020-06-15	684	17	10099270	82.8
2020-06-16	1218	48	10099270	82.8
2020-06-17	1457	102	10099270	82.8
2020-06-18	1496	12	10099270	82.8
2020-06-19	1213	0	10099270	82.8
2020-06-20	702	0	10099270	82.8
2020-06-21	321	0	10099270	82.8
2020-06-22	800	0	10099270	82.8
2020-06-23	1312	108	10099270	82.8
2020-06-24	1698	48	10099270	82.8
2020-06-25	1281	21	10099270	82.8
2020-06-26	1203	50	10099270	82.8
2020-06-27	760	0	10099270	82.8
2020-06-28	420	0	10099270	82.8
2020-06-29	727	0	10099270	82.8
2020-06-30	805	53	10099270	82.8
2020-07-01	684	37	10099270	82.8
2020-07-02	689	41	10099270	82.8
2020-07-03	699	9	10099270	82.8
2020-07-04	370	0	10099270	82.8
2020-07-05	315	0	10099270	82.8
2020-07-06	251	0	10099270	82.8
2020-07-07	278	27	10099270	82.8
2020-07-08	537	35	10099270	82.8
2020-07-09	335	18	10099270	82.8
2020-07-10	377	26	10099270	82.8
2020-07-11	314	0	10099270	82.8
2020-07-12	106	0	10099270	82.8
2020-07-13	170	0	10099270	82.8
2020-07-14	315	19	10099270	82.8
2020-07-15	299	27	10099270	82.8
2020-07-16	273	21	10099270	82.8
2020-07-17	299	26	10099270	82.8
2020-07-18	200	0	10099270	82.8
2020-07-19	110	0	10099270	82.8
2020-07-20	131	0	10099270	82.8
2020-07-21	226	27	10099270	82.8
2020-07-22	297	21	10099270	82.8
2020-07-23	220	9	10099270	82.8
2020-07-24	262	21	10099270	82.8
2020-07-25	138	0	10099270	82.8
2020-07-26	42	0	10099270	82.8
2020-07-27	71	0	10099270	82.8
2020-07-28	283	5	10099270	82.8
2020-07-29	301	28	10099270	82.8
2020-07-30	302	9	10099270	82.8
2020-07-31	258	4	10099270	82.8
2020-08-01	303	0	10099270	82.8
2020-08-02	38	0	10099270	82.8
2020-08-03	165	0	10099270	82.8
2020-08-04	334	4	10099270	82.8
2020-08-05	425	13	10099270	82.8
2020-08-06	378	6	10099270	82.8
2020-08-07	380	-3	10099270	82.8
2020-08-08	260	0	10099270	82.8
2020-08-09	73	0	10099270	82.8
2020-08-10	196	0	10099270	82.8
2020-08-11	417	7	10099270	82.8
2020-08-12	444	4	10099270	82.8
2020-08-13	362	2	10099270	82.8
2020-08-14	344	7	10099270	82.8
2020-08-15	226	0	10099270	82.8
2020-08-16	63	0	10099270	82.8
2020-08-17	174	0	10099270	82.8
2020-08-18	314	7	10099270	82.8
2020-08-19	351	12	10099270	82.8
2020-08-20	333	3	10099270	82.8
2020-08-21	298	5	10099270	82.8
2020-08-22	160	0	10099270	82.8
2020-08-23	57	0	10099270	82.8
2020-08-24	182	0	10099270	82.8
2020-08-25	225	4	10099270	82.8
2020-08-26	246	3	10099270	82.8
2020-08-27	134	3	10099270	82.8
2020-08-28	0	1	10099270	82.8
2020-08-29	0	0	10099270	82.8
2020-08-30	0	0	10099270	82.8
2020-08-31	421	0	10099270	82.8
2020-09-01	142	-8	10099270	82.8
2020-09-02	11	7	10099270	82.8
2020-09-03	197	12	10099270	82.8
2020-09-04	256	3	10099270	82.8
2020-09-05	0	0	10099270	82.8
2020-09-06	0	0	10099270	82.8
2020-09-07	573	0	10099270	82.8
2020-09-08	149	3	10099270	82.8
2020-09-09	173	4	10099270	82.8
2020-09-10	314	1	10099270	82.8
2020-09-11	311	3	10099270	82.8
2020-09-12	0	0	10099270	82.8
2020-09-13	0	0	10099270	82.8
2020-09-14	0	0	10099270	82.8
2020-09-15	840	0	10099270	82.8
2020-09-16	230	14	10099270	82.8
2020-09-17	310	4	10099270	82.8
2020-09-18	352	1	10099270	82.8
2020-09-19	0	0	10099270	82.8
2020-09-20	0	0	10099270	82.8
2020-09-21	0	0	10099270	82.8
2020-09-22	1199	0	10099270	82.8
2020-09-23	320	11	10099270	82.8
2020-09-24	533	2	10099270	82.8
2020-09-25	634	2	10099270	82.8
2020-09-26	0	0	10099270	82.8
2020-09-27	0	0	10099270	82.8
2020-09-28	0	0	10099270	82.8
2020-09-29	1543	0	10099270	82.8
2020-09-30	397	13	10099270	82.8
2020-10-01	752	0	10099270	82.8
2020-10-02	668	2	10099270	82.8
2020-10-03	0	0	10099270	82.8
2020-10-04	0	0	10099270	82.8
2020-10-05	0	0	10099270	82.8
2020-10-06	1862	0	10099270	82.8
2020-10-07	532	-3	10099270	82.8
2020-10-08	855	0	10099270	82.8
2020-10-09	919	2	10099270	82.8
2020-10-10	0	0	10099270	82.8
2020-10-11	0	0	10099270	82.8
2020-10-12	0	0	10099270	82.8
2020-10-13	2203	0	10099270	82.8
2020-10-14	678	13	10099270	82.8
2020-10-15	1075	3	10099270	82.8
2020-10-16	793	8	10099270	82.8
2020-10-17	0	0	10099270	82.8
2020-10-18	0	0	10099270	82.8
2020-10-19	0	0	10099270	82.8
2020-10-20	3180	0	10099270	82.8
2020-10-21	975	11	10099270	82.8
2020-10-22	1614	1	10099270	82.8
2020-10-23	1625	3	10099270	82.8
2020-10-24	0	0	10099270	82.8
2020-10-25	0	0	10099270	82.8
2020-10-26	0	0	10099270	82.8
2020-10-27	5191	0	10099270	82.8
2020-10-28	2128	-6	10099270	82.8
2020-10-29	3254	7	10099270	82.8
2020-10-30	3188	4	10099270	82.8
2020-10-31	0	0	10099270	82.8
2020-11-01	0	0	10099270	82.8
2020-11-02	0	0	10099270	82.8
2020-11-03	10177	0	10099270	82.8
2020-11-04	3198	59	10099270	82.8
2020-11-05	4034	5	10099270	82.8
2020-11-06	4697	20	10099270	82.8
2020-11-07	0	0	10099270	82.8
2020-11-08	0	0	10099270	82.8
2020-11-09	0	0	10099270	82.8
2020-11-10	15779	0	10099270	82.8
2020-11-11	4467	60	10099270	82.8
2020-11-12	4658	40	10099270	82.8
2020-11-13	5990	42	10099270	82.8
2020-11-14	0	0	10099270	82.8
2020-11-15	0	0	10099270	82.8
2020-11-16	0	0	10099270	82.8
2020-11-17	15084	0	10099270	82.8
2020-11-18	4007	157	10099270	82.8
2020-11-19	4609	19	10099270	82.8
2020-11-20	7240	66	10099270	82.8
2020-11-21	0	0	10099270	82.8
2020-11-22	0	0	10099270	82.8
2020-11-23	0	0	10099270	82.8
2020-11-24	17265	0	10099270	82.8
2020-11-25	4954	149	10099270	82.8
2020-11-26	5841	67	10099270	82.8
2020-11-27	6774	59	10099270	82.8
2020-11-28	0	0	10099270	82.8
2020-11-29	0	0	10099270	82.8
2020-11-30	0	0	10099270	82.8
2020-12-01	17629	0	10099270	82.8
2020-12-02	5400	291	10099270	82.8
2020-12-03	6485	35	10099270	82.8
2020-12-04	6269	60	10099270	82.8
2020-12-05	0	0	10099270	82.8
2020-12-06	0	0	10099270	82.8
2020-12-07	0	0	10099270	82.8
2020-12-08	18820	0	10099270	82.8
2020-12-09	7061	229	10099270	82.8
2020-12-10	7935	58	10099270	82.8
2020-12-11	7370	160	10099270	82.8
2020-12-12	0	0	10099270	82.8
2020-12-13	0	0	10099270	82.8
2020-12-14	0	0	10099270	82.8
2020-12-15	20931	0	10099270	82.8
2020-12-16	7556	288	10099270	82.8
2020-12-17	8881	91	10099270	82.8
2020-12-18	9654	100	10099270	82.8
2020-12-19	0	0	10099270	82.8
2020-12-20	0	0	10099270	82.8
2020-12-21	0	0	10099270	82.8
2020-12-22	22319	0	10099270	82.8
2020-12-23	6609	286	10099270	82.8
2020-12-24	0	0	10099270	82.8
2020-12-25	0	0	10099270	82.8
2020-12-26	0	0	10099270	82.8
2020-12-27	0	0	10099270	82.8
2020-12-28	0	0	10099270	82.8
2020-12-29	32485	0	10099270	82.8
2020-12-30	8846	448	10099270	82.8
2020-12-31	0	0	10099270	82.8
2021-01-01	0	0	10099270	82.8
2021-01-02	0	0	10099270	82.8
2021-01-03	0	0	10099270	82.8
2021-01-04	0	0	10099270	82.8
2021-01-05	32369	238	10099270	82.8
2021-01-06	0	0	10099270	82.8
2021-01-07	12536	297	10099270	82.8
2021-01-08	7187	171	10099270	82.8
2021-01-09	0	0	10099270	82.8
2021-01-10	0	0	10099270	82.8
2021-01-11	0	0	10099270	82.8
2021-01-12	17395	0	10099270	82.8
2021-01-13	5337	401	10099270	82.8
2021-01-14	6580	351	10099270	82.8
2021-01-15	4703	138	10099270	82.8
2021-01-16	0	0	10099270	82.8
2021-01-17	0	0	10099270	82.8
2021-01-18	0	0	10099270	82.8
2021-01-19	9779	0	10099270	82.8
2021-01-20	4702	474	10099270	82.8
2021-01-21	4985	124	10099270	82.8
2021-01-22	4214	84	10099270	82.8
2021-01-23	0	0	10099270	82.8
2021-01-24	0	0	10099270	82.8
2021-01-25	0	0	10099270	82.8
2021-01-26	9123	242	10099270	82.8
2021-01-27	4183	178	10099270	82.8
2021-01-28	4085	95	10099270	82.8
2021-01-29	2400	71	10099270	82.8
2021-01-30	0	0	10099270	82.8
2021-01-31	0	0	10099270	82.8
2021-02-01	0	0	10099270	82.8
2021-02-02	9649	224	10099270	82.8
2021-02-03	4310	124	10099270	82.8
2021-02-04	3758	89	10099270	82.8
2021-02-05	3388	87	10099270	82.8
2021-02-06	0	0	10099270	82.8
2021-02-07	0	0	10099270	82.8
2021-02-08	0	0	10099270	82.8
2021-02-09	8112	73	10099270	82.8
2021-02-10	4070	138	10099270	82.8
2021-02-11	4333	44	10099270	82.8
2021-02-12	3834	58	10099270	82.8
2021-02-13	0	0	10099270	82.8
2021-02-14	0	0	10099270	82.8
2021-02-15	0	0	10099270	82.8
2021-02-16	9458	59	10099270	82.8
2021-02-17	4233	82	10099270	82.8
2021-02-18	4920	29	10099270	82.8
2021-02-19	4144	51	10099270	82.8
2021-02-20	0	0	10099270	82.8
2021-02-21	0	0	10099270	82.8
2021-02-22	0	0	10099270	82.8
2021-02-23	10933	64	10099270	82.8
2021-02-24	5371	80	10099270	82.8
2021-02-25	4995	5	10099270	82.8
2021-02-26	4844	28	10099270	82.8
2021-02-27	0	0	10099270	82.8
2021-02-28	0	0	10099270	82.8
2021-03-01	0	0	10099270	82.8
2021-03-02	11804	56	10099270	82.8
2021-03-03	6179	82	10099270	82.8
2021-03-04	4838	13	10099270	82.8
2021-03-05	4831	26	10099270	82.8
2021-03-06	0	0	10099270	82.8
2021-03-07	0	0	10099270	82.8
2021-03-08	0	0	10099270	82.8
2021-03-09	11014	39	10099270	82.8
2021-03-10	5917	46	10099270	82.8
2021-03-11	5300	23	10099270	82.8
2021-03-12	5335	35	10099270	82.8
2021-03-13	0	0	10099270	82.8
2021-03-14	0	0	10099270	82.8
2021-03-15	0	0	10099270	82.8
2021-03-16	12762	26	10099270	82.8
2021-03-17	6781	56	10099270	82.8
2021-03-18	6467	8	10099270	82.8
2021-03-19	5735	26	10099270	82.8
2021-03-20	0	0	10099270	82.8
2021-03-21	0	0	10099270	82.8
