2020-02-06	0	0	8654618	83.78
2020-02-07	0	0	8654618	83.78
2020-02-08	0	0	8654618	83.78
2020-02-09	0	0	8654618	83.78
2020-02-10	0	0	8654618	83.78
2020-02-11	0	0	8654618	83.78
2020-02-12	0	0	8654618	83.78
2020-02-13	0	0	8654618	83.78
2020-02-14	0	0	8654618	83.78
2020-02-15	0	0	8654618	83.78
2020-02-16	0	0	8654618	83.78
2020-02-17	0	0	8654618	83.78
2020-02-18	0	0	8654618	83.78
2020-02-19	0	0	8654618	83.78
2020-02-20	0	0	8654618	83.78
2020-02-21	0	0	8654618	83.78
2020-02-22	0	0	8654618	83.78
2020-02-23	0	0	8654618	83.78
2020-02-24	0	0	8654618	83.78
2020-02-25	1	0	8654618	83.78
2020-02-26	0	0	8654618	83.78
2020-02-27	7	0	8654618	83.78
2020-02-28	0	0	8654618	83.78
2020-02-29	10	0	8654618	83.78
2020-03-01	9	0	8654618	83.78
2020-03-02	15	0	8654618	83.78
2020-03-03	14	0	8654618	83.78
2020-03-04	34	0	8654618	83.78
2020-03-05	24	1	8654618	83.78
2020-03-06	100	0	8654618	83.78
2020-03-07	54	0	8654618	83.78
2020-03-08	69	1	8654618	83.78
2020-03-09	37	0	8654618	83.78
2020-03-10	117	1	8654618	83.78
2020-03-11	161	1	8654618	83.78
2020-03-12	0	0	8654618	83.78
2020-03-13	487	7	8654618	83.78
2020-03-14	220	2	8654618	83.78
2020-03-15	841	1	8654618	83.78
2020-03-16	0	0	8654618	83.78
2020-03-17	500	13	8654618	83.78
2020-03-18	328	1	8654618	83.78
2020-03-19	1047	13	8654618	83.78
2020-03-20	1219	13	8654618	83.78
2020-03-21	1281	21	8654618	83.78
2020-03-22	899	23	8654618	83.78
2020-03-23	1321	22	8654618	83.78
2020-03-24	1082	2	8654618	83.78
2020-03-25	1020	31	8654618	83.78
2020-03-26	914	38	8654618	83.78
2020-03-27	1117	40	8654618	83.78
2020-03-28	1148	33	8654618	83.78
2020-03-29	753	36	8654618	83.78
2020-03-30	1093	59	8654618	83.78
2020-03-31	683	74	8654618	83.78
2020-04-01	1163	55	8654618	83.78
2020-04-02	1059	48	8654618	83.78
2020-04-03	779	55	8654618	83.78
2020-04-04	899	75	8654618	83.78
2020-04-05	595	49	8654618	83.78
2020-04-06	557	50	8654618	83.78
2020-04-07	596	56	8654618	83.78
2020-04-08	1027	74	8654618	83.78
2020-04-09	771	53	8654618	83.78
2020-04-10	500	54	8654618	83.78
2020-04-11	556	34	8654618	83.78
2020-04-12	308	70	8654618	83.78
2020-04-13	273	32	8654618	83.78
2020-04-14	248	36	8654618	83.78
2020-04-15	400	65	8654618	83.78
2020-04-16	396	42	8654618	83.78
2020-04-17	346	46	8654618	83.78
2020-04-18	326	41	8654618	83.78
2020-04-19	336	25	8654618	83.78
2020-04-20	204	36	8654618	83.78
2020-04-21	119	49	8654618	83.78
2020-04-22	205	31	8654618	83.78
2020-04-23	228	40	8654618	83.78
2020-04-24	181	40	8654618	83.78
2020-04-25	217	10	8654618	83.78
2020-04-26	167	11	8654618	83.78
2020-04-27	103	55	8654618	83.78
2020-04-28	100	34	8654618	83.78
2020-04-29	143	17	8654618	83.78
2020-04-30	179	21	8654618	83.78
2020-05-01	119	17	8654618	83.78
2020-05-02	112	8	8654618	83.78
2020-05-03	88	0	8654618	83.78
2020-05-04	76	22	8654618	83.78
2020-05-05	28	11	8654618	83.78
2020-05-06	51	10	8654618	83.78
2020-05-07	66	5	8654618	83.78
2020-05-08	81	13	8654618	83.78
2020-05-09	44	7	8654618	83.78
2020-05-10	54	3	8654618	83.78
2020-05-11	39	12	8654618	83.78
2020-05-12	36	22	8654618	83.78
2020-05-13	33	3	8654618	83.78
2020-05-14	50	2	8654618	83.78
2020-05-15	51	6	8654618	83.78
2020-05-16	58	1	8654618	83.78
2020-05-17	15	2	8654618	83.78
2020-05-18	10	5	8654618	83.78
2020-05-19	21	5	8654618	83.78
2020-05-20	40	1	8654618	83.78
2020-05-21	36	6	8654618	83.78
2020-05-22	13	5	8654618	83.78
2020-05-23	18	2	8654618	83.78
2020-05-24	11	1	8654618	83.78
2020-05-25	10	7	8654618	83.78
2020-05-26	15	2	8654618	83.78
2020-05-27	15	2	8654618	83.78
2020-05-28	20	2	8654618	83.78
2020-05-29	32	0	8654618	83.78
2020-05-30	17	0	8654618	83.78
2020-05-31	17	1	8654618	83.78
2020-06-01	9	0	8654618	83.78
2020-06-02	3	0	8654618	83.78
2020-06-03	19	1	8654618	83.78
2020-06-04	20	0	8654618	83.78
2020-06-05	23	0	8654618	83.78
2020-06-06	20	0	8654618	83.78
2020-06-07	9	0	8654618	83.78
2020-06-08	7	2	8654618	83.78
2020-06-09	16	11	8654618	83.78
2020-06-10	23	2	8654618	83.78
2020-06-11	33	1	8654618	83.78
2020-06-12	19	1	8654618	83.78
2020-06-13	31	0	8654618	83.78
2020-06-14	23	0	8654618	83.78
2020-06-15	14	1	8654618	83.78
2020-06-16	23	15	8654618	83.78
2020-06-17	33	2	8654618	83.78
2020-06-18	13	0	8654618	83.78
2020-06-19	35	0	8654618	83.78
2020-06-20	8	0	8654618	83.78
2020-06-21	49	0	8654618	83.78
2020-06-22	18	0	8654618	83.78
2020-06-23	22	0	8654618	83.78
2020-06-24	44	2	8654618	83.78
2020-06-25	52	0	8654618	83.78
2020-06-26	58	4	8654618	83.78
2020-06-27	69	0	8654618	83.78
2020-06-28	62	0	8654618	83.78
2020-06-29	35	0	8654618	83.78
2020-06-30	62	1	8654618	83.78
2020-07-01	137	2	8654618	83.78
2020-07-02	116	0	8654618	83.78
2020-07-03	134	0	8654618	83.78
2020-07-04	97	0	8654618	83.78
2020-07-05	70	0	8654618	83.78
2020-07-06	47	0	8654618	83.78
2020-07-07	54	1	8654618	83.78
2020-07-08	129	0	8654618	83.78
2020-07-09	88	0	8654618	83.78
2020-07-10	104	0	8654618	83.78
2020-07-11	127	2	8654618	83.78
2020-07-12	66	0	8654618	83.78
2020-07-13	63	0	8654618	83.78
2020-07-14	70	0	8654618	83.78
2020-07-15	132	0	8654618	83.78
2020-07-16	142	1	8654618	83.78
2020-07-17	92	0	8654618	83.78
2020-07-18	110	0	8654618	83.78
2020-07-19	99	0	8654618	83.78
2020-07-20	43	2	8654618	83.78
2020-07-21	108	1	8654618	83.78
2020-07-22	141	0	8654618	83.78
2020-07-23	117	3	8654618	83.78
2020-07-24	154	2	8654618	83.78
2020-07-25	148	0	8654618	83.78
2020-07-26	110	0	8654618	83.78
2020-07-27	65	1	8654618	83.78
2020-07-28	132	0	8654618	83.78
2020-07-29	193	1	8654618	83.78
2020-07-30	220	1	8654618	83.78
2020-07-31	210	1	8654618	83.78
2020-08-01	180	0	8654618	83.78
2020-08-02	138	0	8654618	83.78
2020-08-03	66	0	8654618	83.78
2020-08-04	130	0	8654618	83.78
2020-08-05	181	3	8654618	83.78
2020-08-06	181	1	8654618	83.78
2020-08-07	161	1	8654618	83.78
2020-08-08	182	0	8654618	83.78
2020-08-09	152	0	8654618	83.78
2020-08-10	105	1	8654618	83.78
2020-08-11	187	3	8654618	83.78
2020-08-12	274	1	8654618	83.78
2020-08-13	234	0	8654618	83.78
2020-08-14	268	0	8654618	83.78
2020-08-15	253	0	8654618	83.78
2020-08-16	200	0	8654618	83.78
2020-08-17	128	0	8654618	83.78
2020-08-18	197	1	8654618	83.78
2020-08-19	311	4	8654618	83.78
2020-08-20	266	2	8654618	83.78
2020-08-21	306	2	8654618	83.78
2020-08-22	295	0	8654618	83.78
2020-08-23	276	1	8654618	83.78
2020-08-24	157	0	8654618	83.78
2020-08-25	202	1	8654618	83.78
2020-08-26	383	1	8654618	83.78
2020-08-27	361	0	8654618	83.78
2020-08-28	340	1	8654618	83.78
2020-08-29	376	1	8654618	83.78
2020-08-30	292	0	8654618	83.78
2020-08-31	163	1	8654618	83.78
2020-09-01	216	5	8654618	83.78
2020-09-02	370	0	8654618	83.78
2020-09-03	364	2	8654618	83.78
2020-09-04	405	0	8654618	83.78
2020-09-05	425	0	8654618	83.78
2020-09-06	444	0	8654618	83.78
2020-09-07	191	1	8654618	83.78
2020-09-08	245	4	8654618	83.78
2020-09-09	469	1	8654618	83.78
2020-09-10	405	1	8654618	83.78
2020-09-11	528	0	8654618	83.78
2020-09-12	465	0	8654618	83.78
2020-09-13	475	1	8654618	83.78
2020-09-14	257	4	8654618	83.78
2020-09-15	315	3	8654618	83.78
2020-09-16	514	11	8654618	83.78
2020-09-17	530	3	8654618	83.78
2020-09-18	488	3	8654618	83.78
2020-09-19	0	0	8654618	83.78
2020-09-20	0	0	8654618	83.78
2020-09-21	1095	5	8654618	83.78
2020-09-22	286	4	8654618	83.78
2020-09-23	437	6	8654618	83.78
2020-09-24	391	1	8654618	83.78
2020-09-25	372	3	8654618	83.78
2020-09-26	0	0	8654618	83.78
2020-09-27	0	0	8654618	83.78
2020-09-28	782	1	8654618	83.78
2020-09-29	225	4	8654618	83.78
2020-09-30	411	5	8654618	83.78
2020-10-01	550	0	8654618	83.78
2020-10-02	552	1	8654618	83.78
2020-10-03	0	1	8654618	83.78
2020-10-04	0	1	8654618	83.78
2020-10-05	1548	1	8654618	83.78
2020-10-06	700	3	8654618	83.78
2020-10-07	1077	1	8654618	83.78
2020-10-08	1172	5	8654618	83.78
2020-10-09	1487	1	8654618	83.78
2020-10-10	0	0	8654618	83.78
2020-10-11	0	0	8654618	83.78
2020-10-12	4068	8	8654618	83.78
2020-10-13	1445	7	8654618	83.78
2020-10-14	2823	6	8654618	83.78
2020-10-15	2613	6	8654618	83.78
2020-10-16	3105	7	8654618	83.78
2020-10-17	0	0	8654618	83.78
2020-10-18	0	1	8654618	83.78
2020-10-19	8737	15	8654618	83.78
2020-10-20	3008	7	8654618	83.78
2020-10-21	5596	-106	8654618	83.78
2020-10-22	5256	7	8654618	83.78
2020-10-23	6634	21	8654618	83.78
2020-10-24	0	14	8654618	83.78
2020-10-25	0	2	8654618	83.78
2020-10-26	17440	28	8654618	83.78
2020-10-27	5949	36	8654618	83.78
2020-10-28	8616	11	8654618	83.78
2020-10-29	9386	42	8654618	83.78
2020-10-30	9207	77	8654618	83.78
2020-10-31	0	20	8654618	83.78
2020-11-01	0	29	8654618	83.78
2020-11-02	21926	78	8654618	83.78
2020-11-03	6126	67	8654618	83.78
2020-11-04	10073	84	8654618	83.78
2020-11-05	10128	73	8654618	83.78
2020-11-06	9409	82	8654618	83.78
2020-11-07	0	39	8654618	83.78
2020-11-08	0	23	8654618	83.78
2020-11-09	17309	130	8654618	83.78
2020-11-10	5980	111	8654618	83.78
2020-11-11	8270	100	8654618	83.78
2020-11-12	6924	103	8654618	83.78
2020-11-13	6739	99	8654618	83.78
2020-11-14	0	36	8654618	83.78
2020-11-15	0	18	8654618	83.78
2020-11-16	12839	167	8654618	83.78
2020-11-17	4560	128	8654618	83.78
2020-11-18	6114	101	8654618	83.78
2020-11-19	5007	114	8654618	83.78
2020-11-20	4946	113	8654618	83.78
2020-11-21	0	39	8654618	83.78
2020-11-22	0	25	8654618	83.78
2020-11-23	9751	166	8654618	83.78
2020-11-24	4241	86	8654618	83.78
2020-11-25	4876	85	8654618	83.78
2020-11-26	4509	116	8654618	83.78
2020-11-27	4312	62	8654618	83.78
2020-11-28	0	50	8654618	83.78
2020-11-29	0	29	8654618	83.78
2020-11-30	8782	165	8654618	83.78
2020-12-01	3802	125	8654618	83.78
2020-12-02	4786	105	8654618	83.78
2020-12-03	4455	136	8654618	83.78
2020-12-04	4382	112	8654618	83.78
2020-12-05	0	31	8654618	83.78
2020-12-06	0	25	8654618	83.78
2020-12-07	9809	146	8654618	83.78
2020-12-08	4262	98	8654618	83.78
2020-12-09	5086	117	8654618	83.78
2020-12-10	5041	114	8654618	83.78
2020-12-11	5136	104	8654618	83.78
2020-12-12	0	48	8654618	83.78
2020-12-13	0	9	8654618	83.78
2020-12-14	10726	169	8654618	83.78
2020-12-15	4271	112	8654618	83.78
2020-12-16	5625	113	8654618	83.78
2020-12-17	5058	108	8654618	83.78
2020-12-18	4478	74	8654618	83.78
2020-12-19	0	41	8654618	83.78
2020-12-20	0	20	8654618	83.78
2020-12-21	10002	159	8654618	83.78
2020-12-22	4275	143	8654618	83.78
2020-12-23	5033	105	8654618	83.78
2020-12-24	4898	69	8654618	83.78
2020-12-25	0	61	8654618	83.78
2020-12-26	0	34	8654618	83.78
2020-12-27	0	17	8654618	83.78
2020-12-28	10087	152	8654618	83.78
2020-12-29	4197	131	8654618	83.78
2020-12-30	5424	101	8654618	83.78
2020-12-31	4391	51	8654618	83.78
2021-01-01	0	59	8654618	83.78
2021-01-02	0	25	8654618	83.78
2021-01-03	0	18	8654618	83.78
2021-01-04	9665	171	8654618	83.78
2021-01-05	4020	100	8654618	83.78
2021-01-06	4808	91	8654618	83.78
2021-01-07	3975	69	8654618	83.78
2021-01-08	3219	52	8654618	83.78
2021-01-09	0	23	8654618	83.78
2021-01-10	0	14	8654618	83.78
2021-01-11	6523	97	8654618	83.78
2021-01-12	2851	106	8654618	83.78
2021-01-13	3001	51	8654618	83.78
2021-01-14	2474	65	8654618	83.78
2021-01-15	2396	60	8654618	83.78
2021-01-16	0	29	8654618	83.78
2021-01-17	0	7	8654618	83.78
2021-01-18	4703	110	8654618	83.78
2021-01-19	2260	67	8654618	83.78
2021-01-20	2727	65	8654618	83.78
2021-01-21	2205	47	8654618	83.78
2021-01-22	2156	63	8654618	83.78
2021-01-23	0	16	8654618	83.78
2021-01-24	0	15	8654618	83.78
2021-01-25	4320	81	8654618	83.78
2021-01-26	1884	58	8654618	83.78
2021-01-27	2222	56	8654618	83.78
2021-01-28	1699	48	8654618	83.78
2021-01-29	1916	46	8654618	83.78
2021-01-30	0	16	8654618	83.78
2021-01-31	0	11	8654618	83.78
2021-02-01	3775	71	8654618	83.78
2021-02-02	1633	37	8654618	83.78
2021-02-03	1796	41	8654618	83.78
2021-02-04	1765	26	8654618	83.78
2021-02-05	1584	28	8654618	83.78
2021-02-06	0	22	8654618	83.78
2021-02-07	0	7	8654618	83.78
2021-02-08	3280	38	8654618	83.78
2021-02-09	1363	36	8654618	83.78
2021-02-10	1602	24	8654618	83.78
2021-02-11	1356	18	8654618	83.78
2021-02-12	1253	18	8654618	83.78
2021-02-13	0	8	8654618	83.78
2021-02-14	0	10	8654618	83.78
2021-02-15	2480	11	8654618	83.78
2021-02-16	1075	41	8654618	83.78
2021-02-17	1253	32	8654618	83.78
2021-02-18	1219	27	8654618	83.78
2021-02-19	1021	7	8654618	83.78
2021-02-20	0	3	8654618	83.78
2021-02-21	0	1	8654618	83.78
2021-02-22	2449	20	8654618	83.78
2021-02-23	1131	23	8654618	83.78
2021-02-24	1343	12	8654618	83.78
2021-02-25	1169	12	8654618	83.78
2021-02-26	1065	7	8654618	83.78
2021-02-27	0	5	8654618	83.78
2021-02-28	0	0	8654618	83.78
2021-03-01	2560	22	8654618	83.78
2021-03-02	1130	17	8654618	83.78
2021-03-03	1223	9	8654618	83.78
2021-03-04	1223	8	8654618	83.78
2021-03-05	1222	19	8654618	83.78
2021-03-06	0	5	8654618	83.78
2021-03-07	0	2	8654618	83.78
2021-03-08	2744	8	8654618	83.78
2021-03-09	1378	9	8654618	83.78
2021-03-10	1491	17	8654618	83.78
2021-03-11	1409	8	8654618	83.78
2021-03-12	1333	14	8654618	83.78
2021-03-13	0	4	8654618	83.78
2021-03-14	0	4	8654618	83.78
2021-03-15	3170	6	8654618	83.78
2021-03-16	1438	29	8654618	83.78
2021-03-17	1858	16	8654618	83.78
2021-03-18	1750	20	8654618	83.78
2021-03-19	1748	20	8654618	83.78
2021-03-20	0	0	8654618	83.78
2021-03-21	0	10	8654618	83.78
