2020-03-22	1	0	17500657	72.7
2020-03-23	0	0	17500657	72.7
2020-03-24	0	0	17500657	72.7
2020-03-25	4	0	17500657	72.7
2020-03-26	0	0	17500657	72.7
2020-03-27	0	0	17500657	72.7
2020-03-28	0	0	17500657	72.7
2020-03-29	4	1	17500657	72.7
2020-03-30	1	1	17500657	72.7
2020-03-31	0	0	17500657	72.7
2020-04-01	0	0	17500657	72.7
2020-04-02	6	0	17500657	72.7
2020-04-03	0	0	17500657	72.7
2020-04-04	0	0	17500657	72.7
2020-04-05	3	0	17500657	72.7
2020-04-06	0	0	17500657	72.7
2020-04-07	0	0	17500657	72.7
2020-04-08	0	0	17500657	72.7
2020-04-09	0	0	17500657	72.7
2020-04-10	0	0	17500657	72.7
2020-04-11	6	0	17500657	72.7
2020-04-12	0	0	17500657	72.7
2020-04-13	0	0	17500657	72.7
2020-04-14	4	0	17500657	72.7
2020-04-15	4	0	17500657	72.7
2020-04-16	0	0	17500657	72.7
2020-04-17	5	0	17500657	72.7
2020-04-18	0	0	17500657	72.7
2020-04-19	1	1	17500657	72.7
2020-04-20	0	0	17500657	72.7
2020-04-21	3	0	17500657	72.7
2020-04-22	0	0	17500657	72.7
2020-04-23	0	0	17500657	72.7
2020-04-24	0	0	17500657	72.7
2020-04-25	0	0	17500657	72.7
2020-04-26	1	0	17500657	72.7
2020-04-27	0	0	17500657	72.7
2020-04-28	0	0	17500657	72.7
2020-04-29	0	0	17500657	72.7
2020-04-30	0	0	17500657	72.7
2020-05-01	1	0	17500657	72.7
2020-05-02	0	0	17500657	72.7
2020-05-03	0	0	17500657	72.7
2020-05-04	0	0	17500657	72.7
2020-05-05	0	0	17500657	72.7
2020-05-06	1	0	17500657	72.7
2020-05-07	0	0	17500657	72.7
2020-05-08	2	0	17500657	72.7
2020-05-09	0	0	17500657	72.7
2020-05-10	0	0	17500657	72.7
2020-05-11	0	0	17500657	72.7
2020-05-12	0	0	17500657	72.7
2020-05-13	1	0	17500657	72.7
2020-05-14	0	0	17500657	72.7
2020-05-15	2	0	17500657	72.7
2020-05-16	1	0	17500657	72.7
2020-05-17	7	0	17500657	72.7
2020-05-18	0	0	17500657	72.7
2020-05-19	0	0	17500657	72.7
2020-05-20	0	0	17500657	72.7
2020-05-21	0	0	17500657	72.7
2020-05-22	1	1	17500657	72.7
2020-05-23	11	0	17500657	72.7
2020-05-24	16	0	17500657	72.7
2020-05-25	20	0	17500657	72.7
2020-05-26	15	0	17500657	72.7
2020-05-27	0	0	17500657	72.7
2020-05-28	1	0	17500657	72.7
2020-05-29	0	0	17500657	72.7
2020-05-30	0	0	17500657	72.7
2020-05-31	0	1	17500657	72.7
2020-06-01	1	0	17500657	72.7
2020-06-02	0	1	17500657	72.7
2020-06-03	0	0	17500657	72.7
2020-06-04	1	0	17500657	72.7
2020-06-05	0	0	17500657	72.7
2020-06-06	1	0	17500657	72.7
2020-06-07	16	0	17500657	72.7
2020-06-08	3	0	17500657	72.7
2020-06-09	2	0	17500657	72.7
2020-06-10	6	0	17500657	72.7
2020-06-11	12	0	17500657	72.7
2020-06-12	0	0	17500657	72.7
2020-06-13	6	0	17500657	72.7
2020-06-14	7	0	17500657	72.7
2020-06-15	0	0	17500657	72.7
2020-06-16	0	0	17500657	72.7
2020-06-17	1	1	17500657	72.7
2020-06-18	9	0	17500657	72.7
2020-06-19	0	0	17500657	72.7
2020-06-20	11	0	17500657	72.7
2020-06-21	6	0	17500657	72.7
2020-06-22	15	0	17500657	72.7
2020-06-23	12	0	17500657	72.7
2020-06-24	0	0	17500657	72.7
2020-06-25	11	0	17500657	72.7
2020-06-26	13	1	17500657	72.7
2020-06-27	1	1	17500657	72.7
2020-06-28	0	0	17500657	72.7
2020-06-29	13	0	17500657	72.7
2020-06-30	10	0	17500657	72.7
2020-07-01	14	0	17500657	72.7
2020-07-02	19	0	17500657	72.7
2020-07-03	16	1	17500657	72.7
2020-07-04	10	0	17500657	72.7
2020-07-05	20	3	17500657	72.7
2020-07-06	14	1	17500657	72.7
2020-07-07	0	0	17500657	72.7
2020-07-08	0	0	17500657	72.7
2020-07-09	0	0	17500657	72.7
2020-07-10	22	2	17500657	72.7
2020-07-11	0	0	17500657	72.7
2020-07-12	0	0	17500657	72.7
2020-07-13	23	3	17500657	72.7
2020-07-14	22	2	17500657	72.7
2020-07-15	19	1	17500657	72.7
2020-07-16	19	0	17500657	72.7
2020-07-17	19	3	17500657	72.7
2020-07-18	0	0	17500657	72.7
2020-07-19	0	0	17500657	72.7
2020-07-20	26	4	17500657	72.7
2020-07-21	18	2	17500657	72.7
2020-07-22	21	1	17500657	72.7
2020-07-23	23	3	17500657	72.7
2020-07-24	24	0	17500657	72.7
2020-07-25	19	1	17500657	72.7
2020-07-26	23	2	17500657	72.7
2020-07-27	24	2	17500657	72.7
2020-07-28	20	0	17500657	72.7
2020-07-29	23	0	17500657	72.7
2020-07-30	21	1	17500657	72.7
2020-07-31	19	2	17500657	72.7
2020-08-01	23	0	17500657	72.7
2020-08-02	29	1	17500657	72.7
2020-08-03	38	2	17500657	72.7
2020-08-04	45	0	17500657	72.7
2020-08-05	52	2	17500657	72.7
2020-08-06	55	0	17500657	72.7
2020-08-07	61	0	17500657	72.7
2020-08-08	65	2	17500657	72.7
2020-08-09	63	2	17500657	72.7
2020-08-10	67	0	17500657	72.7
2020-08-11	72	1	17500657	72.7
2020-08-12	0	0	17500657	72.7
2020-08-13	105	2	17500657	72.7
2020-08-14	83	3	17500657	72.7
2020-08-15	78	2	17500657	72.7
2020-08-16	84	4	17500657	72.7
2020-08-17	87	4	17500657	72.7
2020-08-18	80	5	17500657	72.7
2020-08-19	83	5	17500657	72.7
2020-08-20	81	4	17500657	72.7
2020-08-21	65	1	17500657	72.7
2020-08-22	70	2	17500657	72.7
2020-08-23	74	4	17500657	72.7
2020-08-24	76	3	17500657	72.7
2020-08-25	72	3	17500657	72.7
2020-08-26	75	3	17500657	72.7
2020-08-27	64	2	17500657	72.7
2020-08-28	59	3	17500657	72.7
2020-08-29	65	3	17500657	72.7
2020-08-30	75	3	17500657	72.7
2020-08-31	62	3	17500657	72.7
2020-09-01	65	4	17500657	72.7
2020-09-02	68	4	17500657	72.7
2020-09-03	75	4	17500657	72.7
2020-09-04	68	3	17500657	72.7
2020-09-05	63	3	17500657	72.7
2020-09-06	67	4	17500657	72.7
2020-09-07	58	3	17500657	72.7
2020-09-08	60	3	17500657	72.7
2020-09-09	62	3	17500657	72.7
2020-09-10	65	4	17500657	72.7
2020-09-11	60	3	17500657	72.7
2020-09-12	30	2	17500657	72.7
2020-09-13	34	3	17500657	72.7
2020-09-14	36	2	17500657	72.7
2020-09-15	38	3	17500657	72.7
2020-09-16	40	3	17500657	72.7
2020-09-17	37	2	17500657	72.7
2020-09-18	40	3	17500657	72.7
2020-09-19	34	2	17500657	72.7
2020-09-20	35	2	17500657	72.7
2020-09-21	33	3	17500657	72.7
2020-09-22	44	3	17500657	72.7
2020-09-23	47	3	17500657	72.7
2020-09-24	42	2	17500657	72.7
2020-09-25	35	2	17500657	72.7
2020-09-26	37	3	17500657	72.7
2020-09-27	34	4	17500657	72.7
2020-09-28	30	2	17500657	72.7
2020-09-29	46	3	17500657	72.7
2020-09-30	52	3	17500657	72.7
2020-10-01	47	2	17500657	72.7
2020-10-02	42	1	17500657	72.7
2020-10-03	40	1	17500657	72.7
2020-10-04	37	1	17500657	72.7
2020-10-05	45	2	17500657	72.7
2020-10-06	46	2	17500657	72.7
2020-10-07	47	3	17500657	72.7
2020-10-08	62	3	17500657	72.7
2020-10-09	50	3	17500657	72.7
2020-10-10	57	3	17500657	72.7
2020-10-11	45	3	17500657	72.7
2020-10-12	56	4	17500657	72.7
2020-10-13	52	3	17500657	72.7
2020-10-14	57	3	17500657	72.7
2020-10-15	48	4	17500657	72.7
2020-10-16	56	3	17500657	72.7
2020-10-17	46	4	17500657	72.7
2020-10-18	44	3	17500657	72.7
2020-10-19	57	3	17500657	72.7
2020-10-20	46	3	17500657	72.7
2020-10-21	44	3	17500657	72.7
2020-10-22	43	3	17500657	72.7
2020-10-23	52	4	17500657	72.7
2020-10-24	40	3	17500657	72.7
2020-10-25	49	2	17500657	72.7
2020-10-26	53	3	17500657	72.7
2020-10-27	67	3	17500657	72.7
2020-10-28	52	3	17500657	72.7
2020-10-29	53	3	17500657	72.7
2020-10-30	50	4	17500657	72.7
2020-10-31	45	3	17500657	72.7
2020-11-01	61	4	17500657	72.7
2020-11-02	54	3	17500657	72.7
2020-11-03	45	3	17500657	72.7
2020-11-04	76	3	17500657	72.7
2020-11-05	76	4	17500657	72.7
2020-11-06	62	4	17500657	72.7
2020-11-07	45	4	17500657	72.7
2020-11-08	68	4	17500657	72.7
2020-11-09	69	4	17500657	72.7
2020-11-10	68	4	17500657	72.7
2020-11-11	69	4	17500657	72.7
2020-11-12	65	4	17500657	72.7
2020-11-13	66	4	17500657	72.7
2020-11-14	61	4	17500657	72.7
2020-11-15	71	4	17500657	72.7
2020-11-16	75	5	17500657	72.7
2020-11-17	77	4	17500657	72.7
2020-11-18	83	4	17500657	72.7
2020-11-19	72	5	17500657	72.7
2020-11-20	88	5	17500657	72.7
2020-11-21	75	4	17500657	72.7
2020-11-22	71	4	17500657	72.7
2020-11-23	70	4	17500657	72.7
2020-11-24	74	5	17500657	72.7
2020-11-25	90	6	17500657	72.7
2020-11-26	83	8	17500657	72.7
2020-11-27	93	5	17500657	72.7
2020-11-28	80	5	17500657	72.7
2020-11-29	82	4	17500657	72.7
2020-11-30	90	4	17500657	72.7
2020-12-01	86	5	17500657	72.7
2020-12-02	86	4	17500657	72.7
2020-12-03	88	6	17500657	72.7
2020-12-04	86	5	17500657	72.7
2020-12-05	87	5	17500657	72.7
2020-12-06	83	5	17500657	72.7
2020-12-07	87	5	17500657	72.7
2020-12-08	90	6	17500657	72.7
2020-12-09	95	7	17500657	72.7
2020-12-10	112	11	17500657	72.7
2020-12-11	124	15	17500657	72.7
2020-12-12	130	15	17500657	72.7
2020-12-13	125	12	17500657	72.7
2020-12-14	136	12	17500657	72.7
2020-12-15	150	13	17500657	72.7
2020-12-16	151	11	17500657	72.7
2020-12-17	156	17	17500657	72.7
2020-12-18	169	20	17500657	72.7
2020-12-19	122	10	17500657	72.7
2020-12-20	145	9	17500657	72.7
2020-12-21	123	11	17500657	72.7
2020-12-22	124	9	17500657	72.7
2020-12-23	129	11	17500657	72.7
2020-12-24	130	11	17500657	72.7
2020-12-25	120	8	17500657	72.7
2020-12-26	111	9	17500657	72.7
2020-12-27	101	9	17500657	72.7
2020-12-28	105	8	17500657	72.7
2020-12-29	105	10	17500657	72.7
2020-12-30	101	8	17500657	72.7
2020-12-31	90	7	17500657	72.7
2021-01-01	92	6	17500657	72.7
2021-01-02	90	6	17500657	72.7
2021-01-03	94	6	17500657	72.7
2021-01-04	89	5	17500657	72.7
2021-01-05	91	7	17500657	72.7
2021-01-06	98	6	17500657	72.7
2021-01-07	96	8	17500657	72.7
2021-01-08	95	8	17500657	72.7
2021-01-09	95	5	17500657	72.7
2021-01-10	90	6	17500657	72.7
2021-01-11	98	7	17500657	72.7
2021-01-12	96	9	17500657	72.7
2021-01-13	102	9	17500657	72.7
2021-01-14	100	10	17500657	72.7
2021-01-15	90	8	17500657	72.7
2021-01-16	92	7	17500657	72.7
2021-01-17	94	8	17500657	72.7
2021-01-18	96	9	17500657	72.7
2021-01-19	92	9	17500657	72.7
2021-01-20	89	8	17500657	72.7
2021-01-21	85	8	17500657	72.7
2021-01-22	81	7	17500657	72.7
2021-01-23	78	6	17500657	72.7
2021-01-24	71	6	17500657	72.7
2021-01-25	69	5	17500657	72.7
2021-01-26	65	5	17500657	72.7
2021-01-27	61	5	17500657	72.7
2021-01-28	62	6	17500657	72.7
2021-01-29	59	5	17500657	72.7
2021-01-30	54	5	17500657	72.7
2021-01-31	50	5	17500657	72.7
2021-02-01	48	5	17500657	72.7
2021-02-02	46	3	17500657	72.7
2021-02-03	60	4	17500657	72.7
2021-02-04	65	5	17500657	72.7
2021-02-05	71	5	17500657	72.7
2021-02-06	70	4	17500657	72.7
2021-02-07	69	5	17500657	72.7
2021-02-08	74	6	17500657	72.7
2021-02-09	60	3	17500657	72.7
2021-02-10	57	4	17500657	72.7
2021-02-11	56	3	17500657	72.7
2021-02-12	41	3	17500657	72.7
2021-02-13	55	4	17500657	72.7
2021-02-14	43	3	17500657	72.7
2021-02-15	43	3	17500657	72.7
2021-02-16	45	3	17500657	72.7
2021-02-17	50	3	17500657	72.7
2021-02-18	44	3	17500657	72.7
2021-02-19	49	4	17500657	72.7
2021-02-20	49	2	17500657	72.7
2021-02-21	36	2	17500657	72.7
2021-02-22	51	3	17500657	72.7
2021-02-23	52	3	17500657	72.7
2021-02-24	61	4	17500657	72.7
2021-02-25	62	6	17500657	72.7
2021-02-26	62	4	17500657	72.7
2021-02-27	66	5	17500657	72.7
2021-02-28	55	4	17500657	72.7
2021-03-01	54	5	17500657	72.7
2021-03-02	54	7	17500657	72.7
2021-03-03	57	6	17500657	72.7
2021-03-04	62	5	17500657	72.7
2021-03-05	55	4	17500657	72.7
2021-03-06	55	4	17500657	72.7
2021-03-07	56	5	17500657	72.7
2021-03-08	61	5	17500657	72.7
2021-03-09	75	6	17500657	72.7
2021-03-10	70	5	17500657	72.7
2021-03-11	70	6	17500657	72.7
2021-03-12	71	5	17500657	72.7
2021-03-13	73	4	17500657	72.7
2021-03-14	77	5	17500657	72.7
2021-03-15	78	5	17500657	72.7
2021-03-16	100	6	17500657	72.7
2021-03-17	120	10	17500657	72.7
2021-03-18	149	10	17500657	72.7
2021-03-19	152	11	17500657	72.7
2021-03-20	163	12	17500657	72.7
2021-03-21	171	10	17500657	72.7
