2020-03-04	1	0	11818618	76.7
2020-03-05	0	0	11818618	76.7
2020-03-06	0	0	11818618	76.7
2020-03-07	0	0	11818618	76.7
2020-03-08	1	0	11818618	76.7
2020-03-09	0	0	11818618	76.7
2020-03-10	3	0	11818618	76.7
2020-03-11	2	0	11818618	76.7
2020-03-12	0	0	11818618	76.7
2020-03-13	9	0	11818618	76.7
2020-03-14	2	0	11818618	76.7
2020-03-15	0	0	11818618	76.7
2020-03-16	2	0	11818618	76.7
2020-03-17	4	0	11818618	76.7
2020-03-18	5	0	11818618	76.7
2020-03-19	10	1	11818618	76.7
2020-03-20	15	0	11818618	76.7
2020-03-21	6	0	11818618	76.7
2020-03-22	15	2	11818618	76.7
2020-03-23	14	0	11818618	76.7
2020-03-24	25	1	11818618	76.7
2020-03-25	59	1	11818618	76.7
2020-03-26	24	1	11818618	76.7
2020-03-27	30	0	11818618	76.7
2020-03-28	51	2	11818618	76.7
2020-03-29	34	0	11818618	76.7
2020-03-30	0	0	11818618	76.7
2020-03-31	82	2	11818618	76.7
2020-04-01	29	2	11818618	76.7
2020-04-02	32	2	11818618	76.7
2020-04-03	40	4	11818618	76.7
2020-04-04	58	0	11818618	76.7
2020-04-05	21	4	11818618	76.7
2020-04-06	22	0	11818618	76.7
2020-04-07	27	1	11818618	76.7
2020-04-08	5	1	11818618	76.7
2020-04-09	15	1	11818618	76.7
2020-04-10	28	0	11818618	76.7
2020-04-11	14	3	11818618	76.7
2020-04-12	22	3	11818618	76.7
2020-04-13	19	3	11818618	76.7
2020-04-14	21	0	11818618	76.7
2020-04-15	33	1	11818618	76.7
2020-04-16	42	2	11818618	76.7
2020-04-17	42	0	11818618	76.7
2020-04-18	0	0	11818618	76.7
2020-04-19	15	1	11818618	76.7
2020-04-20	5	0	11818618	76.7
2020-04-21	0	0	11818618	76.7
2020-04-22	25	0	11818618	76.7
2020-04-23	9	0	11818618	76.7
2020-04-24	4	0	11818618	76.7
2020-04-25	17	0	11818618	76.7
2020-04-26	10	0	11818618	76.7
2020-04-27	18	1	11818618	76.7
2020-04-28	8	1	11818618	76.7
2020-04-29	5	0	11818618	76.7
2020-04-30	14	1	11818618	76.7
2020-05-01	4	0	11818618	76.7
2020-05-02	11	1	11818618	76.7
2020-05-03	4	0	11818618	76.7
2020-05-04	5	1	11818618	76.7
2020-05-05	4	0	11818618	76.7
2020-05-06	3	0	11818618	76.7
2020-05-07	1	1	11818618	76.7
2020-05-08	4	1	11818618	76.7
2020-05-09	2	0	11818618	76.7
2020-05-10	0	0	11818618	76.7
2020-05-11	0	0	11818618	76.7
2020-05-12	0	0	11818618	76.7
2020-05-13	0	0	11818618	76.7
2020-05-14	0	0	11818618	76.7
2020-05-15	3	0	11818618	76.7
2020-05-16	2	0	11818618	76.7
2020-05-17	0	0	11818618	76.7
2020-05-18	6	1	11818618	76.7
2020-05-19	1	1	11818618	76.7
2020-05-20	1	0	11818618	76.7
2020-05-21	1	0	11818618	76.7
2020-05-22	2	0	11818618	76.7
2020-05-23	0	1	11818618	76.7
2020-05-24	3	0	11818618	76.7
2020-05-25	0	0	11818618	76.7
2020-05-26	0	0	11818618	76.7
2020-05-27	0	0	11818618	76.7
2020-05-28	17	0	11818618	76.7
2020-05-29	3	0	11818618	76.7
2020-05-30	5	0	11818618	76.7
2020-05-31	1	0	11818618	76.7
2020-06-01	7	0	11818618	76.7
2020-06-02	2	0	11818618	76.7
2020-06-03	1	1	11818618	76.7
2020-06-04	0	0	11818618	76.7
2020-06-05	0	0	11818618	76.7
2020-06-06	0	0	11818618	76.7
2020-06-07	0	0	11818618	76.7
2020-06-08	0	0	11818618	76.7
2020-06-09	0	0	11818618	76.7
2020-06-10	0	0	11818618	76.7
2020-06-11	0	0	11818618	76.7
2020-06-12	6	0	11818618	76.7
2020-06-13	1	0	11818618	76.7
2020-06-14	2	0	11818618	76.7
2020-06-15	14	0	11818618	76.7
2020-06-16	15	0	11818618	76.7
2020-06-17	3	1	11818618	76.7
2020-06-18	4	0	11818618	76.7
2020-06-19	14	0	11818618	76.7
2020-06-20	10	0	11818618	76.7
2020-06-21	1	0	11818618	76.7
2020-06-22	2	0	11818618	76.7
2020-06-23	0	0	11818618	76.7
2020-06-24	1	0	11818618	76.7
2020-06-25	2	0	11818618	76.7
2020-06-26	2	0	11818618	76.7
2020-06-27	4	0	11818618	76.7
2020-06-28	1	0	11818618	76.7
2020-06-29	3	0	11818618	76.7
2020-06-30	2	0	11818618	76.7
2020-07-01	1	0	11818618	76.7
2020-07-02	3	0	11818618	76.7
2020-07-03	3	0	11818618	76.7
2020-07-04	5	0	11818618	76.7
2020-07-05	2	0	11818618	76.7
2020-07-06	11	0	11818618	76.7
2020-07-07	6	0	11818618	76.7
2020-07-08	16	0	11818618	76.7
2020-07-09	10	0	11818618	76.7
2020-07-10	9	0	11818618	76.7
2020-07-11	5	0	11818618	76.7
2020-07-12	18	0	11818618	76.7
2020-07-13	39	0	11818618	76.7
2020-07-14	4	0	11818618	76.7
2020-07-15	13	0	11818618	76.7
2020-07-16	8	0	11818618	76.7
2020-07-17	9	0	11818618	76.7
2020-07-18	12	0	11818618	76.7
2020-07-19	26	0	11818618	76.7
2020-07-20	7	0	11818618	76.7
2020-07-21	8	0	11818618	76.7
2020-07-22	5	0	11818618	76.7
2020-07-23	12	0	11818618	76.7
2020-07-24	19	0	11818618	76.7
2020-07-25	18	0	11818618	76.7
2020-07-26	9	0	11818618	76.7
2020-07-27	3	0	11818618	76.7
2020-07-28	13	0	11818618	76.7
2020-07-29	20	0	11818618	76.7
2020-07-30	26	0	11818618	76.7
2020-07-31	21	0	11818618	76.7
2020-08-01	17	1	11818618	76.7
2020-08-02	9	0	11818618	76.7
2020-08-03	4	0	11818618	76.7
2020-08-04	19	0	11818618	76.7
2020-08-05	17	0	11818618	76.7
2020-08-06	41	0	11818618	76.7
2020-08-07	14	0	11818618	76.7
2020-08-08	22	0	11818618	76.7
2020-08-09	19	0	11818618	76.7
2020-08-10	20	0	11818618	76.7
2020-08-11	21	1	11818618	76.7
2020-08-12	42	0	11818618	76.7
2020-08-13	67	1	11818618	76.7
2020-08-14	56	0	11818618	76.7
2020-08-15	120	1	11818618	76.7
2020-08-16	84	0	11818618	76.7
2020-08-17	78	2	11818618	76.7
2020-08-18	129	1	11818618	76.7
2020-08-19	113	3	11818618	76.7
2020-08-20	116	3	11818618	76.7
2020-08-21	64	1	11818618	76.7
2020-08-22	131	4	11818618	76.7
2020-08-23	80	3	11818618	76.7
2020-08-24	75	0	11818618	76.7
2020-08-25	176	0	11818618	76.7
2020-08-26	137	0	11818618	76.7
2020-08-27	117	2	11818618	76.7
2020-08-28	138	1	11818618	76.7
2020-08-29	111	2	11818618	76.7
2020-08-30	113	0	11818618	76.7
2020-08-31	118	1	11818618	76.7
2020-09-01	160	3	11818618	76.7
2020-09-02	233	1	11818618	76.7
2020-09-03	198	3	11818618	76.7
2020-09-04	148	3	11818618	76.7
2020-09-05	234	6	11818618	76.7
2020-09-06	265	0	11818618	76.7
2020-09-07	83	1	11818618	76.7
2020-09-08	293	2	11818618	76.7
2020-09-09	0	0	11818618	76.7
2020-09-10	465	3	11818618	76.7
2020-09-11	377	4	11818618	76.7
2020-09-12	376	4	11818618	76.7
2020-09-13	0	0	11818618	76.7
2020-09-14	747	10	11818618	76.7
2020-09-15	241	6	11818618	76.7
2020-09-16	477	6	11818618	76.7
2020-09-17	470	4	11818618	76.7
2020-09-18	0	0	11818618	76.7
2020-09-19	540	5	11818618	76.7
2020-09-20	1622	21	11818618	76.7
2020-09-21	528	5	11818618	76.7
2020-09-22	0	0	11818618	76.7
2020-09-23	1219	10	11818618	76.7
2020-09-24	826	6	11818618	76.7
2020-09-25	1087	11	11818618	76.7
2020-09-26	0	0	11818618	76.7
2020-09-27	1722	23	11818618	76.7
2020-09-28	0	0	11818618	76.7
2020-09-29	1291	32	11818618	76.7
2020-09-30	1008	19	11818618	76.7
2020-10-01	0	0	11818618	76.7
2020-10-02	1308	6	11818618	76.7
2020-10-03	1223	5	11818618	76.7
2020-10-04	1286	45	11818618	76.7
2020-10-05	0	0	11818618	76.7
2020-10-06	0	0	11818618	76.7
2020-10-07	2312	43	11818618	76.7
2020-10-08	2357	45	11818618	76.7
2020-10-09	0	0	11818618	76.7
2020-10-10	4360	47	11818618	76.7
2020-10-11	1297	22	11818618	76.7
2020-10-12	0	0	11818618	76.7
2020-10-13	0	0	11818618	76.7
2020-10-14	2234	34	11818618	76.7
2020-10-15	0	0	11818618	76.7
2020-10-16	0	0	11818618	76.7
2020-10-17	5752	114	11818618	76.7
2020-10-18	0	0	11818618	76.7
2020-10-19	2185	61	11818618	76.7
2020-10-20	1723	24	11818618	76.7
2020-10-21	1442	29	11818618	76.7
2020-10-22	0	0	11818618	76.7
2020-10-23	1322	44	11818618	76.7
2020-10-24	1585	35	11818618	76.7
2020-10-25	0	0	11818618	76.7
2020-10-26	3600	164	11818618	76.7
2020-10-27	0	0	11818618	76.7
2020-10-28	1879	170	11818618	76.7
2020-10-29	0	0	11818618	76.7
2020-10-30	3751	100	11818618	76.7
2020-10-31	1784	64	11818618	76.7
2020-11-01	1302	31	11818618	76.7
2020-11-02	791	33	11818618	76.7
2020-11-03	1220	102	11818618	76.7
2020-11-04	1237	29	11818618	76.7
2020-11-05	1971	65	11818618	76.7
2020-11-06	0	0	11818618	76.7
2020-11-07	3209	217	11818618	76.7
2020-11-08	1576	79	11818618	76.7
2020-11-09	450	47	11818618	76.7
2020-11-10	1424	86	11818618	76.7
2020-11-11	1529	94	11818618	76.7
2020-11-12	1584	51	11818618	76.7
2020-11-13	1562	58	11818618	76.7
2020-11-14	1671	70	11818618	76.7
2020-11-15	1065	66	11818618	76.7
2020-11-16	599	51	11818618	76.7
2020-11-17	720	49	11818618	76.7
2020-11-18	2049	96	11818618	76.7
2020-11-19	0	0	11818618	76.7
2020-11-20	2493	143	11818618	76.7
2020-11-21	1206	68	11818618	76.7
2020-11-22	1240	69	11818618	76.7
2020-11-23	485	41	11818618	76.7
2020-11-24	1017	73	11818618	76.7
2020-11-25	1094	48	11818618	76.7
2020-11-26	1168	51	11818618	76.7
2020-11-27	1295	72	11818618	76.7
2020-11-28	1210	47	11818618	76.7
2020-11-29	1271	66	11818618	76.7
2020-11-30	518	41	11818618	76.7
2020-12-01	0	0	11818618	76.7
2020-12-02	2511	99	11818618	76.7
2020-12-03	0	0	11818618	76.7
2020-12-04	2620	122	11818618	76.7
2020-12-05	1091	45	11818618	76.7
2020-12-06	1011	35	11818618	76.7
2020-12-07	327	35	11818618	76.7
2020-12-08	1116	72	11818618	76.7
2020-12-09	1411	49	11818618	76.7
2020-12-10	958	41	11818618	76.7
2020-12-11	1290	43	11818618	76.7
2020-12-12	1289	35	11818618	76.7
2020-12-13	968	58	11818618	76.7
2020-12-14	0	0	11818618	76.7
2020-12-15	1880	62	11818618	76.7
2020-12-16	1306	41	11818618	76.7
2020-12-17	1419	35	11818618	76.7
2020-12-18	1616	58	11818618	76.7
2020-12-19	1569	36	11818618	76.7
2020-12-20	1536	32	11818618	76.7
2020-12-21	1031	41	11818618	76.7
2020-12-22	1605	38	11818618	76.7
2020-12-23	1677	38	11818618	76.7
2020-12-24	1752	49	11818618	76.7
2020-12-25	1826	61	11818618	76.7
2020-12-26	1652	41	11818618	76.7
2020-12-27	1362	40	11818618	76.7
2020-12-28	1612	52	11818618	76.7
2020-12-29	1598	52	11818618	76.7
2020-12-30	2414	50	11818618	76.7
2020-12-31	1924	56	11818618	76.7
2021-01-01	1417	54	11818618	76.7
2021-01-02	1422	35	11818618	76.7
2021-01-03	1565	35	11818618	76.7
2021-01-04	1252	62	11818618	76.7
2021-01-05	2265	72	11818618	76.7
2021-01-06	2820	70	11818618	76.7
2021-01-07	2373	48	11818618	76.7
2021-01-08	2649	56	11818618	76.7
2021-01-09	2611	45	11818618	76.7
2021-01-10	1762	62	11818618	76.7
2021-01-11	3074	69	11818618	76.7
2021-01-12	2586	59	11818618	76.7
2021-01-13	3632	72	11818618	76.7
2021-01-14	2327	63	11818618	76.7
2021-01-15	4170	50	11818618	76.7
2021-01-16	2166	88	11818618	76.7
2021-01-17	2859	76	11818618	76.7
2021-01-18	1795	58	11818618	76.7
2021-01-19	2598	94	11818618	76.7
2021-01-20	3890	77	11818618	76.7
2021-01-21	2511	68	11818618	76.7
2021-01-22	2389	103	11818618	76.7
2021-01-23	2041	62	11818618	76.7
2021-01-24	2059	80	11818618	76.7
2021-01-25	1263	53	11818618	76.7
2021-01-26	2026	83	11818618	76.7
2021-01-27	1661	76	11818618	76.7
2021-01-28	2028	62	11818618	76.7
2021-01-29	1679	91	11818618	76.7
2021-01-30	1438	81	11818618	76.7
2021-01-31	1417	74	11818618	76.7
2021-02-01	1160	48	11818618	76.7
2021-02-02	1367	91	11818618	76.7
2021-02-03	1267	87	11818618	76.7
2021-02-04	1270	68	11818618	76.7
2021-02-05	1163	51	11818618	76.7
2021-02-06	1064	63	11818618	76.7
2021-02-07	910	52	11818618	76.7
2021-02-08	667	43	11818618	76.7
2021-02-09	811	75	11818618	76.7
2021-02-10	1086	46	11818618	76.7
2021-02-11	828	51	11818618	76.7
2021-02-12	977	32	11818618	76.7
2021-02-13	1049	47	11818618	76.7
2021-02-14	740	36	11818618	76.7
2021-02-15	305	31	11818618	76.7
2021-02-16	780	42	11818618	76.7
2021-02-17	787	34	11818618	76.7
2021-02-18	899	33	11818618	76.7
2021-02-19	725	35	11818618	76.7
2021-02-20	903	36	11818618	76.7
2021-02-21	719	38	11818618	76.7
2021-02-22	575	18	11818618	76.7
2021-02-23	844	32	11818618	76.7
2021-02-24	662	26	11818618	76.7
2021-02-25	855	42	11818618	76.7
2021-02-26	666	31	11818618	76.7
2021-02-27	651	32	11818618	76.7
2021-02-28	662	27	11818618	76.7
2021-03-01	392	21	11818618	76.7
2021-03-02	562	25	11818618	76.7
2021-03-03	777	27	11818618	76.7
2021-03-04	635	32	11818618	76.7
2021-03-05	713	24	11818618	76.7
2021-03-06	672	37	11818618	76.7
2021-03-07	676	34	11818618	76.7
2021-03-08	313	24	11818618	76.7
2021-03-09	596	43	11818618	76.7
2021-03-10	755	24	11818618	76.7
2021-03-11	609	21	11818618	76.7
2021-03-12	640	16	11818618	76.7
2021-03-13	640	30	11818618	76.7
2021-03-14	577	30	11818618	76.7
2021-03-15	290	15	11818618	76.7
2021-03-16	549	25	11818618	76.7
2021-03-17	766	34	11818618	76.7
2021-03-18	496	27	11818618	76.7
2021-03-19	841	16	11818618	76.7
2021-03-20	629	20	11818618	76.7
2021-03-21	301	20	11818618	76.7
