2020-03-21	1	0	45741000		63.37
2020-03-22	0	0	45741000		63.37
2020-03-23	8	0	45741000		63.37
2020-03-24	0	0	45741000		63.37
2020-03-25	5	0	45741000		63.37
2020-03-26	0	0	45741000		63.37
2020-03-27	9	0	45741000		63.37
2020-03-28	7	0	45741000		63.37
2020-03-29	3	0	45741000		63.37
2020-03-30	0	0	45741000		63.37
2020-03-31	11	0	45741000		63.37
2020-04-01	0	0	45741000		63.37
2020-04-02	1	0	45741000		63.37
2020-04-03	3	0	45741000		63.37
2020-04-04	0	0	45741000		63.37
2020-04-05	4	0	45741000		63.37
2020-04-06	0	0	45741000		63.37
2020-04-07	0	0	45741000		63.37
2020-04-08	1	0	45741000		63.37
2020-04-09	0	0	45741000		63.37
2020-04-10	0	0	45741000		63.37
2020-04-11	0	0	45741000		63.37
2020-04-12	1	0	45741000		63.37
2020-04-13	0	0	45741000		63.37
2020-04-14	1	0	45741000		63.37
2020-04-15	0	0	45741000		63.37
2020-04-16	0	0	45741000		63.37
2020-04-17	1	0	45741000		63.37
2020-04-18	-1	0	45741000		63.37
2020-04-19	0	0	45741000		63.37
2020-04-20	1	0	45741000		63.37
2020-04-21	5	0	45741000		63.37
2020-04-22	2	0	45741000		63.37
2020-04-23	11	0	45741000		63.37
2020-04-24	1	0	45741000		63.37
2020-04-25	0	0	45741000		63.37
2020-04-26	4	0	45741000		63.37
2020-04-27	0	0	45741000		63.37
2020-04-28	0	0	45741000		63.37
2020-04-29	2	0	45741000		63.37
2020-04-30	2	0	45741000		63.37
2020-05-01	2	0	45741000		63.37
2020-05-02	3	0	45741000		63.37
2020-05-03	1	0	45741000		63.37
2020-05-04	8	0	45741000		63.37
2020-05-05	1	0	45741000		63.37
2020-05-06	2	0	45741000		63.37
2020-05-07	1	0	45741000		63.37
2020-05-08	0	0	45741000		63.37
2020-05-09	15	0	45741000		63.37
2020-05-10	5	0	45741000		63.37
2020-05-11	0	0	45741000		63.37
2020-05-12	8	0	45741000		63.37
2020-05-13	10	0	45741000		63.37
2020-05-14	21	0	45741000		63.37
2020-05-15	43	0	45741000		63.37
2020-05-16	24	0	45741000		63.37
2020-05-17	0	0	45741000		63.37
2020-05-18	21	0	45741000		63.37
2020-05-19	12	0	45741000		63.37
2020-05-20	4	0	45741000		63.37
2020-05-21	-104	0	45741000		63.37
2020-05-22	15	0	45741000		63.37
2020-05-23	23	0	45741000		63.37
2020-05-24	0	0	45741000		63.37
2020-05-25	24	0	45741000		63.37
2020-05-26	31	0	45741000		63.37
2020-05-27	28	0	45741000		63.37
2020-05-28	36	0	45741000		63.37
2020-05-29	12	0	45741000		63.37
2020-05-30	84	0	45741000		63.37
2020-05-31	4	0	45741000		63.37
2020-06-01	40	0	45741000		63.37
2020-06-02	32	0	45741000		63.37
2020-06-03	18	0	45741000		63.37
2020-06-04	15	0	45741000		63.37
2020-06-05	35	0	45741000		63.37
2020-06-06	36	0	45741000		63.37
2020-06-07	23	0	45741000		63.37
2020-06-08	30	0	45741000		63.37
2020-06-09	11	0	45741000		63.37
2020-06-10	8	0	45741000		63.37
2020-06-11	14	0	45741000		63.37
2020-06-12	7	0	45741000		63.37
2020-06-13	8	0	45741000		63.37
2020-06-14	2	0	45741000		63.37
2020-06-15	9	0	45741000		63.37
2020-06-16	19	0	45741000		63.37
2020-06-17	8	0	45741000		63.37
2020-06-18	9	0	45741000		63.37
2020-06-19	14	0	45741000		63.37
2020-06-20	8	0	45741000		63.37
2020-06-21	7	0	45741000		63.37
2020-06-22	4	0	45741000		63.37
2020-06-23	23	0	45741000		63.37
2020-06-24	8	0	45741000		63.37
2020-06-25	16	0	45741000		63.37
2020-06-26	12	0	45741000		63.37
2020-06-27	15	0	45741000		63.37
2020-06-28	11	0	45741000		63.37
2020-06-29	11	0	45741000		63.37
2020-06-30	19	0	45741000		63.37
2020-07-01	4	0	45741000		63.37
2020-07-02	9	0	45741000		63.37
2020-07-03	9	0	45741000		63.37
2020-07-04	16	0	45741000		63.37
2020-07-05	12	0	45741000		63.37
2020-07-06	14	0	45741000		63.37
2020-07-07	18	0	45741000		63.37
2020-07-08	6	0	45741000		63.37
2020-07-09	23	0	45741000		63.37
2020-07-10	6	0	45741000		63.37
2020-07-11	7	0	45741000		63.37
2020-07-12	12	0	45741000		63.37
2020-07-13	4	0	45741000		63.37
2020-07-14	11	0	45741000		63.37
2020-07-15	3	0	45741000		63.37
2020-07-16	8	0	45741000		63.37
2020-07-17	5	0	45741000		63.37
2020-07-18	6	0	45741000		63.37
2020-07-19	3	0	45741000		63.37
2020-07-20	4	0	45741000		63.37
2020-07-21	3	0	45741000		63.37
2020-07-22	3	0	45741000		63.37
2020-07-23	4	0	45741000		63.37
2020-07-24	10	1	45741000		63.37
2020-07-25	14	0	45741000		63.37
2020-07-26	12	1	45741000		63.37
2020-07-27	13	0	45741000		63.37
2020-07-28	7	0	45741000		63.37
2020-07-29	5	0	45741000		63.37
2020-07-30	7	0	45741000		63.37
2020-07-31	7	1	45741000		63.37
2020-08-01	22	1	45741000		63.37
2020-08-02	6	0	45741000		63.37
2020-08-03	13	1	45741000		63.37
2020-08-04	8	0	45741000		63.37
2020-08-05	10	0	45741000		63.37
2020-08-06	10	0	45741000		63.37
2020-08-07	31	1	45741000		63.37
2020-08-08	13	0	45741000		63.37
2020-08-09	16	1	45741000		63.37
2020-08-10	14	2	45741000		63.37
2020-08-11	16	0	45741000		63.37
2020-08-12	19	0	45741000		63.37
2020-08-13	21	2	45741000		63.37
2020-08-14	32	1	45741000		63.37
2020-08-15	49	1	45741000		63.37
2020-08-16	66	0	45741000		63.37
2020-08-17	60	2	45741000		63.37
2020-08-18	43	0	45741000		63.37
2020-08-19	53	1	45741000		63.37
2020-08-20	94	3	45741000		63.37
2020-08-21	98	0	45741000		63.37
2020-08-22	318	1	45741000		63.37
2020-08-23	97	0	45741000		63.37
2020-08-24	99	2	45741000		63.37
2020-08-25	64	3	45741000		63.37
2020-08-26	98	1	45741000		63.37
2020-08-27	155	2	45741000		63.37
2020-08-28	77	0	45741000		63.37
2020-08-29	91	1	45741000		63.37
2020-08-30	81	1	45741000		63.37
2020-08-31	44	2	45741000		63.37
2020-09-01	65	0	45741000		63.37
2020-09-02	75	0	45741000		63.37
2020-09-03	176	1	45741000		63.37
2020-09-04	65	2	45741000		63.37
2020-09-05	186	4	45741000		63.37
2020-09-06	128	2	45741000		63.37
2020-09-07	109	3	45741000		63.37
2020-09-08	124	2	45741000		63.37
2020-09-09	201	0	45741000		63.37
2020-09-10	190	2	45741000		63.37
2020-09-11	86	1	45741000		63.37
2020-09-12	326	3	45741000		63.37
2020-09-13	96	3	45741000		63.37
2020-09-14	179	1	45741000		63.37
2020-09-15	145	2	45741000		63.37
2020-09-16	143	2	45741000		63.37
2020-09-17	114	0	45741000		63.37
2020-09-18	214	1	45741000		63.37
2020-09-19	423	2	45741000		63.37
2020-09-20	270	0	45741000		63.37
2020-09-21	181	0	45741000		63.37
2020-09-22	244	1	45741000		63.37
2020-09-23	167	5	45741000		63.37
2020-09-24	185	1	45741000		63.37
2020-09-25	154	1	45741000		63.37
2020-09-26	146	0	45741000		63.37
2020-09-27	166	2	45741000		63.37
2020-09-28	247	2	45741000		63.37
2020-09-29	240	0	45741000		63.37
2020-09-30	112	0	45741000		63.37
2020-10-01	158	0	45741000		63.37
2020-10-02	204	4	45741000		63.37
2020-10-03	171	0	45741000		63.37
2020-10-04	146	2	45741000		63.37
2020-10-05	157	1	45741000		63.37
2020-10-06	117	2	45741000		63.37
2020-10-07	178	1	45741000		63.37
2020-10-08	182	0	45741000		63.37
2020-10-09	96	1	45741000		63.37
2020-10-10	163	7	45741000		63.37
2020-10-11	100	0	45741000		63.37
2020-10-12	63	1	45741000		63.37
2020-10-13	81	1	45741000		63.37
2020-10-14	124	0	45741000		63.37
2020-10-15	48	1	45741000		63.37
2020-10-16	217	0	45741000		63.37
2020-10-17	121	0	45741000		63.37
2020-10-18	135	1	45741000		63.37
2020-10-19	101	0	45741000		63.37
2020-10-20	97	0	45741000		63.37
2020-10-21	145	1	45741000		63.37
2020-10-22	108	0	45741000		63.37
2020-10-23	122	1	45741000		63.37
2020-10-24	134	0	45741000		63.37
2020-10-25	146	2	45741000		63.37
2020-10-26	114	0	45741000		63.37
2020-10-27	64	2	45741000		63.37
2020-10-28	146	3	45741000		63.37
2020-10-29	434	2	45741000		63.37
2020-10-30	209	2	45741000		63.37
2020-10-31	85	1	45741000		63.37
2020-11-01	248	1	45741000		63.37
2020-11-02	228	2	45741000		63.37
2020-11-03	128	1	45741000		63.37
2020-11-04	252	2	45741000		63.37
2020-11-05	217	0	45741000		63.37
2020-11-06	284	14	45741000		63.37
2020-11-07	214	0	45741000		63.37
2020-11-08	337	1	45741000		63.37
2020-11-09	171	1	45741000		63.37
2020-11-10	130	0	45741000		63.37
2020-11-11	289	6	45741000		63.37
2020-11-12	224	4	45741000		63.37
2020-11-13	185	1	45741000		63.37
2020-11-14	387	0	45741000		63.37
2020-11-15	231	1	45741000		63.37
2020-11-16	237	5	45741000		63.37
2020-11-17	306	0	45741000		63.37
2020-11-18	342	7	45741000		63.37
2020-11-19	243	1	45741000		63.37
2020-11-20	283	10	45741000		63.37
2020-11-21	236	0	45741000		63.37
2020-11-22	301	4	45741000		63.37
2020-11-23	197	9	45741000		63.37
2020-11-24	241	5	45741000		63.37
2020-11-25	484	5	45741000		63.37
2020-11-26	225	0	45741000		63.37
2020-11-27	473	6	45741000		63.37
2020-11-28	356	4	45741000		63.37
2020-11-29	201	0	45741000		63.37
2020-11-30	314	4	45741000		63.37
2020-12-01	576	0	45741000		63.37
2020-12-02	374	1	45741000		63.37
2020-12-03	203	0	45741000		63.37
2020-12-04	286	0	45741000		63.37
2020-12-05	290	0	45741000		63.37
2020-12-06	311	0	45741000		63.37
2020-12-07	701	1	45741000		63.37
2020-12-08	0	0	45741000		63.37
2020-12-09	1859	12	45741000		63.37
2020-12-10	671	1	45741000		63.37
2020-12-11	639	0	45741000		63.37
2020-12-12	702	0	45741000		63.37
2020-12-13	461	1	45741000		63.37
2020-12-14	234	3	45741000		63.37
2020-12-15	402	1	45741000		63.37
2020-12-16	565	0	45741000		63.37
2020-12-17	628	3	45741000		63.37
2020-12-18	710	2	45741000		63.37
2020-12-19	631	0	45741000		63.37
2020-12-20	485	1	45741000		63.37
2020-12-21	197	7	45741000		63.37
2020-12-22	526	0	45741000		63.37
2020-12-23	489	7	45741000		63.37
2020-12-24	515	0	45741000		63.37
2020-12-25	446	0	45741000		63.37
2020-12-26	203	0	45741000		63.37
2020-12-27	248	3	45741000		63.37
2020-12-28	162	0	45741000		63.37
2020-12-29	308	2	45741000		63.37
2020-12-30	396	1	45741000		63.37
2020-12-31	539	0	45741000		63.37
2021-01-01	295	14	45741000		63.37
2021-01-02	201	9	45741000		63.37
2021-01-03	210	0	45741000		63.37
2021-01-04	128	0	45741000		63.37
2021-01-05	357	16	45741000		63.37
2021-01-06	295	4	45741000		63.37
2021-01-07	372	3	45741000		63.37
2021-01-08	222	3	45741000		63.37
2021-01-09	258	1	45741000		63.37
2021-01-10	188	0	45741000		63.37
2021-01-11	66	1	45741000		63.37
2021-01-12	140	1	45741000		63.37
2021-01-13	137	1	45741000		63.37
2021-01-14	0	0	45741000		63.37
2021-01-15	0	0	45741000		63.37
2021-01-16	0	0	45741000		63.37
2021-01-17	0	0	45741000		63.37
2021-01-18	0	0	45741000		63.37
2021-01-19	449	1	45741000		63.37
2021-01-20	94	0	45741000		63.37
2021-01-21	178	11	45741000		63.37
2021-01-22	129	1	45741000		63.37
2021-01-23	109	0	45741000		63.37
2021-01-24	105	0	45741000		63.37
2021-01-25	39	1	45741000		63.37
2021-01-26	73	0	45741000		63.37
2021-01-27	53	0	45741000		63.37
2021-01-28	110	0	45741000		63.37
2021-01-29	66	6	45741000		63.37
2021-01-30	43	0	45741000		63.37
2021-01-31	46	0	45741000		63.37
2021-02-01	27	1	45741000		63.37
2021-02-02	45	0	45741000		63.37
2021-02-03	34	2	45741000		63.37
2021-02-04	50	0	45741000		63.37
2021-02-05	54	0	45741000		63.37
2021-02-06	32	0	45741000		63.37
2021-02-07	27	0	45741000		63.37
2021-02-08	12	0	45741000		63.37
2021-02-09	23	0	45741000		63.37
2021-02-10	28	1	45741000		63.37
2021-02-11	31	0	45741000		63.37
2021-02-12	37	0	45741000		63.37
2021-02-13	40	0	45741000		63.37
2021-02-14	0	0	45741000		63.37
2021-02-15	36	0	45741000		63.37
2021-02-16	8	3	45741000		63.37
2021-02-17	39	0	45741000		63.37
2021-02-18	52	0	45741000		63.37
2021-02-19	14	0	45741000		63.37
2021-02-20	31	2	45741000		63.37
2021-02-21	14	0	45741000		63.37
2021-02-22	8	0	45741000		63.37
2021-02-23	22	0	45741000		63.37
2021-02-24	18	1	45741000		63.37
2021-02-25	39	0	45741000		63.37
2021-02-26	22	0	45741000		63.37
2021-02-27	13	0	45741000		63.37
2021-02-28	22	0	45741000		63.37
2021-03-01	10	0	45741000		63.37
2021-03-02	28	0	45741000		63.37
2021-03-03	13	0	45741000		63.37
2021-03-04	18	0	45741000		63.37
2021-03-05	26	0	45741000		63.37
2021-03-06	0	0	45741000		63.37
2021-03-07	12	0	45741000		63.37
2021-03-08	15	0	45741000		63.37
2021-03-09	11	0	45741000		63.37
2021-03-10	30	0	45741000		63.37
2021-03-11	15	0	45741000		63.37
2021-03-12	9	0	45741000		63.37
2021-03-13	0	0	45741000		63.37
2021-03-14	37	0	45741000		63.37
2021-03-15	10	0	45741000		63.37
2021-03-16	2	0	45741000		63.37
2021-03-17	14	0	45741000		63.37
2021-03-18	18	0	45741000		63.37
2021-03-19	26	0	45741000		63.37
2021-03-20	0	0	45741000		63.37
2021-03-21	20	0	45741000		63.37
					
					
					
					
					
					
					
					
					
					
					
					
					
					
					
					
					
					
					
					
					
					
					
					
					