2020-03-03	1	0	43733759	72.06
2020-03-04	0	0	43733759	72.06
2020-03-05	0	0	43733759	72.06
2020-03-06	0	0	43733759	72.06
2020-03-07	0	0	43733759	72.06
2020-03-08	0	0	43733759	72.06
2020-03-09	0	0	43733759	72.06
2020-03-10	0	0	43733759	72.06
2020-03-11	0	0	43733759	72.06
2020-03-12	0	0	43733759	72.06
2020-03-13	2	1	43733759	72.06
2020-03-14	0	0	43733759	72.06
2020-03-15	0	0	43733759	72.06
2020-03-16	4	0	43733759	72.06
2020-03-17	7	1	43733759	72.06
2020-03-18	0	0	43733759	72.06
2020-03-19	2	0	43733759	72.06
2020-03-20	13	1	43733759	72.06
2020-03-21	18	0	43733759	72.06
2020-03-22	26	0	43733759	72.06
2020-03-23	0	0	43733759	72.06
2020-03-24	24	0	43733759	72.06
2020-03-25	48	2	43733759	72.06
2020-03-26	51	0	43733759	72.06
2020-03-27	114	0	43733759	72.06
2020-03-28	46	4	43733759	72.06
2020-03-29	119	1	43733759	72.06
2020-03-30	73	3	43733759	72.06
2020-03-31	97	4	43733759	72.06
2020-04-01	149	3	43733759	72.06
2020-04-02	103	2	43733759	72.06
2020-04-03	175	5	43733759	72.06
2020-04-04	153	5	43733759	72.06
2020-04-05	83	5	43733759	72.06
2020-04-06	11	1	43733759	72.06
2020-04-07	143	7	43733759	72.06
2020-04-08	206	7	43733759	72.06
2020-04-09	224	5	43733759	72.06
2020-04-10	311	12	43733759	72.06
2020-04-11	308	4	43733759	72.06
2020-04-12	266	10	43733759	72.06
2020-04-13	325	10	43733759	72.06
2020-04-14	270	5	43733759	72.06
2020-04-15	392	10	43733759	72.06
2020-04-16	397	8	43733759	72.06
2020-04-17	501	9	43733759	72.06
2020-04-18	444	8	43733759	72.06
2020-04-19	343	8	43733759	72.06
2020-04-20	261	10	43733759	72.06
2020-04-21	415	10	43733759	72.06
2020-04-22	467	13	43733759	72.06
2020-04-23	578	13	43733759	72.06
2020-04-24	477	14	43733759	72.06
2020-04-25	478	0	43733759	72.06
2020-04-26	492	8	43733759	72.06
2020-04-27	392	11	43733759	72.06
2020-04-28	401	19	43733759	72.06
2020-04-29	456	11	43733759	72.06
2020-04-30	540	11	43733759	72.06
2020-05-01	455	11	43733759	72.06
2020-05-02	550	7	43733759	72.06
2020-05-03	502	9	43733759	72.06
2020-05-04	418	15	43733759	72.06
2020-05-05	366	13	43733759	72.06
2020-05-06	487	11	43733759	72.06
2020-05-07	507	13	43733759	72.06
2020-05-08	504	21	43733759	72.06
2020-05-09	515	15	43733759	72.06
2020-05-10	522	15	43733759	72.06
2020-05-11	416	17	43733759	72.06
2020-05-12	375	17	43733759	72.06
2020-05-13	402	14	43733759	72.06
2020-05-14	422	17	43733759	72.06
2020-05-15	483	20	43733759	72.06
2020-05-16	528	21	43733759	72.06
2020-05-17	433	17	43733759	72.06
2020-05-18	325	21	43733759	72.06
2020-05-19	260	13	43733759	72.06
2020-05-20	354	16	43733759	72.06
2020-05-21	476	15	43733759	72.06
2020-05-22	442	9	43733759	72.06
2020-05-23	432	17	43733759	72.06
2020-05-24	406	12	43733759	72.06
2020-05-25	259	6	43733759	72.06
2020-05-26	339	21	43733759	72.06
2020-05-27	321	14	43733759	72.06
2020-05-28	477	11	43733759	72.06
2020-05-29	429	10	43733759	72.06
2020-05-30	393	17	43733759	72.06
2020-05-31	468	12	43733759	72.06
2020-06-01	890	16	43733759	72.06
2020-06-02	333	9	43733759	72.06
2020-06-03	490	9	43733759	72.06
2020-06-04	596	13	43733759	72.06
2020-06-05	561	15	43733759	72.06
2020-06-06	559	15	43733759	72.06
2020-06-07	498	11	43733759	72.06
2020-06-08	478	9	43733759	72.06
2020-06-09	402	13	43733759	72.06
2020-06-10	536	23	43733759	72.06
2020-06-11	691	23	43733759	72.06
2020-06-12	709	16	43733759	72.06
2020-06-13	762	10	43733759	72.06
2020-06-14	674	9	43733759	72.06
2020-06-15	685	12	43733759	72.06
2020-06-16	673	11	43733759	72.06
2020-06-17	777	31	43733759	72.06
2020-06-18	847	23	43733759	72.06
2020-06-19	922	19	43733759	72.06
2020-06-20	860	9	43733759	72.06
2020-06-21	746	8	43733759	72.06
2020-06-22	695	10	43733759	72.06
2020-06-23	845	23	43733759	72.06
2020-06-24	951	16	43733759	72.06
2020-06-25	1002	17	43733759	72.06
2020-06-26	1121	19	43733759	72.06
2020-06-27	957	24	43733759	72.06
2020-06-28	924	21	43733759	72.06
2020-06-29	682	19	43733759	72.06
2020-06-30	716	12	43733759	72.06
2020-07-01	670	15	43733759	72.06
2020-07-02	897	12	43733759	72.06
2020-07-03	884	27	43733759	72.06
2020-07-04	923	16	43733759	72.06
2020-07-05	840	22	43733759	72.06
2020-07-06	585	13	43733759	72.06
2020-07-07	569	21	43733759	72.06
2020-07-08	835	24	43733759	72.06
2020-07-09	828	21	43733759	72.06
2020-07-10	831	18	43733759	72.06
2020-07-11	825	27	43733759	72.06
2020-07-12	706	11	43733759	72.06
2020-07-13	638	15	43733759	72.06
2020-07-14	646	14	43733759	72.06
2020-07-15	848	15	43733759	72.06
2020-07-16	861	18	43733759	72.06
2020-07-17	826	11	43733759	72.06
2020-07-18	867	23	43733759	72.06
2020-07-19	744	8	43733759	72.06
2020-07-20	690	13	43733759	72.06
2020-07-21	687	20	43733759	72.06
2020-07-22	841	16	43733759	72.06
2020-07-23	874	17	43733759	72.06
2020-07-24	1004	21	43733759	72.06
2020-07-25	1144	19	43733759	72.06
2020-07-26	944	15	43733759	72.06
2020-07-27	835	11	43733759	72.06
2020-07-28	934	14	43733759	72.06
2020-07-29	1048	23	43733759	72.06
2020-07-30	1222	24	43733759	72.06
2020-07-31	1104	20	43733759	72.06
2020-08-01	1205	16	43733759	72.06
2020-08-02	1152	16	43733759	72.06
2020-08-03	1020	13	43733759	72.06
2020-08-04	1099	26	43733759	72.06
2020-08-05	1289	25	43733759	72.06
2020-08-06	1346	33	43733759	72.06
2020-08-07	1503	33	43733759	72.06
2020-08-08	1516	27	43733759	72.06
2020-08-09	1233	19	43733759	72.06
2020-08-10	1045	25	43733759	72.06
2020-08-11	1211	29	43733759	72.06
2020-08-12	1481	20	43733759	72.06
2020-08-13	1632	24	43733759	72.06
2020-08-14	1781	19	43733759	72.06
2020-08-15	1878	34	43733759	72.06
2020-08-16	1695	24	43733759	72.06
2020-08-17	1517	22	43733759	72.06
2020-08-18	1646	30	43733759	72.06
2020-08-19	2005	30	43733759	72.06
2020-08-20	2152	43	43733759	72.06
2020-08-21	2138	23	43733759	72.06
2020-08-22	2389	38	43733759	72.06
2020-08-23	2042	27	43733759	72.06
2020-08-24	1855	22	43733759	72.06
2020-08-25	1715	27	43733759	72.06
2020-08-26	1704	37	43733759	72.06
2020-08-27	2010	50	43733759	72.06
2020-08-28	2509	50	43733759	72.06
2020-08-29	2579	41	43733759	72.06
2020-08-30	2179	35	43733759	72.06
2020-08-31	2202	30	43733759	72.06
2020-09-01	2147	49	43733759	72.06
2020-09-02	2554	51	43733759	72.06
2020-09-03	2467	54	43733759	72.06
2020-09-04	2769	53	43733759	72.06
2020-09-05	2897	51	43733759	72.06
2020-09-06	2205	35	43733759	72.06
2020-09-07	2253	32	43733759	72.06
2020-09-08	2490	58	43733759	72.06
2020-09-09	2597	46	43733759	72.06
2020-09-10	2635	45	43733759	72.06
2020-09-11	3227	53	43733759	72.06
2020-09-12	3185	74	43733759	72.06
2020-09-13	2564	33	43733759	72.06
2020-09-14	2557	34	43733759	72.06
2020-09-15	2999	53	43733759	72.06
2020-09-16	3016	78	43733759	72.06
2020-09-17	3679	61	43733759	72.06
2020-09-18	3330	70	43733759	72.06
2020-09-19	3345	50	43733759	72.06
2020-09-20	3071	41	43733759	72.06
2020-09-21	2781	26	43733759	72.06
2020-09-22	2990	64	43733759	72.06
2020-09-23	3598	68	43733759	72.06
2020-09-24	3478	54	43733759	72.06
2020-09-25	3665	72	43733759	72.06
2020-09-26	3935	78	43733759	72.06
2020-09-27	3233	56	43733759	72.06
2020-09-28	2780	38	43733759	72.06
2020-09-29	3730	72	43733759	72.06
2020-09-30	4137	67	43733759	72.06
2020-10-01	4179	67	43733759	72.06
2020-10-02	4751	69	43733759	72.06
2020-10-03	4785	94	43733759	72.06
2020-10-04	4263	44	43733759	72.06
2020-10-05	3905	35	43733759	72.06
2020-10-06	4482	94	43733759	72.06
2020-10-07	4887	83	43733759	72.06
2020-10-08	5545	100	43733759	72.06
2020-10-09	5961	92	43733759	72.06
2020-10-10	5901	111	43733759	72.06
2020-10-11	4960	88	43733759	72.06
2020-10-12	4606	45	43733759	72.06
2020-10-13	5311	111	43733759	72.06
2020-10-14	5780	111	43733759	72.06
2020-10-15	5260	78	43733759	72.06
2020-10-16	6205	108	43733759	72.06
2020-10-17	6629	118	43733759	72.06
2020-10-18	5445	93	43733759	72.06
2020-10-19	4986	72	43733759	72.06
2020-10-20	5680	114	43733759	72.06
2020-10-21	6975	145	43733759	72.06
2020-10-22	7320	120	43733759	72.06
2020-10-23	7780	123	43733759	72.06
2020-10-24	7275	127	43733759	72.06
2020-10-25	6406	103	43733759	72.06
2020-10-26	5625	75	43733759	72.06
2020-10-27	6885	129	43733759	72.06
2020-10-28	7790	168	43733759	72.06
2020-10-29	7641	120	43733759	72.06
2020-10-30	8608	177	43733759	72.06
2020-10-31	9058	164	43733759	72.06
2020-11-01	8243	116	43733759	72.06
2020-11-02	6994	69	43733759	72.06
2020-11-03	9116	165	43733759	72.06
2020-11-04	9809	203	43733759	72.06
2020-11-05	10138	196	43733759	72.06
2020-11-06	9935	210	43733759	72.06
2020-11-07	11033	195	43733759	72.06
2020-11-08	9647	142	43733759	72.06
2020-11-09	8908	117	43733759	72.06
2020-11-10	10391	206	43733759	72.06
2020-11-11	10879	196	43733759	72.06
2020-11-12	11332	208	43733759	72.06
2020-11-13	12053	182	43733759	72.06
2020-11-14	12785	202	43733759	72.06
2020-11-15	10940	98	43733759	72.06
2020-11-16	10048	98	43733759	72.06
2020-11-17	12177	166	43733759	72.06
2020-11-18	12764	263	43733759	72.06
2020-11-19	13630	263	43733759	72.06
2020-11-20	14834	235	43733759	72.06
2020-11-21	14864	220	43733759	72.06
2020-11-22	12365	143	43733759	72.06
2020-11-23	11227	131	43733759	72.06
2020-11-24	12526	196	43733759	72.06
2020-11-25	14164	238	43733759	72.06
2020-11-26	15623	234	43733759	72.06
2020-11-27	16494	201	43733759	72.06
2020-11-28	16585	193	43733759	72.06
2020-11-29	13271	128	43733759	72.06
2020-11-30	10238	118	43733759	72.06
2020-12-01	12774	231	43733759	72.06
2020-12-02	13443	178	43733759	72.06
2020-12-03	14812	254	43733759	72.06
2020-12-04	15456	247	43733759	72.06
2020-12-05	14157	236	43733759	72.06
2020-12-06	11928	177	43733759	72.06
2020-12-07	8985	154	43733759	72.06
2020-12-08	11156	205	43733759	72.06
2020-12-09	12937	289	43733759	72.06
2020-12-10	13736	279	43733759	72.06
2020-12-11	13893	297	43733759	72.06
2020-12-12	13219	250	43733759	72.06
2020-12-13	9605	163	43733759	72.06
2020-12-14	6877	101	43733759	72.06
2020-12-15	8840	246	43733759	72.06
2020-12-16	11057	276	43733759	72.06
2020-12-17	12474	265	43733759	72.06
2020-12-18	13066	269	43733759	72.06
2020-12-19	12179	224	43733759	72.06
2020-12-20	8763	129	43733759	72.06
2020-12-21	6978	92	43733759	72.06
2020-12-22	8949	242	43733759	72.06
2020-12-23	10572	288	43733759	72.06
2020-12-24	11926	234	43733759	72.06
2020-12-25	11458	198	43733759	72.06
2020-12-26	8134	134	43733759	72.06
2020-12-27	6548	83	43733759	72.06
2020-12-28	4809	83	43733759	72.06
2020-12-29	7402	246	43733759	72.06
2020-12-30	8404	257	43733759	72.06
2020-12-31	10117	223	43733759	72.06
2021-01-01	9858	156	43733759	72.06
2021-01-02	5401	61	43733759	72.06
2021-01-03	4881	132	43733759	72.06
2021-01-04	4494	82	43733759	72.06
2021-01-05	5625	217	43733759	72.06
2021-01-06	7226	242	43733759	72.06
2021-01-07	9320	163	43733759	72.06
2021-01-08	5998	98	43733759	72.06
2021-01-09	5143	94	43733759	72.06
2021-01-10	5322	115	43733759	72.06
2021-01-11	4585	78	43733759	72.06
2021-01-12	5393	196	43733759	72.06
2021-01-13	6715	206	43733759	72.06
2021-01-14	8385	179	43733759	72.06
2021-01-15	8620	179	43733759	72.06
2021-01-16	8151	158	43733759	72.06
2021-01-17	6398	130	43733759	72.06
2021-01-18	3382	80	43733759	72.06
2021-01-19	4231	190	43733759	72.06
2021-01-20	4729	227	43733759	72.06
2021-01-21	5926	257	43733759	72.06
2021-01-22	5679	177	43733759	72.06
2021-01-23	5264	132	43733759	72.06
2021-01-24	4242	96	43733759	72.06
2021-01-25	2807	75	43733759	72.06
2021-01-26	3038	147	43733759	72.06
2021-01-27	4053	159	43733759	72.06
2021-01-28	5811	162	43733759	72.06
2021-01-29	5453	141	43733759	72.06
2021-01-30	4966	159	43733759	72.06
2021-01-31	3453	91	43733759	72.06
2021-02-01	2287	71	43733759	72.06
2021-02-02	2631	169	43733759	72.06
2021-02-03	3537	176	43733759	72.06
2021-02-04	5333	153	43733759	72.06
2021-02-05	5167	170	43733759	72.06
2021-02-06	4558	136	43733759	72.06
2021-02-07	3610	93	43733759	72.06
2021-02-08	2356	56	43733759	72.06
2021-02-09	2867	138	43733759	72.06
2021-02-10	3645	173	43733759	72.06
2021-02-11	5274	135	43733759	72.06
2021-02-12	4995	127	43733759	72.06
2021-02-13	5403	121	43733759	72.06
2021-02-14	3311	53	43733759	72.06
2021-02-15	2540	71	43733759	72.06
2021-02-16	3346	160	43733759	72.06
2021-02-17	4485	155	43733759	72.06
2021-02-18	6441	174	43733759	72.06
2021-02-19	6722	129	43733759	72.06
2021-02-20	6473	84	43733759	72.06
2021-02-21	4663	66	43733759	72.06
2021-02-22	3355	61	43733759	72.06
2021-02-23	4326	159	43733759	72.06
2021-02-24	5990	157	43733759	72.06
2021-02-25	8278	144	43733759	72.06
2021-02-26	8134	155	43733759	72.06
2021-02-27	8297	160	43733759	72.06
2021-02-28	5958	98	43733759	72.06
2021-03-01	4406	76	43733759	72.06
2021-03-02	5460	170	43733759	72.06
2021-03-03	7354	194	43733759	72.06
2021-03-04	10179	202	43733759	72.06
2021-03-05	10273	181	43733759	72.06
2021-03-06	9257	165	43733759	72.06
2021-03-07	7284	110	43733759	72.06
2021-03-08	5680	114	43733759	72.06
2021-03-09	3364	82	43733759	72.06
2021-03-10	6480	227	43733759	72.06
2021-03-11	9187	270	43733759	72.06
2021-03-12	13045	239	43733759	72.06
2021-03-13	13376	250	43733759	72.06
2021-03-14	9110	151	43733759	72.06
2021-03-15	6882	134	43733759	72.06
2021-03-16	9730	270	43733759	72.06
2021-03-17	11921	296	43733759	72.06
2021-03-18	15143	276	43733759	72.06
2021-03-19	15937	267	43733759	72.06
2021-03-20	15376	266	43733759	72.06
2021-03-21	11229	170	43733759	72.06