2020-01-29	4	0	9890400	77.97
2020-01-30	0	0	9890400	77.97
2020-01-31	0	0	9890400	77.97
2020-02-01	0	0	9890400	77.97
2020-02-02	1	0	9890400	77.97
2020-02-03	0	0	9890400	77.97
2020-02-04	0	0	9890400	77.97
2020-02-05	0	0	9890400	77.97
2020-02-06	0	0	9890400	77.97
2020-02-07	0	0	9890400	77.97
2020-02-08	2	0	9890400	77.97
2020-02-09	0	0	9890400	77.97
2020-02-10	1	0	9890400	77.97
2020-02-11	0	0	9890400	77.97
2020-02-12	0	0	9890400	77.97
2020-02-13	0	0	9890400	77.97
2020-02-14	0	0	9890400	77.97
2020-02-15	0	0	9890400	77.97
2020-02-16	1	0	9890400	77.97
2020-02-17	0	0	9890400	77.97
2020-02-18	0	0	9890400	77.97
2020-02-19	0	0	9890400	77.97
2020-02-20	0	0	9890400	77.97
2020-02-21	0	0	9890400	77.97
2020-02-22	4	0	9890400	77.97
2020-02-23	0	0	9890400	77.97
2020-02-24	0	0	9890400	77.97
2020-02-25	0	0	9890400	77.97
2020-02-26	0	0	9890400	77.97
2020-02-27	0	0	9890400	77.97
2020-02-28	6	0	9890400	77.97
2020-02-29	2	0	9890400	77.97
2020-03-01	0	0	9890400	77.97
2020-03-02	0	0	9890400	77.97
2020-03-03	6	0	9890400	77.97
2020-03-04	0	0	9890400	77.97
2020-03-05	2	0	9890400	77.97
2020-03-06	0	0	9890400	77.97
2020-03-07	16	0	9890400	77.97
2020-03-08	0	0	9890400	77.97
2020-03-09	0	0	9890400	77.97
2020-03-10	29	0	9890400	77.97
2020-03-11	0	0	9890400	77.97
2020-03-12	11	0	9890400	77.97
2020-03-13	0	0	9890400	77.97
2020-03-14	0	0	9890400	77.97
2020-03-15	13	0	9890400	77.97
2020-03-16	0	0	9890400	77.97
2020-03-17	0	0	9890400	77.97
2020-03-18	15	0	9890400	77.97
2020-03-19	27	0	9890400	77.97
2020-03-20	0	2	9890400	77.97
2020-03-21	13	0	9890400	77.97
2020-03-22	0	0	9890400	77.97
2020-03-23	45	0	9890400	77.97
2020-03-24	50	0	9890400	77.97
2020-03-25	85	0	9890400	77.97
2020-03-26	0	0	9890400	77.97
2020-03-27	72	0	9890400	77.97
2020-03-28	63	0	9890400	77.97
2020-03-29	102	1	9890400	77.97
2020-03-30	41	2	9890400	77.97
2020-03-31	53	1	9890400	77.97
2020-04-01	150	2	9890400	77.97
2020-04-02	210	0	9890400	77.97
2020-04-03	240	1	9890400	77.97
2020-04-04	241	1	9890400	77.97
2020-04-05	294	0	9890400	77.97
2020-04-06	277	1	9890400	77.97
2020-04-07	283	1	9890400	77.97
2020-04-08	300	0	9890400	77.97
2020-04-09	331	2	9890400	77.97
2020-04-10	370	2	9890400	77.97
2020-04-11	376	4	9890400	77.97
2020-04-12	387	2	9890400	77.97
2020-04-13	398	3	9890400	77.97
2020-04-14	412	3	9890400	77.97
2020-04-15	432	5	9890400	77.97
2020-04-16	460	2	9890400	77.97
2020-04-17	477	2	9890400	77.97
2020-04-18	0	0	9890400	77.97
2020-04-19	479	4	9890400	77.97
2020-04-20	484	2	9890400	77.97
2020-04-21	490	3	9890400	77.97
2020-04-22	483	6	9890400	77.97
2020-04-23	518	4	9890400	77.97
2020-04-24	525	8	9890400	77.97
2020-04-25	532	7	9890400	77.97
2020-04-26	536	5	9890400	77.97
2020-04-27	490	6	9890400	77.97
2020-04-28	541	7	9890400	77.97
2020-04-29	549	9	9890400	77.97
2020-04-30	552	7	9890400	77.97
2020-05-01	557	6	9890400	77.97
2020-05-02	561	8	9890400	77.97
2020-05-03	564	7	9890400	77.97
2020-05-04	567	11	9890400	77.97
2020-05-05	462	9	9890400	77.97
2020-05-06	546	11	9890400	77.97
2020-05-07	502	8	9890400	77.97
2020-05-08	553	9	9890400	77.97
2020-05-09	624	11	9890400	77.97
2020-05-10	781	13	9890400	77.97
2020-05-11	680	3	9890400	77.97
2020-05-12	783	2	9890400	77.97
2020-05-13	725	3	9890400	77.97
2020-05-14	698	2	9890400	77.97
2020-05-15	747	2	9890400	77.97
2020-05-16	796	4	9890400	77.97
2020-05-17	731	6	9890400	77.97
2020-05-18	832	4	9890400	77.97
2020-05-19	873	3	9890400	77.97
2020-05-20	941	6	9890400	77.97
2020-05-21	894	4	9890400	77.97
2020-05-22	994	4	9890400	77.97
2020-05-23	812	3	9890400	77.97
2020-05-24	781	1	9890400	77.97
2020-05-25	822	3	9890400	77.97
2020-05-26	779	5	9890400	77.97
2020-05-27	883	2	9890400	77.97
2020-05-28	563	3	9890400	77.97
2020-05-29	638	2	9890400	77.97
2020-05-30	726	2	9890400	77.97
2020-05-31	661	2	9890400	77.97
2020-06-01	635	2	9890400	77.97
2020-06-02	596	3	9890400	77.97
2020-06-03	571	1	9890400	77.97
2020-06-04	659	3	9890400	77.97
2020-06-05	624	1	9890400	77.97
2020-06-06	626	1	9890400	77.97
2020-06-07	540	1	9890400	77.97
2020-06-08	568	5	9890400	77.97
2020-06-09	528	2	9890400	77.97
2020-06-10	603	1	9890400	77.97
2020-06-11	479	2	9890400	77.97
2020-06-12	513	1	9890400	77.97
2020-06-13	491	1	9890400	77.97
2020-06-14	304	1	9890400	77.97
2020-06-15	342	2	9890400	77.97
2020-06-16	346	2	9890400	77.97
2020-06-17	382	2	9890400	77.97
2020-06-18	388	3	9890400	77.97
2020-06-19	393	2	9890400	77.97
2020-06-20	388	1	9890400	77.97
2020-06-21	392	1	9890400	77.97
2020-06-22	378	1	9890400	77.97
2020-06-23	380	2	9890400	77.97
2020-06-24	450	2	9890400	77.97
2020-06-25	430	1	9890400	77.97
2020-06-26	410	2	9890400	77.97
2020-06-27	387	1	9890400	77.97
2020-06-28	437	2	9890400	77.97
2020-06-29	449	1	9890400	77.97
2020-06-30	421	1	9890400	77.97
2020-07-01	402	1	9890400	77.97
2020-07-02	400	1	9890400	77.97
2020-07-03	672	1	9890400	77.97
2020-07-04	716	3	9890400	77.97
2020-07-05	683	2	9890400	77.97
2020-07-06	528	1	9890400	77.97
2020-07-07	532	2	9890400	77.97
2020-07-08	445	1	9890400	77.97
2020-07-09	532	1	9890400	77.97
2020-07-10	473	2	9890400	77.97
2020-07-11	403	1	9890400	77.97
2020-07-12	401	2	9890400	77.97
2020-07-13	344	1	9890400	77.97
2020-07-14	375	1	9890400	77.97
2020-07-15	275	0	9890400	77.97
2020-07-16	281	0	9890400	77.97
2020-07-17	293	2	9890400	77.97
2020-07-18	289	1	9890400	77.97
2020-07-19	211	1	9890400	77.97
2020-07-20	271	1	9890400	77.97
2020-07-21	305	1	9890400	77.97
2020-07-22	236	1	9890400	77.97
2020-07-23	254	0	9890400	77.97
2020-07-24	261	1	9890400	77.97
2020-07-25	313	0	9890400	77.97
2020-07-26	351	1	9890400	77.97
2020-07-27	264	1	9890400	77.97
2020-07-28	369	2	9890400	77.97
2020-07-29	375	0	9890400	77.97
2020-07-30	302	2	9890400	77.97
2020-07-31	283	2	9890400	77.97
2020-08-01	254	0	9890400	77.97
2020-08-02	239	0	9890400	77.97
2020-08-03	164	0	9890400	77.97
2020-08-04	189	0	9890400	77.97
2020-08-05	254	2	9890400	77.97
2020-08-06	239	1	9890400	77.97
2020-08-07	216	2	9890400	77.97
2020-08-08	239	0	9890400	77.97
2020-08-09	225	1	9890400	77.97
2020-08-10	179	0	9890400	77.97
2020-08-11	262	1	9890400	77.97
2020-08-12	246	0	9890400	77.97
2020-08-13	277	0	9890400	77.97
2020-08-14	330	1	9890400	77.97
2020-08-15	283	2	9890400	77.97
2020-08-16	210	3	9890400	77.97
2020-08-17	229	0	9890400	77.97
2020-08-18	365	2	9890400	77.97
2020-08-19	435	1	9890400	77.97
2020-08-20	461	2	9890400	77.97
2020-08-21	391	1	9890400	77.97
2020-08-22	424	2	9890400	77.97
2020-08-23	390	3	9890400	77.97
2020-08-24	275	1	9890400	77.97
2020-08-25	339	1	9890400	77.97
2020-08-26	399	1	9890400	77.97
2020-08-27	491	0	9890400	77.97
2020-08-28	390	1	9890400	77.97
2020-08-29	427	0	9890400	77.97
2020-08-30	362	3	9890400	77.97
2020-08-31	541	2	9890400	77.97
2020-09-01	574	0	9890400	77.97
2020-09-02	735	3	9890400	77.97
2020-09-03	614	0	9890400	77.97
2020-09-04	612	0	9890400	77.97
2020-09-05	705	1	9890400	77.97
2020-09-06	513	0	9890400	77.97
2020-09-07	470	2	9890400	77.97
2020-09-08	644	1	9890400	77.97
2020-09-09	883	2	9890400	77.97
2020-09-10	930	5	9890400	77.97
2020-09-11	931	0	9890400	77.97
2020-09-12	1007	1	9890400	77.97
2020-09-13	640	0	9890400	77.97
2020-09-14	777	0	9890400	77.97
2020-09-15	674	2	9890400	77.97
2020-09-16	842	1	9890400	77.97
2020-09-17	786	0	9890400	77.97
2020-09-18	865	1	9890400	77.97
2020-09-19	809	1	9890400	77.97
2020-09-20	674	0	9890400	77.97
2020-09-21	679	1	9890400	77.97
2020-09-22	852	0	9890400	77.97
2020-09-23	1083	1	9890400	77.97
2020-09-24	1002	1	9890400	77.97
2020-09-25	1008	2	9890400	77.97
2020-09-26	1078	2	9890400	77.97
2020-09-27	851	1	9890400	77.97
2020-09-28	626	1	9890400	77.97
2020-09-29	995	3	9890400	77.97
2020-09-30	1100	3	9890400	77.97
2020-10-01	1158	2	9890400	77.97
2020-10-02	1181	3	9890400	77.97
2020-10-03	1231	2	9890400	77.97
2020-10-04	1041	0	9890400	77.97
2020-10-05	932	3	9890400	77.97
2020-10-06	1061	6	9890400	77.97
2020-10-07	1046	1	9890400	77.97
2020-10-08	1089	2	9890400	77.97
2020-10-09	1075	4	9890400	77.97
2020-10-10	1129	1	9890400	77.97
2020-10-11	1096	2	9890400	77.97
2020-10-12	1064	1	9890400	77.97
2020-10-13	1315	2	9890400	77.97
2020-10-14	1431	2	9890400	77.97
2020-10-15	1398	2	9890400	77.97
2020-10-16	1412	3	9890400	77.97
2020-10-17	1538	4	9890400	77.97
2020-10-18	1215	4	9890400	77.97
2020-10-19	915	3	9890400	77.97
2020-10-20	1077	4	9890400	77.97
2020-10-21	1538	2	9890400	77.97
2020-10-22	1578	2	9890400	77.97
2020-10-23	1563	1	9890400	77.97
2020-10-24	1491	0	9890400	77.97
2020-10-25	1359	2	9890400	77.97
2020-10-26	1111	3	9890400	77.97
2020-10-27	1390	2	9890400	77.97
2020-10-28	1400	3	9890400	77.97
2020-10-29	1312	3	9890400	77.97
2020-10-30	1172	2	9890400	77.97
2020-10-31	1121	5	9890400	77.97
2020-11-01	1278	1	9890400	77.97
2020-11-02	1234	1	9890400	77.97
2020-11-03	1008	6	9890400	77.97
2020-11-04	1161	2	9890400	77.97
2020-11-05	1289	3	9890400	77.97
2020-11-06	1292	2	9890400	77.97
2020-11-07	1141	4	9890400	77.97
2020-11-08	1111	0	9890400	77.97
2020-11-09	1146	1	9890400	77.97
2020-11-10	1096	3	9890400	77.97
2020-11-11	1214	2	9890400	77.97
2020-11-12	1136	3	9890400	77.97
2020-11-13	1226	5	9890400	77.97
2020-11-14	1174	0	9890400	77.97
2020-11-15	1210	2	9890400	77.97
2020-11-16	1209	4	9890400	77.97
2020-11-17	1255	4	9890400	77.97
2020-11-18	1292	4	9890400	77.97
2020-11-19	1153	2	9890400	77.97
2020-11-20	1269	3	9890400	77.97
2020-11-21	1262	1	9890400	77.97
2020-11-22	1205	4	9890400	77.97
2020-11-23	1065	2	9890400	77.97
2020-11-24	1310	5	9890400	77.97
2020-11-25	1297	4	9890400	77.97
2020-11-26	1305	1	9890400	77.97
2020-11-27	1283	3	9890400	77.97
2020-11-28	1252	2	9890400	77.97
2020-11-29	1251	1	9890400	77.97
2020-11-30	1107	2	9890400	77.97
2020-12-01	1289	4	9890400	77.97
2020-12-02	1285	4	9890400	77.97
2020-12-03	1317	5	9890400	77.97
2020-12-04	1311	1	9890400	77.97
2020-12-05	1214	3	9890400	77.97
2020-12-06	1153	3	9890400	77.97
2020-12-07	1148	2	9890400	77.97
2020-12-08	1260	2	9890400	77.97
2020-12-09	1313	2	9890400	77.97
2020-12-10	1255	4	9890400	77.97
2020-12-11	1196	5	9890400	77.97
2020-12-12	1154	2	9890400	77.97
2020-12-13	1194	8	9890400	77.97
2020-12-14	1092	1	9890400	77.97
2020-12-15	1226	4	9890400	77.97
2020-12-16	1278	4	9890400	77.97
2020-12-17	1321	3	9890400	77.97
2020-12-18	1284	1	9890400	77.97
2020-12-19	1254	4	9890400	77.97
2020-12-20	1171	3	9890400	77.97
2020-12-21	1077	2	9890400	77.97
2020-12-22	1226	3	9890400	77.97
2020-12-23	1246	3	9890400	77.97
2020-12-24	1311	2	9890400	77.97
2020-12-25	1230	6	9890400	77.97
2020-12-26	1227	2	9890400	77.97
2020-12-27	944	2	9890400	77.97
2020-12-28	1027	3	9890400	77.97
2020-12-29	1506	2	9890400	77.97
2020-12-30	1723	3	9890400	77.97
2020-12-31	1730	4	9890400	77.97
2021-01-01	1856	2	9890400	77.97
2021-01-02	1963	3	9890400	77.97
2021-01-03	1590	5	9890400	77.97
2021-01-04	1501	3	9890400	77.97
2021-01-05	1967	3	9890400	77.97
2021-01-06	2067	4	9890400	77.97
2021-01-07	2988	5	9890400	77.97
2021-01-08	2950	3	9890400	77.97
2021-01-09	2998	5	9890400	77.97
2021-01-10	2876	6	9890400	77.97
2021-01-11	2404	3	9890400	77.97
2021-01-12	3243	6	9890400	77.97
2021-01-13	3362	6	9890400	77.97
2021-01-14	3382	3	9890400	77.97
2021-01-15	3407	7	9890400	77.97
2021-01-16	3432	7	9890400	77.97
2021-01-17	3453	5	9890400	77.97
2021-01-18	3471	6	9890400	77.97
2021-01-19	3491	5	9890400	77.97
2021-01-20	3506	6	9890400	77.97
2021-01-21	3529	4	9890400	77.97
2021-01-22	3552	10	9890400	77.97
2021-01-23	3566	7	9890400	77.97
2021-01-24	3579	9	9890400	77.97
2021-01-25	3591	6	9890400	77.97
2021-01-26	3601	7	9890400	77.97
2021-01-27	3939	6	9890400	77.97
2021-01-28	3966	8	9890400	77.97
2021-01-29	3962	7	9890400	77.97
2021-01-30	3647	12	9890400	77.97
2021-01-31	2948	12	9890400	77.97
2021-02-01	2730	9	9890400	77.97
2021-02-02	3310	7	9890400	77.97
2021-02-03	3977	12	9890400	77.97
2021-02-04	3249	10	9890400	77.97
2021-02-05	3251	14	9890400	77.97
2021-02-06	3276	12	9890400	77.97
2021-02-07	3093	7	9890400	77.97
2021-02-08	2798	9	9890400	77.97
2021-02-09	3310	17	9890400	77.97
2021-02-10	3539	9	9890400	77.97
2021-02-11	3525	18	9890400	77.97
2021-02-12	3307	12	9890400	77.97
2021-02-13	2631	15	9890400	77.97
2021-02-14	3167	13	9890400	77.97
2021-02-15	3123	13	9890400	77.97
2021-02-16	3236	14	9890400	77.97
2021-02-17	3452	14	9890400	77.97
2021-02-18	3294	18	9890400	77.97
2021-02-19	3140	20	9890400	77.97
2021-02-20	3158	15	9890400	77.97
2021-02-21	2250	17	9890400	77.97
2021-02-22	2105	15	9890400	77.97
2021-02-23	3005	5	9890400	77.97
2021-02-24	3102	19	9890400	77.97
2021-02-25	3025	18	9890400	77.97
2021-02-26	3498	16	9890400	77.97
2021-02-27	3434	15	9890400	77.97
2021-02-28	2930	8	9890400	77.97
2021-03-01	2526	17	9890400	77.97
2021-03-02	2721	15	9890400	77.97
2021-03-03	2692	16	9890400	77.97
2021-03-04	2742	17	9890400	77.97
2021-03-05	3072	10	9890400	77.97
2021-03-06	2959	14	9890400	77.97
2021-03-07	2613	12	9890400	77.97
2021-03-08	2483	13	9890400	77.97
2021-03-09	2373	10	9890400	77.97
2021-03-10	2204	8	9890400	77.97
2021-03-11	2087	16	9890400	77.97
2021-03-12	2250	9	9890400	77.97
2021-03-13	2159	10	9890400	77.97
2021-03-14	1992	7	9890400	77.97
2021-03-15	1898	7	9890400	77.97
2021-03-16	2018	4	9890400	77.97
2021-03-17	2051	8	9890400	77.97
2021-03-18	2101	10	9890400	77.97
2021-03-19	2160	4	9890400	77.97
2021-03-20	2013	5	9890400	77.97
2021-03-21	1717	5	9890400	77.97
