2020-03-13	4	0	3473727	77.91
2020-03-14	2	0	3473727	77.91
2020-03-15	2	0	3473727	77.91
2020-03-16	21	0	3473727	77.91
2020-03-17	21	0	3473727	77.91
2020-03-18	29	0	3473727	77.91
2020-03-19	15	0	3473727	77.91
2020-03-20	16	0	3473727	77.91
2020-03-21	25	0	3473727	77.91
2020-03-22	23	0	3473727	77.91
2020-03-23	4	0	3473727	77.91
2020-03-24	27	0	3473727	77.91
2020-03-25	28	0	3473727	77.91
2020-03-26	21	0	3473727	77.91
2020-03-27	36	0	3473727	77.91
2020-03-28	29	1	3473727	77.91
2020-03-29	6	0	3473727	77.91
2020-03-30	11	0	3473727	77.91
2020-03-31	18	0	3473727	77.91
2020-04-01	12	1	3473727	77.91
2020-04-02	19	2	3473727	77.91
2020-04-03	17	0	3473727	77.91
2020-04-04	14	1	3473727	77.91
2020-04-05	6	1	3473727	77.91
2020-04-06	9	0	3473727	77.91
2020-04-07	9	1	3473727	77.91
2020-04-08	32	0	3473727	77.91
2020-04-09	17	0	3473727	77.91
2020-04-10	21	0	3473727	77.91
2020-04-11	7	0	3473727	77.91
2020-04-12	-21	0	3473727	77.91
2020-04-13	3	1	3473727	77.91
2020-04-14	9	0	3473727	77.91
2020-04-15	1	1	3473727	77.91
2020-04-16	9	0	3473727	77.91
2020-04-17	6	0	3473727	77.91
2020-04-18	9	0	3473727	77.91
2020-04-19	11	1	3473727	77.91
2020-04-20	7	0	3473727	77.91
2020-04-21	8	2	3473727	77.91
2020-04-22	6	0	3473727	77.91
2020-04-23	8	0	3473727	77.91
2020-04-24	6	0	3473727	77.91
2020-04-25	33	2	3473727	77.91
2020-04-26	10	1	3473727	77.91
2020-04-27	14	0	3473727	77.91
2020-04-28	5	0	3473727	77.91
2020-04-29	5	0	3473727	77.91
2020-04-30	13	2	3473727	77.91
2020-05-01	5	0	3473727	77.91
2020-05-02	4	0	3473727	77.91
2020-05-03	3	0	3473727	77.91
2020-05-04	2	0	3473727	77.91
2020-05-05	13	0	3473727	77.91
2020-05-06	3	0	3473727	77.91
2020-05-07	11	0	3473727	77.91
2020-05-08	10	1	3473727	77.91
2020-05-09	8	0	3473727	77.91
2020-05-10	5	1	3473727	77.91
2020-05-11	4	0	3473727	77.91
2020-05-12	6	0	3473727	77.91
2020-05-13	2	0	3473727	77.91
2020-05-14	5	0	3473727	77.91
2020-05-15	8	0	3473727	77.91
2020-05-16	1	0	3473727	77.91
2020-05-17	1	1	3473727	77.91
2020-05-18	3	0	3473727	77.91
2020-05-19	1	0	3473727	77.91
2020-05-20	8	0	3473727	77.91
2020-05-21	3	0	3473727	77.91
2020-05-22	4	0	3473727	77.91
2020-05-23	11	2	3473727	77.91
2020-05-24	5	0	3473727	77.91
2020-05-25	18	0	3473727	77.91
2020-05-26	2	0	3473727	77.91
2020-05-27	14	0	3473727	77.91
2020-05-28	8	0	3473727	77.91
2020-05-29	5	0	3473727	77.91
2020-05-30	5	0	3473727	77.91
2020-05-31	2	0	3473727	77.91
2020-06-01	2	1	3473727	77.91
2020-06-02	1	0	3473727	77.91
2020-06-03	2	0	3473727	77.91
2020-06-04	4	0	3473727	77.91
2020-06-05	2	0	3473727	77.91
2020-06-06	11	0	3473727	77.91
2020-06-07	0	0	3473727	77.91
2020-06-08	0	0	3473727	77.91
2020-06-09	1	0	3473727	77.91
2020-06-10	1	0	3473727	77.91
2020-06-11	0	0	3473727	77.91
2020-06-12	0	0	3473727	77.91
2020-06-13	0	0	3473727	77.91
2020-06-14	1	0	3473727	77.91
2020-06-15	0	0	3473727	77.91
2020-06-16	1	1	3473727	77.91
2020-06-17	0	0	3473727	77.91
2020-06-18	1	0	3473727	77.91
2020-06-19	3	0	3473727	77.91
2020-06-20	6	1	3473727	77.91
2020-06-21	17	0	3473727	77.91
2020-06-22	6	0	3473727	77.91
2020-06-23	3	0	3473727	77.91
2020-06-24	17	1	3473727	77.91
2020-06-25	5	0	3473727	77.91
2020-06-26	12	0	3473727	77.91
2020-06-27	5	0	3473727	77.91
2020-06-28	5	1	3473727	77.91
2020-06-29	3	0	3473727	77.91
2020-06-30	4	0	3473727	77.91
2020-07-01	7	1	3473727	77.91
2020-07-02	4	0	3473727	77.91
2020-07-03	5	0	3473727	77.91
2020-07-04	3	0	3473727	77.91
2020-07-05	1	0	3473727	77.91
2020-07-06	4	1	3473727	77.91
2020-07-07	5	0	3473727	77.91
2020-07-08	9	0	3473727	77.91
2020-07-09	3	0	3473727	77.91
2020-07-10	8	0	3473727	77.91
2020-07-11	1	1	3473727	77.91
2020-07-12	1	1	3473727	77.91
2020-07-13	2	0	3473727	77.91
2020-07-14	8	0	3473727	77.91
2020-07-15	12	0	3473727	77.91
2020-07-16	17	1	3473727	77.91
2020-07-17	11	0	3473727	77.91
2020-07-18	7	1	3473727	77.91
2020-07-19	10	0	3473727	77.91
2020-07-20	10	0	3473727	77.91
2020-07-21	32	0	3473727	77.91
2020-07-22	21	1	3473727	77.91
2020-07-23	24	0	3473727	77.91
2020-07-24	25	0	3473727	77.91
2020-07-25	8	0	3473727	77.91
2020-07-26	18	0	3473727	77.91
2020-07-27	10	1	3473727	77.91
2020-07-28	16	0	3473727	77.91
2020-07-29	19	0	3473727	77.91
2020-07-30	6	0	3473727	77.91
2020-07-31	21	0	3473727	77.91
2020-08-01	14	0	3473727	77.91
2020-08-02	8	1	3473727	77.91
2020-08-03	5	0	3473727	77.91
2020-08-04	9	1	3473727	77.91
2020-08-05	9	0	3473727	77.91
2020-08-06	9	0	3473727	77.91
2020-08-07	7	0	3473727	77.91
2020-08-08	10	0	3473727	77.91
2020-08-09	18	0	3473727	77.91
2020-08-10	11	0	3473727	77.91
2020-08-11	21	0	3473727	77.91
2020-08-12	8	0	3473727	77.91
2020-08-13	16	0	3473727	77.91
2020-08-14	12	1	3473727	77.91
2020-08-15	13	0	3473727	77.91
2020-08-16	6	0	3473727	77.91
2020-08-17	17	2	3473727	77.91
2020-08-18	28	0	3473727	77.91
2020-08-19	8	0	3473727	77.91
2020-08-20	13	1	3473727	77.91
2020-08-21	10	1	3473727	77.91
2020-08-22	5	0	3473727	77.91
2020-08-23	6	0	3473727	77.91
2020-08-24	6	0	3473727	77.91
2020-08-25	3	1	3473727	77.91
2020-08-26	7	0	3473727	77.91
2020-08-27	8	0	3473727	77.91
2020-08-28	5	0	3473727	77.91
2020-08-29	14	1	3473727	77.91
2020-08-30	15	0	3473727	77.91
2020-08-31	10	0	3473727	77.91
2020-09-01	16	0	3473727	77.91
2020-09-02	15	0	3473727	77.91
2020-09-03	10	0	3473727	77.91
2020-09-04	17	1	3473727	77.91
2020-09-05	16	0	3473727	77.91
2020-09-06	10	0	3473727	77.91
2020-09-07	14	0	3473727	77.91
2020-09-08	19	0	3473727	77.91
2020-09-09	29	0	3473727	77.91
2020-09-10	18	0	3473727	77.91
2020-09-11	14	0	3473727	77.91
2020-09-12	7	0	3473727	77.91
2020-09-13	28	0	3473727	77.91
2020-09-14	4	0	3473727	77.91
2020-09-15	15	0	3473727	77.91
2020-09-16	29	0	3473727	77.91
2020-09-17	20	1	3473727	77.91
2020-09-18	14	0	3473727	77.91
2020-09-19	14	0	3473727	77.91
2020-09-20	13	0	3473727	77.91
2020-09-21	10	0	3473727	77.91
2020-09-22	7	0	3473727	77.91
2020-09-23	12	1	3473727	77.91
2020-09-24	13	0	3473727	77.91
2020-09-25	8	0	3473727	77.91
2020-09-26	31	0	3473727	77.91
2020-09-27	10	0	3473727	77.91
2020-09-28	2	0	3473727	77.91
2020-09-29	23	1	3473727	77.91
2020-09-30	13	0	3473727	77.91
2020-10-01	15	0	3473727	77.91
2020-10-02	36	0	3473727	77.91
2020-10-03	25	0	3473727	77.91
2020-10-04	23	0	3473727	77.91
2020-10-05	10	0	3473727	77.91
2020-10-06	22	1	3473727	77.91
2020-10-07	29	0	3473727	77.91
2020-10-08	20	0	3473727	77.91
2020-10-09	25	0	3473727	77.91
2020-10-10	17	1	3473727	77.91
2020-10-11	26	0	3473727	77.91
2020-10-12	19	1	3473727	77.91
2020-10-13	24	0	3473727	77.91
2020-10-14	51	0	3473727	77.91
2020-10-15	29	0	3473727	77.91
2020-10-16	33	0	3473727	77.91
2020-10-17	51	0	3473727	77.91
2020-10-18	30	0	3473727	77.91
2020-10-19	29	0	3473727	77.91
2020-10-20	63	1	3473727	77.91
2020-10-21	40	1	3473727	77.91
2020-10-22	38	0	3473727	77.91
2020-10-23	58	0	3473727	77.91
2020-10-24	48	0	3473727	77.91
2020-10-25	44	0	3473727	77.91
2020-10-26	21	1	3473727	77.91
2020-10-27	44	0	3473727	77.91
2020-10-28	65	1	3473727	77.91
2020-10-29	63	2	3473727	77.91
2020-10-30	38	1	3473727	77.91
2020-10-31	42	0	3473727	77.91
2020-11-01	25	1	3473727	77.91
2020-11-02	16	1	3473727	77.91
2020-11-03	31	1	3473727	77.91
2020-11-04	49	0	3473727	77.91
2020-11-05	64	0	3473727	77.91
2020-11-06	61	0	3473727	77.91
2020-11-07	71	0	3473727	77.91
2020-11-08	73	1	3473727	77.91
2020-11-09	46	0	3473727	77.91
2020-11-10	60	0	3473727	77.91
2020-11-11	80	1	3473727	77.91
2020-11-12	95	0	3473727	77.91
2020-11-13	88	1	3473727	77.91
2020-11-14	74	0	3473727	77.91
2020-11-15	73	1	3473727	77.91
2020-11-16	74	2	3473727	77.91
2020-11-17	104	1	3473727	77.91
2020-11-18	88	0	3473727	77.91
2020-11-19	81	1	3473727	77.91
2020-11-20	100	0	3473727	77.91
2020-11-21	87	0	3473727	77.91
2020-11-22	135	2	3473727	77.91
2020-11-23	64	0	3473727	77.91
2020-11-24	107	1	3473727	77.91
2020-11-25	118	1	3473727	77.91
2020-11-26	129	1	3473727	77.91
2020-11-27	186	0	3473727	77.91
2020-11-28	208	1	3473727	77.91
2020-11-29	205	1	3473727	77.91
2020-11-30	141	1	3473727	77.91
2020-12-01	167	1	3473727	77.91
2020-12-02	201	2	3473727	77.91
2020-12-03	230	0	3473727	77.91
2020-12-04	276	0	3473727	77.91
2020-12-05	234	1	3473727	77.91
2020-12-06	338	1	3473727	77.91
2020-12-07	202	1	3473727	77.91
2020-12-08	301	3	3473727	77.91
2020-12-09	298	1	3473727	77.91
2020-12-10	383	3	3473727	77.91
2020-12-11	362	0	3473727	77.91
2020-12-12	331	1	3473727	77.91
2020-12-13	528	1	3473727	77.91
2020-12-14	321	3	3473727	77.91
2020-12-15	389	3	3473727	77.91
2020-12-16	475	4	3473727	77.91
2020-12-17	543	3	3473727	77.91
2020-12-18	514	4	3473727	77.91
2020-12-19	607	5	3473727	77.91
2020-12-20	491	5	3473727	77.91
2020-12-21	429	0	3473727	77.91
2020-12-22	524	1	3473727	77.91
2020-12-23	709	8	3473727	77.91
2020-12-24	747	7	3473727	77.91
2020-12-25	391	8	3473727	77.91
2020-12-26	370	4	3473727	77.91
2020-12-27	510	11	3473727	77.91
2020-12-28	578	2	3473727	77.91
2020-12-29	656	8	3473727	77.91
2020-12-30	518	6	3473727	77.91
2020-12-31	639	7	3473727	77.91
2021-01-01	634	12	3473727	77.91
2021-01-02	522	8	3473727	77.91
2021-01-03	548	3	3473727	77.91
2021-01-04	603	7	3473727	77.91
2021-01-05	678	6	3473727	77.91
2021-01-06	944	4	3473727	77.91
2021-01-07	759	10	3473727	77.91
2021-01-08	532	9	3473727	77.91
2021-01-09	635	8	3473727	77.91
2021-01-10	1212	8	3473727	77.91
2021-01-11	715	6	3473727	77.91
2021-01-12	945	7	3473727	77.91
2021-01-13	629	6	3473727	77.91
2021-01-14	1514	5	3473727	77.91
2021-01-15	957	11	3473727	77.91
2021-01-16	723	7	3473727	77.91
2021-01-17	709	13	3473727	77.91
2021-01-18	485	8	3473727	77.91
2021-01-19	583	11	3473727	77.91
2021-01-20	848	6	3473727	77.91
2021-01-21	698	11	3473727	77.91
2021-01-22	1178	17	3473727	77.91
2021-01-23	797	3	3473727	77.91
2021-01-24	666	9	3473727	77.91
2021-01-25	408	14	3473727	77.91
2021-01-26	639	11	3473727	77.91
2021-01-27	648	6	3473727	77.91
2021-01-28	559	8	3473727	77.91
2021-01-29	642	10	3473727	77.91
2021-01-30	652	6	3473727	77.91
2021-01-31	557	5	3473727	77.91
2021-02-01	390	8	3473727	77.91
2021-02-02	539	9	3473727	77.91
2021-02-03	548	11	3473727	77.91
2021-02-04	589	12	3473727	77.91
2021-02-05	499	2	3473727	77.91
2021-02-06	509	3	3473727	77.91
2021-02-07	499	9	3473727	77.91
2021-02-08	339	7	3473727	77.91
2021-02-09	503	9	3473727	77.91
2021-02-10	625	10	3473727	77.91
2021-02-11	476	8	3473727	77.91
2021-02-12	574	3	3473727	77.91
2021-02-13	631	6	3473727	77.91
2021-02-14	450	2	3473727	77.91
2021-02-15	451	6	3473727	77.91
2021-02-16	365	5	3473727	77.91
2021-02-17	483	7	3473727	77.91
2021-02-18	544	5	3473727	77.91
2021-02-19	625	5	3473727	77.91
2021-02-20	786	6	3473727	77.91
2021-02-21	652	5	3473727	77.91
2021-02-22	495	9	3473727	77.91
2021-02-23	663	5	3473727	77.91
2021-02-24	901	3	3473727	77.91
2021-02-25	821	4	3473727	77.91
2021-02-26	847	6	3473727	77.91
2021-02-27	820	2	3473727	77.91
2021-02-28	632	5	3473727	77.91
2021-03-01	595	3	3473727	77.91
2021-03-02	582	6	3473727	77.91
2021-03-03	903	7	3473727	77.91
2021-03-04	871	7	3473727	77.91
2021-03-05	984	6	3473727	77.91
2021-03-06	1081	8	3473727	77.91
2021-03-07	827	6	3473727	77.91
2021-03-08	863	7	3473727	77.91
2021-03-09	827	8	3473727	77.91
2021-03-10	957	12	3473727	77.91
2021-03-11	1233	5	3473727	77.91
2021-03-12	1357	6	3473727	77.91
2021-03-13	1059	9	3473727	77.91
2021-03-14	1558	14	3473727	77.91
2021-03-15	1171	5	3473727	77.91
2021-03-16	908	8	3473727	77.91
2021-03-17	1368	15	3473727	77.91
2021-03-18	1678	9	3473727	77.91
2021-03-19	1585	11	3473727	77.91
2021-03-20	1522	16	3473727	77.91
2021-03-21	1614	16	3473727	77.91
