2020-03-15	1	0	33469199	71.72
2020-03-16	5	0	33469199	71.72
2020-03-17	4	0	33469199	71.72
2020-03-18	5	0	33469199	71.72
2020-03-19	8	0	33469199	71.72
2020-03-20	10	0	33469199	71.72
2020-03-21	10	0	33469199	71.72
2020-03-22	0	0	33469199	71.72
2020-03-23	3	0	33469199	71.72
2020-03-24	4	0	33469199	71.72
2020-03-25	10	0	33469199	71.72
2020-03-26	15	0	33469199	71.72
2020-03-27	13	1	33469199	71.72
2020-03-28	16	1	33469199	71.72
2020-03-29	40	0	33469199	71.72
2020-03-30	5	0	33469199	71.72
2020-03-31	23	0	33469199	71.72
2020-04-01	9	0	33469199	71.72
2020-04-02	24	0	33469199	71.72
2020-04-03	22	0	33469199	71.72
2020-04-04	39	0	33469199	71.72
2020-04-05	76	0	33469199	71.72
2020-04-06	115	0	33469199	71.72
2020-04-07	63	0	33469199	71.72
2020-04-08	25	1	33469199	71.72
2020-04-09	37	0	33469199	71.72
2020-04-10	42	0	33469199	71.72
2020-04-11	143	1	33469199	71.72
2020-04-12	98	0	33469199	71.72
2020-04-13	133	0	33469199	71.72
2020-04-14	167	0	33469199	71.72
2020-04-15	137	0	33469199	71.72
2020-04-16	47	0	33469199	71.72
2020-04-17	56	0	33469199	71.72
2020-04-18	85	1	33469199	71.72
2020-04-19	75	0	33469199	71.72
2020-04-20	62	0	33469199	71.72
2020-04-21	51	1	33469199	71.72
2020-04-22	38	1	33469199	71.72
2020-04-23	42	0	33469199	71.72
2020-04-24	46	1	33469199	71.72
2020-04-25	58	0	33469199	71.72
2020-04-26	7	0	33469199	71.72
2020-04-27	35	0	33469199	71.72
2020-04-28	35	0	33469199	71.72
2020-04-29	63	1	33469199	71.72
2020-04-30	37	0	33469199	71.72
2020-05-01	47	0	33469199	71.72
2020-05-02	32	0	33469199	71.72
2020-05-03	31	1	33469199	71.72
2020-05-04	40	0	33469199	71.72
2020-05-05	18	0	33469199	71.72
2020-05-06	26	0	33469199	71.72
2020-05-07	65	0	33469199	71.72
2020-05-08	27	0	33469199	71.72
2020-05-09	24	0	33469199	71.72
2020-05-10	69	0	33469199	71.72
2020-05-11	68	0	33469199	71.72
2020-05-12	33	0	33469199	71.72
2020-05-13	93	1	33469199	71.72
2020-05-14	33	0	33469199	71.72
2020-05-15	41	0	33469199	71.72
2020-05-16	52	0	33469199	71.72
2020-05-17	15	1	33469199	71.72
2020-05-18	38	1	33469199	71.72
2020-05-19	64	0	33469199	71.72
2020-05-20	84	0	33469199	71.72
2020-05-21	25	0	33469199	71.72
2020-05-22	64	0	33469199	71.72
2020-05-23	87	0	33469199	71.72
2020-05-24	49	0	33469199	71.72
2020-05-25	25	0	33469199	71.72
2020-05-26	101	1	33469199	71.72
2020-05-27	79	0	33469199	71.72
2020-05-28	75	0	33469199	71.72
2020-05-29	24	0	33469199	71.72
2020-05-30	78	0	33469199	71.72
2020-05-31	77	1	33469199	71.72
2020-06-01	79	0	33469199	71.72
2020-06-02	58	0	33469199	71.72
2020-06-03	83	1	33469199	71.72
2020-06-04	96	0	33469199	71.72
2020-06-05	68	0	33469199	71.72
2020-06-06	87	1	33469199	71.72
2020-06-07	237	0	33469199	71.72
2020-06-08	109	1	33469199	71.72
2020-06-09	80	0	33469199	71.72
2020-06-10	103	1	33469199	71.72
2020-06-11	118	0	33469199	71.72
2020-06-12	128	0	33469199	71.72
2020-06-13	97	0	33469199	71.72
2020-06-14	114	0	33469199	71.72
2020-06-15	183	0	33469199	71.72
2020-06-16	230	0	33469199	71.72
2020-06-17	189	0	33469199	71.72
2020-06-18	85	0	33469199	71.72
2020-06-19	179	0	33469199	71.72
2020-06-20	207	0	33469199	71.72
2020-06-21	162	0	33469199	71.72
2020-06-22	146	0	33469199	71.72
2020-06-23	201	0	33469199	71.72
2020-06-24	328	0	33469199	71.72
2020-06-25	187	1	33469199	71.72
2020-06-26	250	0	33469199	71.72
2020-06-27	255	0	33469199	71.72
2020-06-28	266	2	33469199	71.72
2020-06-29	274	1	33469199	71.72
2020-06-30	281	3	33469199	71.72
2020-07-01	278	0	33469199	71.72
2020-07-02	297	1	33469199	71.72
2020-07-03	318	2	33469199	71.72
2020-07-04	312	2	33469199	71.72
2020-07-05	312	3	33469199	71.72
2020-07-06	342	3	33469199	71.72
2020-07-07	476	4	33469199	71.72
2020-07-08	254	4	33469199	71.72
2020-07-09	472	6	33469199	71.72
2020-07-10	463	3	33469199	71.72
2020-07-11	486	3	33469199	71.72
2020-07-12	484	3	33469199	71.72
2020-07-13	594	4	33469199	71.72
2020-07-14	494	3	33469199	71.72
2020-07-15	496	4	33469199	71.72
2020-07-16	485	4	33469199	71.72
2020-07-17	541	4	33469199	71.72
2020-07-18	579	4	33469199	71.72
2020-07-19	566	4	33469199	71.72
2020-07-20	397	3	33469199	71.72
2020-07-21	732	5	33469199	71.72
2020-07-22	498	3	33469199	71.72
2020-07-23	607	5	33469199	71.72
2020-07-24	374	3	33469199	71.72
2020-07-25	592	5	33469199	71.72
2020-07-26	579	5	33469199	71.72
2020-07-27	678	5	33469199	71.72
2020-07-28	490	3	33469199	71.72
2020-07-29	886	7	33469199	71.72
2020-07-30	686	5	33469199	71.72
2020-07-31	738	5	33469199	71.72
2020-08-01	774	6	33469199	71.72
2020-08-02	553	4	33469199	71.72
2020-08-03	730	6	33469199	71.72
2020-08-04	981	8	33469199	71.72
2020-08-05	746	6	33469199	71.72
2020-08-06	522	4	33469199	71.72
2020-08-07	742	6	33469199	71.72
2020-08-08	595	6	33469199	71.72
2020-08-09	957	7	33469199	71.72
2020-08-10	695	6	33469199	71.72
2020-08-11	443	4	33469199	71.72
2020-08-12	907	7	33469199	71.72
2020-08-13	669	5	33469199	71.72
2020-08-14	498	4	33469199	71.72
2020-08-15	707	5	33469199	71.72
2020-08-16	801	7	33469199	71.72
2020-08-17	373	4	33469199	71.72
2020-08-18	650	6	33469199	71.72
2020-08-19	760	6	33469199	71.72
2020-08-20	435	4	33469199	71.72
2020-08-21	527	8	33469199	71.72
2020-08-22	458	7	33469199	71.72
2020-08-23	414	6	33469199	71.72
2020-08-24	402	7	33469199	71.72
2020-08-25	293	4	33469199	71.72
2020-08-26	323	7	33469199	71.72
2020-08-27	483	7	33469199	71.72
2020-08-28	273	4	33469199	71.72
2020-08-29	347	5	33469199	71.72
2020-08-30	357	6	33469199	71.72
2020-08-31	469	7	33469199	71.72
2020-09-01	234	3	33469199	71.72
2020-09-02	310	4	33469199	71.72
2020-09-03	251	4	33469199	71.72
2020-09-04	310	7	33469199	71.72
2020-09-05	295	5	33469199	71.72
2020-09-06	294	4	33469199	71.72
2020-09-07	306	5	33469199	71.72
2020-09-08	388	6	33469199	71.72
2020-09-09	649	8	33469199	71.72
2020-09-10	543	4	33469199	71.72
2020-09-11	687	7	33469199	71.72
2020-09-12	561	7	33469199	71.72
2020-09-13	566	6	33469199	71.72
2020-09-14	549	6	33469199	71.72
2020-09-15	593	6	33469199	71.72
2020-09-16	586	5	33469199	71.72
2020-09-17	612	6	33469199	71.72
2020-09-18	626	6	33469199	71.72
2020-09-19	739	8	33469199	71.72
2020-09-20	648	6	33469199	71.72
2020-09-21	430	4	33469199	71.72
2020-09-22	615	5	33469199	71.72
2020-09-23	590	2	33469199	71.72
2020-09-24	559	2	33469199	71.72
2020-09-25	558	3	33469199	71.72
2020-09-26	427	3	33469199	71.72
2020-09-27	501	6	33469199	71.72
2020-09-28	456	2	33469199	71.72
2020-09-29	578	6	33469199	71.72
2020-09-30	363	4	33469199	71.72
2020-10-01	473	1	33469199	71.72
2020-10-02	264	1	33469199	71.72
2020-10-03	784	5	33469199	71.72
2020-10-04	374	3	33469199	71.72
2020-10-05	334	5	33469199	71.72
2020-10-06	397	4	33469199	71.72
2020-10-07	236	2	33469199	71.72
2020-10-08	447	5	33469199	71.72
2020-10-09	316	2	33469199	71.72
2020-10-10	434	4	33469199	71.72
2020-10-11	322	3	33469199	71.72
2020-10-12	221	4	33469199	71.72
2020-10-13	323	2	33469199	71.72
2020-10-14	308	3	33469199	71.72
2020-10-15	328	4	33469199	71.72
2020-10-16	310	2	33469199	71.72
2020-10-17	221	2	33469199	71.72
2020-10-18	315	3	33469199	71.72
2020-10-19	399	6	33469199	71.72
2020-10-20	308	3	33469199	71.72
2020-10-21	179	0	33469199	71.72
2020-10-22	429	6	33469199	71.72
2020-10-23	285	2	33469199	71.72
2020-10-24	199	2	33469199	71.72
2020-10-25	384	5	33469199	71.72
2020-10-26	360	3	33469199	71.72
2020-10-27	214	4	33469199	71.72
2020-10-28	260	2	33469199	71.72
2020-10-29	251	3	33469199	71.72
2020-10-30	236	2	33469199	71.72
2020-10-31	304	3	33469199	71.72
2020-11-01	224	4	33469199	71.72
2020-11-02	98	1	33469199	71.72
2020-11-03	299	3	33469199	71.72
2020-11-04	226	3	33469199	71.72
2020-11-05	230	2	33469199	71.72
2020-11-06	130	0	33469199	71.72
2020-11-07	228	2	33469199	71.72
2020-11-08	363	4	33469199	71.72
2020-11-09	297	3	33469199	71.72
2020-11-10	0	0	33469199	71.72
2020-11-11	370	3	33469199	71.72
2020-11-12	163	2	33469199	71.72
2020-11-13	194	1	33469199	71.72
2020-11-14	233	0	33469199	71.72
2020-11-15	256	4	33469199	71.72
2020-11-16	138	0	33469199	71.72
2020-11-17	267	1	33469199	71.72
2020-11-18	210	2	33469199	71.72
2020-11-19	63	0	33469199	71.72
2020-11-20	287	2	33469199	71.72
2020-11-21	223	0	33469199	71.72
2020-11-22	186	0	33469199	71.72
2020-11-23	157	1	33469199	71.72
2020-11-24	211	0	33469199	71.72
2020-11-25	242	2	33469199	71.72
2020-11-26	182	1	33469199	71.72
2020-11-27	104	0	33469199	71.72
2020-11-28	205	1	33469199	71.72
2020-11-29	152	0	33469199	71.72
2020-11-30	224	2	33469199	71.72
2020-12-01	182	1	33469199	71.72
2020-12-02	59	0	33469199	71.72
2020-12-03	96	0	33469199	71.72
2020-12-04	320	0	33469199	71.72
2020-12-05	0	0	33469199	71.72
2020-12-06	302	0	33469199	71.72
2020-12-07	0	0	33469199	71.72
2020-12-08	153	0	33469199	71.72
2020-12-09	146	0	33469199	71.72
2020-12-10	146	0	33469199	71.72
2020-12-11	313	1	33469199	71.72
2020-12-12	0	0	33469199	71.72
2020-12-13	145	0	33469199	71.72
2020-12-14	138	0	33469199	71.72
2020-12-15	147	0	33469199	71.72
2020-12-16	297	0	33469199	71.72
2020-12-17	0	0	33469199	71.72
2020-12-18	137	0	33469199	71.72
2020-12-19	131	0	33469199	71.72
2020-12-20	127	0	33469199	71.72
2020-12-21	115	0	33469199	71.72
2020-12-22	132	0	33469199	71.72
2020-12-23	135	0	33469199	71.72
2020-12-24	141	0	33469199	71.72
2020-12-25	112	0	33469199	71.72
2020-12-26	98	0	33469199	71.72
2020-12-27	85	1	33469199	71.72
2020-12-28	81	0	33469199	71.72
2020-12-29	75	0	33469199	71.72
2020-12-30	78	1	33469199	71.72
2020-12-31	75	0	33469199	71.72
2021-01-01	122	0	33469199	71.72
2021-01-02	0	0	33469199	71.72
2021-01-03	76	0	33469199	71.72
2021-01-04	0	0	33469199	71.72
2021-01-05	37	0	33469199	71.72
2021-01-06	55	1	33469199	71.72
2021-01-07	62	0	33469199	71.72
2021-01-08	73	1	33469199	71.72
2021-01-09	45	0	33469199	71.72
2021-01-10	42	1	33469199	71.72
2021-01-11	39	0	33469199	71.72
2021-01-12	52	0	33469199	71.72
2021-01-13	53	1	33469199	71.72
2021-01-14	61	0	33469199	71.72
2021-01-15	127	1	33469199	71.72
2021-01-16	64	0	33469199	71.72
2021-01-17	0	0	33469199	71.72
2021-01-18	68	0	33469199	71.72
2021-01-19	55	1	33469199	71.72
2021-01-20	72	0	33469199	71.72
2021-01-21	56	0	33469199	71.72
2021-01-22	53	0	33469199	71.72
2021-01-23	45	1	33469199	71.72
2021-01-24	58	0	33469199	71.72
2021-01-25	54	0	33469199	71.72
2021-01-26	42	0	33469199	71.72
2021-01-27	39	0	33469199	71.72
2021-01-28	46	0	33469199	71.72
2021-01-29	46	0	33469199	71.72
2021-01-30	109	0	33469199	71.72
2021-01-31	0	0	33469199	71.72
2021-02-01	44	0	33469199	71.72
2021-02-02	46	0	33469199	71.72
2021-02-03	58	0	33469199	71.72
2021-02-04	57	0	33469199	71.72
2021-02-05	73	0	33469199	71.72
2021-02-06	56	0	33469199	71.72
2021-02-07	53	0	33469199	71.72
2021-02-08	64	0	33469199	71.72
2021-02-09	42	0	33469199	71.72
2021-02-10	33	0	33469199	71.72
2021-02-11	66	1	33469199	71.72
2021-02-12	37	0	33469199	71.72
2021-02-13	41	0	33469199	71.72
2021-02-14	35	0	33469199	71.72
2021-02-15	26	0	33469199	71.72
2021-02-16	19	0	33469199	71.72
2021-02-17	36	0	33469199	71.72
2021-02-18	51	0	33469199	71.72
2021-02-19	50	0	33469199	71.72
2021-02-20	34	0	33469199	71.72
2021-02-21	22	0	33469199	71.72
2021-02-22	27	0	33469199	71.72
2021-02-23	36	0	33469199	71.72
2021-02-24	32	0	33469199	71.72
2021-02-25	24	0	33469199	71.72
2021-02-26	31	0	33469199	71.72
2021-02-27	32	0	33469199	71.72
2021-02-28	90	0	33469199	71.72
2021-03-01	0	0	33469199	71.72
2021-03-02	35	0	33469199	71.72
2021-03-03	74	0	33469199	71.72
2021-03-04	0	0	33469199	71.72
2021-03-05	46	0	33469199	71.72
2021-03-06	44	0	33469199	71.72
2021-03-07	51	0	33469199	71.72
2021-03-08	43	0	33469199	71.72
2021-03-09	28	0	33469199	71.72
2021-03-10	21	0	33469199	71.72
2021-03-11	124	0	33469199	71.72
2021-03-12	0	0	33469199	71.72
2021-03-13	89	0	33469199	71.72
2021-03-14	86	0	33469199	71.72
2021-03-15	111	0	33469199	71.72
2021-03-16	65	0	33469199	71.72
2021-03-17	115	0	33469199	71.72
2021-03-18	113	0	33469199	71.72
2021-03-19	124	0	33469199	71.72
2021-03-20	244	0	33469199	71.72
2021-03-21	0	0	33469199	71.72
