2020-04-10	1	0	29825968	66.12
2020-04-11	0	0	29825968	66.12
2020-04-12	0	0	29825968	66.12
2020-04-13	0	0	29825968	66.12
2020-04-14	0	0	29825968	66.12
2020-04-15	0	0	29825968	66.12
2020-04-16	0	0	29825968	66.12
2020-04-17	0	0	29825968	66.12
2020-04-18	0	0	29825968	66.12
2020-04-19	0	0	29825968	66.12
2020-04-20	0	0	29825968	66.12
2020-04-21	0	0	29825968	66.12
2020-04-22	0	0	29825968	66.12
2020-04-23	0	0	29825968	66.12
2020-04-24	0	0	29825968	66.12
2020-04-25	0	0	29825968	66.12
2020-04-26	0	0	29825968	66.12
2020-04-27	0	0	29825968	66.12
2020-04-28	0	0	29825968	66.12
2020-04-29	5	0	29825968	66.12
2020-04-30	0	2	29825968	66.12
2020-05-01	1	0	29825968	66.12
2020-05-02	3	0	29825968	66.12
2020-05-03	0	0	29825968	66.12
2020-05-04	2	0	29825968	66.12
2020-05-05	9	1	29825968	66.12
2020-05-06	4	2	29825968	66.12
2020-05-07	0	0	29825968	66.12
2020-05-08	9	0	29825968	66.12
2020-05-09	0	2	29825968	66.12
2020-05-10	17	1	29825968	66.12
2020-05-11	5	1	29825968	66.12
2020-05-12	9	1	29825968	66.12
2020-05-13	5	2	29825968	66.12
2020-05-14	15	0	29825968	66.12
2020-05-15	21	3	29825968	66.12
2020-05-16	16	3	29825968	66.12
2020-05-17	6	2	29825968	66.12
2020-05-18	2	0	29825968	66.12
2020-05-19	37	8	29825968	66.12
2020-05-20	13	1	29825968	66.12
2020-05-21	13	4	29825968	66.12
2020-05-22	12	0	29825968	66.12
2020-05-23	7	6	29825968	66.12
2020-05-24	10	3	29825968	66.12
2020-05-25	11	2	29825968	66.12
2020-05-26	16	5	29825968	66.12
2020-05-27	6	4	29825968	66.12
2020-05-28	23	4	29825968	66.12
2020-05-29	5	8	29825968	66.12
2020-05-30	27	12	29825968	66.12
2020-05-31	13	3	29825968	66.12
2020-06-01	31	4	29825968	66.12
2020-06-02	45	3	29825968	66.12
2020-06-03	20	8	29825968	66.12
2020-06-04	34	8	29825968	66.12
2020-06-05	16	8	29825968	66.12
2020-06-06	13	0	29825968	66.12
2020-06-07	2	1	29825968	66.12
2020-06-08	12	0	29825968	66.12
2020-06-09	28	15	29825968	66.12
2020-06-10	36	2	29825968	66.12
2020-06-11	31	7	29825968	66.12
2020-06-12	41	3	29825968	66.12
2020-06-13	73	21	29825968	66.12
2020-06-14	23	4	29825968	66.12
2020-06-15	116	44	29825968	66.12
2020-06-16	41	6	29825968	66.12
2020-06-17	17	30	29825968	66.12
2020-06-18	7	4	29825968	66.12
2020-06-19	10	3	29825968	66.12
2020-06-20	3	3	29825968	66.12
2020-06-21	19	2	29825968	66.12
2020-06-22	26	1	29825968	66.12
2020-06-23	25	4	29825968	66.12
2020-06-24	23	13	29825968	66.12
2020-06-25	61	14	29825968	66.12
2020-06-26	13	5	29825968	66.12
2020-06-27	14	3	29825968	66.12
2020-06-28	15	6	29825968	66.12
2020-06-29	10	2	29825968	66.12
2020-06-30	30	8	29825968	66.12
2020-07-01	32	6	29825968	66.12
2020-07-02	31	7	29825968	66.12
2020-07-03	19	10	29825968	66.12
2020-07-04	8	2	29825968	66.12
2020-07-05	17	1	29825968	66.12
2020-07-06	25	7	29825968	66.12
2020-07-07	7	3	29825968	66.12
2020-07-08	21	3	29825968	66.12
2020-07-09	38	10	29825968	66.12
2020-07-10	24	3	29825968	66.12
2020-07-11	9	1	29825968	66.12
2020-07-12	76	52	29825968	66.12
2020-07-13	33	7	29825968	66.12
2020-07-14	18	5	29825968	66.12
2020-07-15	10	4	29825968	66.12
2020-07-16	26	5	29825968	66.12
2020-07-17	24	2	29825968	66.12
2020-07-18	5	3	29825968	66.12
2020-07-19	25	2	29825968	66.12
2020-07-20	13	2	29825968	66.12
2020-07-21	10	9	29825968	66.12
2020-07-22	11	2	29825968	66.12
2020-07-23	14	3	29825968	66.12
2020-07-24	20	8	29825968	66.12
2020-07-25	0	5	29825968	66.12
2020-07-26	7	5	29825968	66.12
2020-07-27	10	4	29825968	66.12
2020-07-28	12	1	29825968	66.12
2020-07-29	8	1	29825968	66.12
2020-07-30	15	2	29825968	66.12
2020-07-31	2	6	29825968	66.12
2020-08-01	2	1	29825968	66.12
2020-08-02	4	3	29825968	66.12
2020-08-03	0	2	29825968	66.12
2020-08-04	26	7	29825968	66.12
2020-08-05	3	2	29825968	66.12
2020-08-06	5	0	29825968	66.12
2020-08-07	28	4	29825968	66.12
2020-08-08	1	0	29825968	66.12
2020-08-09	7	3	29825968	66.12
2020-08-10	28	3	29825968	66.12
2020-08-11	-1	5	29825968	66.12
2020-08-12	10	5	29825968	66.12
2020-08-13	6	0	29825968	66.12
2020-08-14	11	0	29825968	66.12
2020-08-15	0	0	29825968	66.12
2020-08-16	11	2	29825968	66.12
2020-08-17	0	5	29825968	66.12
2020-08-18	20	2	29825968	66.12
2020-08-19	3	2	29825968	66.12
2020-08-20	7	2	29825968	66.12
2020-08-21	7	1	29825968	66.12
2020-08-22	1	4	29825968	66.12
2020-08-23	4	7	29825968	66.12
2020-08-24	5	2	29825968	66.12
2020-08-25	8	2	29825968	66.12
2020-08-26	6	3	29825968	66.12
2020-08-27	3	2	29825968	66.12
2020-08-28	10	1	29825968	66.12
2020-08-29	3	0	29825968	66.12
2020-08-30	7	1	29825968	66.12
2020-08-31	5	2	29825968	66.12
2020-09-01	4	4	29825968	66.12
2020-09-02	14	1	29825968	66.12
2020-09-03	3	0	29825968	66.12
2020-09-04	4	1	29825968	66.12
2020-09-05	0	0	29825968	66.12
2020-09-06	4	0	29825968	66.12
2020-09-07	2	1	29825968	66.12
2020-09-08	5	3	29825968	66.12
2020-09-09	5	0	29825968	66.12
2020-09-10	4	4	29825968	66.12
2020-09-11	4	2	29825968	66.12
2020-09-12	2	0	29825968	66.12
2020-09-13	2	1	29825968	66.12
2020-09-14	2	0	29825968	66.12
2020-09-15	3	0	29825968	66.12
2020-09-16	3	0	29825968	66.12
2020-09-17	3	2	29825968	66.12
2020-09-18	2	0	29825968	66.12
2020-09-19	2	0	29825968	66.12
2020-09-20	0	1	29825968	66.12
2020-09-21	2	0	29825968	66.12
2020-09-22	0	0	29825968	66.12
2020-09-23	1	0	29825968	66.12
2020-09-24	0	0	29825968	66.12
2020-09-25	0	1	29825968	66.12
2020-09-26	1	0	29825968	66.12
2020-09-27	0	0	29825968	66.12
2020-09-28	1	0	29825968	66.12
2020-09-29	0	0	29825968	66.12
2020-09-30	3	0	29825968	66.12
2020-10-01	5	0	29825968	66.12
2020-10-02	1	2	29825968	66.12
2020-10-03	1	0	29825968	66.12
2020-10-04	0	2	29825968	66.12
2020-10-05	0	1	29825968	66.12
2020-10-06	6	1	29825968	66.12
2020-10-07	2	0	29825968	66.12
2020-10-08	1	0	29825968	66.12
2020-10-09	1	0	29825968	66.12
2020-10-10	0	2	29825968	66.12
2020-10-11	1	0	29825968	66.12
2020-10-12	0	1	29825968	66.12
2020-10-13	1	0	29825968	66.12
2020-10-14	0	0	29825968	66.12
2020-10-15	0	0	29825968	66.12
2020-10-16	2	0	29825968	66.12
2020-10-17	0	0	29825968	66.12
2020-10-18	1	1	29825968	66.12
2020-10-19	0	0	29825968	66.12
2020-10-20	1	0	29825968	66.12
2020-10-21	0	0	29825968	66.12
2020-10-22	0	0	29825968	66.12
2020-10-23	3	2	29825968	66.12
2020-10-24	0	0	29825968	66.12
2020-10-25	0	0	29825968	66.12
2020-10-26	0	0	29825968	66.12
2020-10-27	0	0	29825968	66.12
2020-10-28	1	0	29825968	66.12
2020-10-29	1	0	29825968	66.12
2020-10-30	0	0	29825968	66.12
2020-10-31	1	0	29825968	66.12
2020-11-01	0	1	29825968	66.12
2020-11-02	0	1	29825968	66.12
2020-11-03	0	0	29825968	66.12
2020-11-04	0	0	29825968	66.12
2020-11-05	0	0	29825968	66.12
2020-11-06	0	0	29825968	66.12
2020-11-07	0	0	29825968	66.12
2020-11-08	0	0	29825968	66.12
2020-11-09	0	0	29825968	66.12
2020-11-10	0	0	29825968	66.12
2020-11-11	0	0	29825968	66.12
2020-11-12	5	1	29825968	66.12
2020-11-13	0	0	29825968	66.12
2020-11-14	0	0	29825968	66.12
2020-11-15	0	1	29825968	66.12
2020-11-16	0	0	29825968	66.12
2020-11-17	0	0	29825968	66.12
2020-11-18	0	0	29825968	66.12
2020-11-19	0	1	29825968	66.12
2020-11-20	1	0	29825968	66.12
2020-11-21	0	0	29825968	66.12
2020-11-22	0	0	29825968	66.12
2020-11-23	3	0	29825968	66.12
2020-11-24	1	0	29825968	66.12
2020-11-25	0	0	29825968	66.12
2020-11-26	1	0	29825968	66.12
2020-11-27	0	0	29825968	66.12
2020-11-28	0	0	29825968	66.12
2020-11-29	3	1	29825968	66.12
2020-11-30	0	0	29825968	66.12
2020-12-01	0	0	29825968	66.12
2020-12-02	0	0	29825968	66.12
2020-12-03	0	1	29825968	66.12
2020-12-04	0	0	29825968	66.12
2020-12-05	0	0	29825968	66.12
2020-12-06	1	0	29825968	66.12
2020-12-07	0	0	29825968	66.12
2020-12-08	1	0	29825968	66.12
2020-12-09	0	0	29825968	66.12
2020-12-10	2	0	29825968	66.12
2020-12-11	1	0	29825968	66.12
2020-12-12	1	0	29825968	66.12
2020-12-13	0	0	29825968	66.12
2020-12-14	1	0	29825968	66.12
2020-12-15	1	0	29825968	66.12
2020-12-16	0	0	29825968	66.12
2020-12-17	2	0	29825968	66.12
2020-12-18	0	0	29825968	66.12
2020-12-19	0	0	29825968	66.12
2020-12-20	0	0	29825968	66.12
2020-12-21	0	0	29825968	66.12
2020-12-22	0	0	29825968	66.12
2020-12-23	0	0	29825968	66.12
2020-12-24	5	0	29825968	66.12
2020-12-25	0	0	29825968	66.12
2020-12-26	0	0	29825968	66.12
2020-12-27	2	1	29825968	66.12
2020-12-28	2	1	29825968	66.12
2020-12-29	0	2	29825968	66.12
2020-12-30	1	0	29825968	66.12
2020-12-31	2	0	29825968	66.12
2021-01-01	2	0	29825968	66.12
2021-01-02	0	0	29825968	66.12
2021-01-03	0	0	29825968	66.12
2021-01-04	0	0	29825968	66.12
2021-01-05	0	0	29825968	66.12
2021-01-06	1	0	29825968	66.12
2021-01-07	2	0	29825968	66.12
2021-01-08	0	0	29825968	66.12
2021-01-09	0	0	29825968	66.12
2021-01-10	0	1	29825968	66.12
2021-01-11	1	1	29825968	66.12
2021-01-12	2	0	29825968	66.12
2021-01-13	2	0	29825968	66.12
2021-01-14	1	0	29825968	66.12
2021-01-15	1	0	29825968	66.12
2021-01-16	1	0	29825968	66.12
2021-01-17	0	0	29825968	66.12
2021-01-18	1	0	29825968	66.12
2021-01-19	2	0	29825968	66.12
2021-01-20	0	0	29825968	66.12
2021-01-21	0	2	29825968	66.12
2021-01-22	3	0	29825968	66.12
2021-01-23	0	1	29825968	66.12
2021-01-24	0	0	29825968	66.12
2021-01-25	0	0	29825968	66.12
2021-01-26	1	0	29825968	66.12
2021-01-27	1	0	29825968	66.12
2021-01-28	0	0	29825968	66.12
2021-01-29	0	0	29825968	66.12
2021-01-30	0	0	29825968	66.12
2021-01-31	1	0	29825968	66.12
2021-02-01	1	0	29825968	66.12
2021-02-02	0	0	29825968	66.12
2021-02-03	0	0	29825968	66.12
2021-02-04	0	0	29825968	66.12
2021-02-05	2	0	29825968	66.12
2021-02-06	3	0	29825968	66.12
2021-02-07	0	0	29825968	66.12
2021-02-08	4	0	29825968	66.12
2021-02-09	0	0	29825968	66.12
2021-02-10	2	1	29825968	66.12
2021-02-11	1	0	29825968	66.12
2021-02-12	2	0	29825968	66.12
2021-02-13	0	0	29825968	66.12
2021-02-14	9	1	29825968	66.12
2021-02-15	0	0	29825968	66.12
2021-02-16	3	1	29825968	66.12
2021-02-17	3	0	29825968	66.12
2021-02-18	3	0	29825968	66.12
2021-02-19	3	0	29825968	66.12
2021-02-20	0	0	29825968	66.12
2021-02-21	8	1	29825968	66.12
2021-02-22	11	0	29825968	66.12
2021-02-23	11	1	29825968	66.12
2021-02-24	34	4	29825968	66.12
2021-02-25	34	1	29825968	66.12
2021-02-26	12	2	29825968	66.12
2021-02-27	2	4	29825968	66.12
2021-02-28	16	3	29825968	66.12
2021-03-01	25	0	29825968	66.12
2021-03-02	32	6	29825968	66.12
2021-03-03	21	3	29825968	66.12
2021-03-04	12	2	29825968	66.12
2021-03-05	36	3	29825968	66.12
2021-03-06	33	2	29825968	66.12
2021-03-07	29	1	29825968	66.12
2021-03-08	72	2	29825968	66.12
2021-03-09	41	1	29825968	66.12
2021-03-10	41	7	29825968	66.12
2021-03-11	40	6	29825968	66.12
2021-03-12	62	12	29825968	66.12
2021-03-13	42	4	29825968	66.12
2021-03-14	65	6	29825968	66.12
2021-03-15	72	9	29825968	66.12
2021-03-16	61	9	29825968	66.12
2021-03-17	68	6	29825968	66.12
2021-03-18	89	10	29825968	66.12
2021-03-19	91	10	29825968	66.12
2021-03-20	61	4	29825968	66.12
2021-03-21	140	14	29825968	66.12

