2020-03-18	2	0	18383956	63.89
2020-03-19	0	0	18383956	63.89
2020-03-20	0	0	18383956	63.89
2020-03-21	0	0	18383956	63.89
2020-03-22	1	0	18383956	63.89
2020-03-23	0	0	18383956	63.89
2020-03-24	0	0	18383956	63.89
2020-03-25	9	0	18383956	63.89
2020-03-26	4	0	18383956	63.89
2020-03-27	6	0	18383956	63.89
2020-03-28	6	0	18383956	63.89
2020-03-29	1	0	18383956	63.89
2020-03-30	6	0	18383956	63.89
2020-03-31	0	0	18383956	63.89
2020-04-01	1	0	18383956	63.89
2020-04-02	3	1	18383956	63.89
2020-04-03	0	0	18383956	63.89
2020-04-04	0	0	18383956	63.89
2020-04-05	0	0	18383956	63.89
2020-04-06	0	0	18383956	63.89
2020-04-07	0	0	18383956	63.89
2020-04-08	0	0	18383956	63.89
2020-04-09	0	0	18383956	63.89
2020-04-10	1	1	18383956	63.89
2020-04-11	0	0	18383956	63.89
2020-04-12	3	0	18383956	63.89
2020-04-13	2	0	18383956	63.89
2020-04-14	0	0	18383956	63.89
2020-04-15	3	0	18383956	63.89
2020-04-16	0	0	18383956	63.89
2020-04-17	4	0	18383956	63.89
2020-04-18	5	0	18383956	63.89
2020-04-19	4	1	18383956	63.89
2020-04-20	4	0	18383956	63.89
2020-04-21	5	0	18383956	63.89
2020-04-22	4	0	18383956	63.89
2020-04-23	2	0	18383956	63.89
2020-04-24	8	0	18383956	63.89
2020-04-25	0	0	18383956	63.89
2020-04-26	4	0	18383956	63.89
2020-04-27	0	0	18383956	63.89
2020-04-28	7	0	18383956	63.89
2020-04-29	2	0	18383956	63.89
2020-04-30	9	0	18383956	63.89
2020-05-01	3	0	18383956	63.89
2020-05-02	10	0	18383956	63.89
2020-05-03	5	0	18383956	63.89
2020-05-04	13	0	18383956	63.89
2020-05-05	1	0	18383956	63.89
2020-05-06	8	1	18383956	63.89
2020-05-07	7	0	18383956	63.89
2020-05-08	14	0	18383956	63.89
2020-05-09	85	3	18383956	63.89
2020-05-10	15	0	18383956	63.89
2020-05-11	0	0	18383956	63.89
2020-05-12	174	0	18383956	63.89
2020-05-13	5	0	18383956	63.89
2020-05-14	208	0	18383956	63.89
2020-05-15	0	0	18383956	63.89
2020-05-16	25	0	18383956	63.89
2020-05-17	74	0	18383956	63.89
2020-05-18	8	0	18383956	63.89
2020-05-19	11	0	18383956	63.89
2020-05-20	60	0	18383956	63.89
2020-05-21	34	0	18383956	63.89
2020-05-22	54	0	18383956	63.89
2020-05-23	0	0	18383956	63.89
2020-05-24	0	0	18383956	63.89
2020-05-25	0	0	18383956	63.89
2020-05-26	0	0	18383956	63.89
2020-05-27	137	0	18383956	63.89
2020-05-28	0	0	18383956	63.89
2020-05-29	0	0	18383956	63.89
2020-05-30	0	0	18383956	63.89
2020-05-31	0	0	18383956	63.89
2020-06-01	32	0	18383956	63.89
2020-06-02	0	0	18383956	63.89
2020-06-03	0	0	18383956	63.89
2020-06-04	0	0	18383956	63.89
2020-06-05	0	0	18383956	63.89
2020-06-06	0	0	18383956	63.89
2020-06-07	0	0	18383956	63.89
2020-06-08	111	3	18383956	63.89
2020-06-09	0	0	18383956	63.89
2020-06-10	0	0	18383956	63.89
2020-06-11	0	0	18383956	63.89
2020-06-12	121	0	18383956	63.89
2020-06-13	36	0	18383956	63.89
2020-06-14	1	1	18383956	63.89
2020-06-15	24	0	18383956	63.89
2020-06-16	23	0	18383956	63.89
2020-06-17	7	0	18383956	63.89
2020-06-18	4	0	18383956	63.89
2020-06-19	14	0	18383956	63.89
2020-06-20	0	0	18383956	63.89
2020-06-21	0	0	18383956	63.89
2020-06-22	0	0	18383956	63.89
2020-06-23	47	7	18383956	63.89
2020-06-24	12	0	18383956	63.89
2020-06-25	8	0	18383956	63.89
2020-06-26	34	3	18383956	63.89
2020-06-27	0	0	18383956	63.89
2020-06-28	26	1	18383956	63.89
2020-06-29	11	0	18383956	63.89
2020-06-30	26	2	18383956	63.89
2020-07-01	38	6	18383956	63.89
2020-07-02	0	0	18383956	63.89
2020-07-03	0	0	18383956	63.89
2020-07-04	0	0	18383956	63.89
2020-07-05	0	0	18383956	63.89
2020-07-06	0	0	18383956	63.89
2020-07-07	263	12	18383956	63.89
2020-07-08	0	0	18383956	63.89
2020-07-09	0	0	18383956	63.89
2020-07-10	0	0	18383956	63.89
2020-07-11	0	0	18383956	63.89
2020-07-12	0	0	18383956	63.89
2020-07-13	0	0	18383956	63.89
2020-07-14	0	0	18383956	63.89
2020-07-15	0	0	18383956	63.89
2020-07-16	0	0	18383956	63.89
2020-07-17	915	67	18383956	63.89
2020-07-18	170	11	18383956	63.89
2020-07-19	0	0	18383956	63.89
2020-07-20	346	8	18383956	63.89
2020-07-21	60	0	18383956	63.89
2020-07-22	197	0	18383956	63.89
2020-07-23	206	6	18383956	63.89
2020-07-24	67	2	18383956	63.89
2020-07-25	472	3	18383956	63.89
2020-07-26	153	0	18383956	63.89
2020-07-27	71	1	18383956	63.89
2020-07-28	450	2	18383956	63.89
2020-07-29	247	4	18383956	63.89
2020-07-30	306	3	18383956	63.89
2020-07-31	408	2	18383956	63.89
2020-08-01	265	14	18383956	63.89
2020-08-02	119	5	18383956	63.89
2020-08-03	233	1	18383956	63.89
2020-08-04	213	2	18383956	63.89
2020-08-05	229	3	18383956	63.89
2020-08-06	142	23	18383956	63.89
2020-08-07	322	1	18383956	63.89
2020-08-08	417	3	18383956	63.89
2020-08-09	182	32	18383956	63.89
2020-08-10	125	6	18383956	63.89
2020-08-11	65	0	18383956	63.89
2020-08-12	226	5	18383956	63.89
2020-08-13	162	0	18383956	63.89
2020-08-14	358	10	18383956	63.89
2020-08-15	165	4	18383956	63.89
2020-08-16	157	0	18383956	63.89
2020-08-17	496	4	18383956	63.89
2020-08-18	142	0	18383956	63.89
2020-08-19	237	5	18383956	63.89
2020-08-20	154	5	18383956	63.89
2020-08-21	255	3	18383956	63.89
2020-08-22	204	2	18383956	63.89
2020-08-23	251	1	18383956	63.89
2020-08-24	66	0	18383956	63.89
2020-08-25	137	2	18383956	63.89
2020-08-26	91	0	18383956	63.89
2020-08-27	225	0	18383956	63.89
2020-08-28	178	1	18383956	63.89
2020-08-29	123	1	18383956	63.89
2020-08-30	123	3	18383956	63.89
2020-08-31	72	1	18383956	63.89
2020-09-01	284	2	18383956	63.89
2020-09-02	34	2	18383956	63.89
2020-09-03	108	0	18383956	63.89
2020-09-04	116	0	18383956	63.89
2020-09-05	70	0	18383956	63.89
2020-09-06	67	3	18383956	63.89
2020-09-07	60	0	18383956	63.89
2020-09-08	116	2	18383956	63.89
2020-09-09	160	3	18383956	63.89
2020-09-10	102	0	18383956	63.89
2020-09-11	109	6	18383956	63.89
2020-09-12	143	6	18383956	63.89
2020-09-13	73	0	18383956	63.89
2020-09-14	181	8	18383956	63.89
2020-09-15	99	4	18383956	63.89
2020-09-16	68	2	18383956	63.89
2020-09-17	41	0	18383956	63.89
2020-09-18	94	3	18383956	63.89
2020-09-19	48	1	18383956	63.89
2020-09-20	61	0	18383956	63.89
2020-09-21	44	1	18383956	63.89
2020-09-22	214	0	18383956	63.89
2020-09-23	54	1	18383956	63.89
2020-09-24	48	0	18383956	63.89
2020-09-25	24	0	18383956	63.89
2020-09-26	97	0	18383956	63.89
2020-09-27	29	0	18383956	63.89
2020-09-28	19	0	18383956	63.89
2020-09-29	55	0	18383956	63.89
2020-09-30	44	0	18383956	63.89
2020-10-01	43	1	18383956	63.89
2020-10-02	28	0	18383956	63.89
2020-10-03	144	0	18383956	63.89
2020-10-04	78	0	18383956	63.89
2020-10-05	37	1	18383956	63.89
2020-10-06	81	1	18383956	63.89
2020-10-07	54	0	18383956	63.89
2020-10-08	77	0	18383956	63.89
2020-10-09	38	1	18383956	63.89
2020-10-10	76	1	18383956	63.89
2020-10-11	43	0	18383956	63.89
2020-10-12	91	8	18383956	63.89
2020-10-13	38	0	18383956	63.89
2020-10-14	29	0	18383956	63.89
2020-10-15	43	1	18383956	63.89
2020-10-16	0	0	18383956	63.89
2020-10-17	130	0	18383956	63.89
2020-10-18	64	0	18383956	63.89
2020-10-19	44	0	18383956	63.89
2020-10-20	85	0	18383956	63.89
2020-10-21	18	0	18383956	63.89
2020-10-22	35	0	18383956	63.89
2020-10-23	60	0	18383956	63.89
2020-10-24	22	2	18383956	63.89
2020-10-25	0	0	18383956	63.89
2020-10-26	83	0	18383956	63.89
2020-10-27	43	0	18383956	63.89
2020-10-28	42	0	18383956	63.89
2020-10-29	40	0	18383956	63.89
2020-10-30	90	1	18383956	63.89
2020-10-31	17	0	18383956	63.89
2020-11-01	48	0	18383956	63.89
2020-11-02	63	0	18383956	63.89
2020-11-03	118	0	18383956	63.89
2020-11-04	37	0	18383956	63.89
2020-11-05	72	0	18383956	63.89
2020-11-06	49	0	18383956	63.89
2020-11-07	89	0	18383956	63.89
2020-11-08	46	0	18383956	63.89
2020-11-09	17	0	18383956	63.89
2020-11-10	26	1	18383956	63.89
2020-11-11	39	0	18383956	63.89
2020-11-12	20	0	18383956	63.89
2020-11-13	37	0	18383956	63.89
2020-11-14	4	0	18383956	63.89
2020-11-15	26	3	18383956	63.89
2020-11-16	64	0	18383956	63.89
2020-11-17	56	0	18383956	63.89
2020-11-18	37	3	18383956	63.89
2020-11-19	70	0	18383956	63.89
2020-11-20	23	0	18383956	63.89
2020-11-21	21	0	18383956	63.89
2020-11-22	30	1	18383956	63.89
2020-11-23	30	0	18383956	63.89
2020-11-24	12	0	18383956	63.89
2020-11-25	69	0	18383956	63.89
2020-11-26	18	0	18383956	63.89
2020-11-27	16	0	18383956	63.89
2020-11-28	20	0	18383956	63.89
2020-11-29	19	0	18383956	63.89
2020-11-30	39	0	18383956	63.89
2020-12-01	18	0	18383956	63.89
2020-12-02	35	0	18383956	63.89
2020-12-03	30	0	18383956	63.89
2020-12-04	127	7	18383956	63.89
2020-12-05	41	0	18383956	63.89
2020-12-06	18	0	18383956	63.89
2020-12-07	15	0	18383956	63.89
2020-12-08	32	0	18383956	63.89
2020-12-09	99	0	18383956	63.89
2020-12-10	29	0	18383956	63.89
2020-12-11	70	1	18383956	63.89
2020-12-12	56	1	18383956	63.89
2020-12-13	57	1	18383956	63.89
2020-12-14	48	0	18383956	63.89
2020-12-15	106	1	18383956	63.89
2020-12-16	28	1	18383956	63.89
2020-12-17	48	0	18383956	63.89
2020-12-18	71	4	18383956	63.89
2020-12-19	45	0	18383956	63.89
2020-12-20	96	0	18383956	63.89
2020-12-21	52	2	18383956	63.89
2020-12-22	113	4	18383956	63.89
2020-12-23	241	1	18383956	63.89
2020-12-24	112	1	18383956	63.89
2020-12-25	337	0	18383956	63.89
2020-12-26	100	1	18383956	63.89
2020-12-27	163	1	18383956	63.89
2020-12-28	109	1	18383956	63.89
2020-12-29	234	1	18383956	63.89
2020-12-30	285	1	18383956	63.89
2020-12-31	263	2	18383956	63.89
2021-01-01	272	2	18383956	63.89
2021-01-02	233	2	18383956	63.89
2021-01-03	352	2	18383956	63.89
2021-01-04	411	4	18383956	63.89
2021-01-05	652	14	18383956	63.89
2021-01-06	850	5	18383956	63.89
2021-01-07	802	6	18383956	63.89
2021-01-08	1029	18	18383956	63.89
2021-01-09	1241	23	18383956	63.89
2021-01-10	1161	5	18383956	63.89
2021-01-11	868	2	18383956	63.89
2021-01-12	1161	24	18383956	63.89
2021-01-13	1343	14	18383956	63.89
2021-01-14	1700	5	18383956	63.89
2021-01-15	1478	13	18383956	63.89
2021-01-16	1796	10	18383956	63.89
2021-01-17	1531	9	18383956	63.89
2021-01-18	602	13	18383956	63.89
2021-01-19	1308	19	18383956	63.89
2021-01-20	1434	7	18383956	63.89
2021-01-21	1264	12	18383956	63.89
2021-01-22	1120	13	18383956	63.89
2021-01-23	1259	17	18383956	63.89
2021-01-24	745	12	18383956	63.89
2021-01-25	809	21	18383956	63.89
2021-01-26	1476	12	18383956	63.89
2021-01-27	1289	16	18383956	63.89
2021-01-28	1408	17	18383956	63.89
2021-01-29	1305	23	18383956	63.89
2021-01-30	1728	17	18383956	63.89
2021-01-31	865	18	18383956	63.89
2021-02-01	825	17	18383956	63.89
2021-02-02	1191	14	18383956	63.89
2021-02-03	1256	10	18383956	63.89
2021-02-04	1514	8	18383956	63.89
2021-02-05	1424	16	18383956	63.89
2021-02-06	1000	11	18383956	63.89
2021-02-07	1206	14	18383956	63.89
2021-02-08	940	16	18383956	63.89
2021-02-09	1037	12	18383956	63.89
2021-02-10	963	20	18383956	63.89
2021-02-11	1025	13	18383956	63.89
2021-02-12	1083	17	18383956	63.89
2021-02-13	773	9	18383956	63.89
2021-02-14	983	11	18383956	63.89
2021-02-15	811	8	18383956	63.89
2021-02-16	575	15	18383956	63.89
2021-02-17	854	9	18383956	63.89
2021-02-18	790	8	18383956	63.89
2021-02-19	736	11	18383956	63.89
2021-02-20	691	14	18383956	63.89
2021-02-21	609	4	18383956	63.89
2021-02-22	524	11	18383956	63.89
2021-02-23	555	9	18383956	63.89
2021-02-24	902	11	18383956	63.89
2021-02-25	687	8	18383956	63.89
2021-02-26	468	7	18383956	63.89
2021-02-27	563	15	18383956	63.89
2021-02-28	332	10	18383956	63.89
2021-03-01	468	7	18383956	63.89
2021-03-02	555	6	18383956	63.89
2021-03-03	533	4	18383956	63.89
2021-03-04	597	1	18383956	63.89
2021-03-05	654	4	18383956	63.89
2021-03-06	670	3	18383956	63.89
2021-03-07	410	8	18383956	63.89
2021-03-08	234	8	18383956	63.89
2021-03-09	242	5	18383956	63.89
2021-03-10	436	3	18383956	63.89
2021-03-11	580	8	18383956	63.89
2021-03-12	327	1	18383956	63.89
2021-03-13	234	4	18383956	63.89
2021-03-14	323	5	18383956	63.89
2021-03-15	153	6	18383956	63.89
2021-03-16	290	3	18383956	63.89
2021-03-17	262	3	18383956	63.89
2021-03-18	387	5	18383956	63.89
2021-03-19	170	3	18383956	63.89
2021-03-20	214	0	18383956	63.89
2021-03-21	176	1	18383956	63.89
