2020-03-20	1	0	14862927	61.49
2020-03-21	2	0	14862927	61.49
2020-03-22	0	0	14862927	61.49
2020-03-23	0	1	14862927	61.49
2020-03-24	0	0	14862927	61.49
2020-03-25	0	0	14862927	61.49
2020-03-26	0	0	14862927	61.49
2020-03-27	2	0	14862927	61.49
2020-03-28	2	0	14862927	61.49
2020-03-29	0	0	14862927	61.49
2020-03-30	0	0	14862927	61.49
2020-03-31	1	0	14862927	61.49
2020-04-01	0	0	14862927	61.49
2020-04-02	1	0	14862927	61.49
2020-04-03	0	0	14862927	61.49
2020-04-04	0	0	14862927	61.49
2020-04-05	0	0	14862927	61.49
2020-04-06	1	0	14862927	61.49
2020-04-07	1	1	14862927	61.49
2020-04-08	0	1	14862927	61.49
2020-04-09	0	0	14862927	61.49
2020-04-10	2	0	14862927	61.49
2020-04-11	1	0	14862927	61.49
2020-04-12	0	0	14862927	61.49
2020-04-13	3	0	14862927	61.49
2020-04-14	0	0	14862927	61.49
2020-04-15	6	0	14862927	61.49
2020-04-16	0	0	14862927	61.49
2020-04-17	1	0	14862927	61.49
2020-04-18	1	0	14862927	61.49
2020-04-19	0	0	14862927	61.49
2020-04-20	0	0	14862927	61.49
2020-04-21	3	0	14862927	61.49
2020-04-22	0	1	14862927	61.49
2020-04-23	0	0	14862927	61.49
2020-04-24	1	0	14862927	61.49
2020-04-25	2	0	14862927	61.49
2020-04-26	0	0	14862927	61.49
2020-04-27	1	0	14862927	61.49
2020-04-28	0	0	14862927	61.49
2020-04-29	0	0	14862927	61.49
2020-04-30	8	0	14862927	61.49
2020-05-01	0	0	14862927	61.49
2020-05-02	-6	0	14862927	61.49
2020-05-03	0	0	14862927	61.49
2020-05-04	0	0	14862927	61.49
2020-05-05	0	0	14862927	61.49
2020-05-06	0	0	14862927	61.49
2020-05-07	0	0	14862927	61.49
2020-05-08	0	0	14862927	61.49
2020-05-09	1	0	14862927	61.49
2020-05-10	1	0	14862927	61.49
2020-05-11	0	0	14862927	61.49
2020-05-12	0	0	14862927	61.49
2020-05-13	1	0	14862927	61.49
2020-05-14	0	0	14862927	61.49
2020-05-15	5	0	14862927	61.49
2020-05-16	0	0	14862927	61.49
2020-05-17	2	0	14862927	61.49
2020-05-18	2	0	14862927	61.49
2020-05-19	0	0	14862927	61.49
2020-05-20	2	0	14862927	61.49
2020-05-21	3	0	14862927	61.49
2020-05-22	0	0	14862927	61.49
2020-05-23	5	0	14862927	61.49
2020-05-24	0	0	14862927	61.49
2020-05-25	0	0	14862927	61.49
2020-05-26	0	0	14862927	61.49
2020-05-27	76	0	14862927	61.49
2020-05-28	17	0	14862927	61.49
2020-05-29	0	0	14862927	61.49
2020-05-30	25	0	14862927	61.49
2020-05-31	4	0	14862927	61.49
2020-06-01	25	0	14862927	61.49
2020-06-02	3	0	14862927	61.49
2020-06-03	16	0	14862927	61.49
2020-06-04	15	0	14862927	61.49
2020-06-05	28	0	14862927	61.49
2020-06-06	14	0	14862927	61.49
2020-06-07	3	0	14862927	61.49
2020-06-08	5	0	14862927	61.49
2020-06-09	27	0	14862927	61.49
2020-06-10	6	0	14862927	61.49
2020-06-11	12	0	14862927	61.49
2020-06-12	11	0	14862927	61.49
2020-06-13	13	0	14862927	61.49
2020-06-14	27	0	14862927	61.49
2020-06-15	4	0	14862927	61.49
2020-06-16	4	0	14862927	61.49
2020-06-17	10	0	14862927	61.49
2020-06-18	62	0	14862927	61.49
2020-06-19	16	0	14862927	61.49
2020-06-20	0	0	14862927	61.49
2020-06-21	10	2	14862927	61.49
2020-06-22	23	0	14862927	61.49
2020-06-23	13	0	14862927	61.49
2020-06-24	5	0	14862927	61.49
2020-06-25	21	0	14862927	61.49
2020-06-26	10	0	14862927	61.49
2020-06-27	6	0	14862927	61.49
2020-06-28	0	0	14862927	61.49
2020-06-29	7	1	14862927	61.49
2020-06-30	17	0	14862927	61.49
2020-07-01	14	0	14862927	61.49
2020-07-02	12	0	14862927	61.49
2020-07-03	8	0	14862927	61.49
2020-07-04	73	1	14862927	61.49
2020-07-05	18	0	14862927	61.49
2020-07-06	18	1	14862927	61.49
2020-07-07	53	0	14862927	61.49
2020-07-08	98	0	14862927	61.49
2020-07-09	0	0	14862927	61.49
2020-07-10	57	4	14862927	61.49
2020-07-11	40	5	14862927	61.49
2020-07-12	3	0	14862927	61.49
2020-07-13	49	1	14862927	61.49
2020-07-14	30	1	14862927	61.49
2020-07-15	25	0	14862927	61.49
2020-07-16	273	3	14862927	61.49
2020-07-17	58	1	14862927	61.49
2020-07-18	58	1	14862927	61.49
2020-07-19	133	0	14862927	61.49
2020-07-20	102	1	14862927	61.49
2020-07-21	107	0	14862927	61.49
2020-07-22	214	0	14862927	61.49
2020-07-23	90	2	14862927	61.49
2020-07-24	172	4	14862927	61.49
2020-07-25	138	2	14862927	61.49
2020-07-26	78	0	14862927	61.49
2020-07-27	192	2	14862927	61.49
2020-07-28	113	4	14862927	61.49
2020-07-29	62	1	14862927	61.49
2020-07-30	213	12	14862927	61.49
2020-07-31	77	14	14862927	61.49
2020-08-01	490	2	14862927	61.49
2020-08-02	262	1	14862927	61.49
2020-08-03	154	10	14862927	61.49
2020-08-04	146	1	14862927	61.49
2020-08-05	0	0	14862927	61.49
2020-08-06	118	3	14862927	61.49
2020-08-07	112	18	14862927	61.49
2020-08-08	124	0	14862927	61.49
2020-08-09	74	2	14862927	61.49
2020-08-10	99	0	14862927	61.49
2020-08-11	70	0	14862927	61.49
2020-08-12	75	18	14862927	61.49
2020-08-13	97	6	14862927	61.49
2020-08-14	82	0	14862927	61.49
2020-08-15	104	2	14862927	61.49
2020-08-16	85	2	14862927	61.49
2020-08-17	47	3	14862927	61.49
2020-08-18	70	6	14862927	61.49
2020-08-19	265	9	14862927	61.49
2020-08-20	102	1	14862927	61.49
2020-08-21	70	1	14862927	61.49
2020-08-22	78	1	14862927	61.49
2020-08-23	37	2	14862927	61.49
2020-08-24	140	0	14862927	61.49
2020-08-25	126	11	14862927	61.49
2020-08-26	55	13	14862927	61.49
2020-08-27	41	10	14862927	61.49
2020-08-28	96	6	14862927	61.49
2020-08-29	18	1	14862927	61.49
2020-08-30	6	0	14862927	61.49
2020-08-31	85	6	14862927	61.49
2020-09-01	62	1	14862927	61.49
2020-09-02	79	3	14862927	61.49
2020-09-03	40	0	14862927	61.49
2020-09-04	159	0	14862927	61.49
2020-09-05	0	0	14862927	61.49
2020-09-06	0	0	14862927	61.49
2020-09-07	461	4	14862927	61.49
2020-09-08	90	8	14862927	61.49
2020-09-09	41	4	14862927	61.49
2020-09-10	24	0	14862927	61.49
2020-09-11	26	2	14862927	61.49
2020-09-12	29	0	14862927	61.49
2020-09-13	18	0	14862927	61.49
2020-09-14	5	0	14862927	61.49
2020-09-15	45	0	14862927	61.49
2020-09-16	22	0	14862927	61.49
2020-09-17	35	0	14862927	61.49
2020-09-18	14	0	14862927	61.49
2020-09-19	25	1	14862927	61.49
2020-09-20	11	0	14862927	61.49
2020-09-21	0	0	14862927	61.49
2020-09-22	28	1	14862927	61.49
2020-09-23	14	1	14862927	61.49
2020-09-24	27	0	14862927	61.49
2020-09-25	35	0	14862927	61.49
2020-09-26	16	0	14862927	61.49
2020-09-27	9	0	14862927	61.49
2020-09-28	4	1	14862927	61.49
2020-09-29	21	0	14862927	61.49
2020-09-30	1	0	14862927	61.49
2020-10-01	12	0	14862927	61.49
2020-10-02	8	0	14862927	61.49
2020-10-03	27	0	14862927	61.49
2020-10-04	3	0	14862927	61.49
2020-10-05	10	0	14862927	61.49
2020-10-06	17	1	14862927	61.49
2020-10-07	4	0	14862927	61.49
2020-10-08	32	0	14862927	61.49
2020-10-09	43	0	14862927	61.49
2020-10-10	16	1	14862927	61.49
2020-10-11	1	0	14862927	61.49
2020-10-12	10	0	14862927	61.49
2020-10-13	15	0	14862927	61.49
2020-10-14	19	1	14862927	61.49
2020-10-15	20	0	14862927	61.49
2020-10-16	24	0	14862927	61.49
2020-10-17	11	0	14862927	61.49
2020-10-18	37	0	14862927	61.49
2020-10-19	12	1	14862927	61.49
2020-10-20	28	1	14862927	61.49
2020-10-21	28	3	14862927	61.49
2020-10-22	27	0	14862927	61.49
2020-10-23	15	0	14862927	61.49
2020-10-24	12	0	14862927	61.49
2020-10-25	7	1	14862927	61.49
2020-10-26	27	5	14862927	61.49
2020-10-27	12	0	14862927	61.49
2020-10-28	5	0	14862927	61.49
2020-10-29	29	0	14862927	61.49
2020-10-30	13	0	14862927	61.49
2020-10-31	5	1	14862927	61.49
2020-11-01	7	0	14862927	61.49
2020-11-02	15	2	14862927	61.49
2020-11-03	21	1	14862927	61.49
2020-11-04	17	2	14862927	61.49
2020-11-05	17	0	14862927	61.49
2020-11-06	27	2	14862927	61.49
2020-11-07	27	1	14862927	61.49
2020-11-08	33	2	14862927	61.49
2020-11-09	30	1	14862927	61.49
2020-11-10	49	1	14862927	61.49
2020-11-11	57	0	14862927	61.49
2020-11-12	29	0	14862927	61.49
2020-11-13	69	2	14862927	61.49
2020-11-14	21	0	14862927	61.49
2020-11-15	43	0	14862927	61.49
2020-11-16	68	0	14862927	61.49
2020-11-17	48	3	14862927	61.49
2020-11-18	36	1	14862927	61.49
2020-11-19	65	4	14862927	61.49
2020-11-20	74	0	14862927	61.49
2020-11-21	52	0	14862927	61.49
2020-11-22	48	3	14862927	61.49
2020-11-23	88	5	14862927	61.49
2020-11-24	90	1	14862927	61.49
2020-11-25	110	0	14862927	61.49
2020-11-26	115	0	14862927	61.49
2020-11-27	91	1	14862927	61.49
2020-11-28	108	0	14862927	61.49
2020-11-29	0	0	14862927	61.49
2020-11-30	128	1	14862927	61.49
2020-12-01	179	1	14862927	61.49
2020-12-02	0	0	14862927	61.49
2020-12-03	295	3	14862927	61.49
2020-12-04	123	1	14862927	61.49
2020-12-05	70	10	14862927	61.49
2020-12-06	101	0	14862927	61.49
2020-12-07	121	3	14862927	61.49
2020-12-08	73	9	14862927	61.49
2020-12-09	95	1	14862927	61.49
2020-12-10	74	1	14862927	61.49
2020-12-11	81	1	14862927	61.49
2020-12-12	57	1	14862927	61.49
2020-12-13	27	0	14862927	61.49
2020-12-14	112	2	14862927	61.49
2020-12-15	164	1	14862927	61.49
2020-12-16	227	3	14862927	61.49
2020-12-17	117	1	14862927	61.49
2020-12-18	181	2	14862927	61.49
2020-12-19	104	2	14862927	61.49
2020-12-20	174	2	14862927	61.49
2020-12-21	97	2	14862927	61.49
2020-12-22	122	4	14862927	61.49
2020-12-23	112	4	14862927	61.49
2020-12-24	130	9	14862927	61.49
2020-12-25	94	2	14862927	61.49
2020-12-26	83	0	14862927	61.49
2020-12-27	114	8	14862927	61.49
2020-12-28	71	5	14862927	61.49
2020-12-29	177	5	14862927	61.49
2020-12-30	300	1	14862927	61.49
2020-12-31	242	3	14862927	61.49
2021-01-01	217	6	14862927	61.49
2021-01-02	407	8	14862927	61.49
2021-01-03	774	3	14862927	61.49
2021-01-04	564	4	14862927	61.49
2021-01-05	1365	34	14862927	61.49
2021-01-06	610	13	14862927	61.49
2021-01-07	871	15	14862927	61.49
2021-01-08	985	22	14862927	61.49
2021-01-09	839	15	14862927	61.49
2021-01-10	978	24	14862927	61.49
2021-01-11	820	21	14862927	61.49
2021-01-12	942	23	14862927	61.49
2021-01-13	1017	38	14862927	61.49
2021-01-14	1112	47	14862927	61.49
2021-01-15	741	30	14862927	61.49
2021-01-16	772	17	14862927	61.49
2021-01-17	322	30	14862927	61.49
2021-01-18	689	60	14862927	61.49
2021-01-19	783	52	14862927	61.49
2021-01-20	733	54	14862927	61.49
2021-01-21	639	38	14862927	61.49
2021-01-22	476	45	14862927	61.49
2021-01-23	484	12	14862927	61.49
2021-01-24	313	31	14862927	61.49
2021-01-25	326	70	14862927	61.49
2021-01-26	358	28	14862927	61.49
2021-01-27	300	19	14862927	61.49
2021-01-28	342	38	14862927	61.49
2021-01-29	306	18	14862927	61.49
2021-01-30	321	15	14862927	61.49
2021-01-31	115	24	14862927	61.49
2021-02-01	160	17	14862927	61.49
2021-02-02	266	20	14862927	61.49
2021-02-03	150	15	14862927	61.49
2021-02-04	207	19	14862927	61.49
2021-02-05	160	15	14862927	61.49
2021-02-06	156	13	14862927	61.49
2021-02-07	65	10	14862927	61.49
2021-02-08	106	13	14862927	61.49
2021-02-09	123	14	14862927	61.49
2021-02-10	83	11	14862927	61.49
2021-02-11	0	0	14862927	61.49
2021-02-12	181	29	14862927	61.49
2021-02-13	59	5	14862927	61.49
2021-02-14	68	2	14862927	61.49
2021-02-15	50	10	14862927	61.49
2021-02-16	93	4	14862927	61.49
2021-02-17	108	4	14862927	61.49
2021-02-18	120	2	14862927	61.49
2021-02-19	167	10	14862927	61.49
2021-02-20	58	2	14862927	61.49
2021-02-21	28	4	14862927	61.49
2021-02-22	66	5	14862927	61.49
2021-02-23	48	7	14862927	61.49
2021-02-24	50	8	14862927	61.49
2021-02-25	34	2	14862927	61.49
2021-02-26	50	5	14862927	61.49
2021-02-27	14	0	14862927	61.49
2021-02-28	31	0	14862927	61.49
2021-03-01	26	5	14862927	61.49
2021-03-02	33	4	14862927	61.49
2021-03-03	31	6	14862927	61.49
2021-03-04	44	5	14862927	61.49
2021-03-05	25	1	14862927	61.49
2021-03-06	12	1	14862927	61.49
2021-03-07	11	0	14862927	61.49
2021-03-08	18	2	14862927	61.49
2021-03-09	32	2	14862927	61.49
2021-03-10	20	0	14862927	61.49
2021-03-11	36	3	14862927	61.49
2021-03-12	46	4	14862927	61.49
2021-03-13	48	5	14862927	61.49
2021-03-14	13	2	14862927	61.49
2021-03-15	20	1	14862927	61.49
2021-03-16	31	3	14862927	61.49
2021-03-17	17	1	14862927	61.49
2021-03-18	59	1	14862927	61.49
2021-03-19	41	1	14862927	61.49
2021-03-20	10	0	14862927	61.49
2021-03-21	3	2	14862927	61.49